 4.725594763 
 4.966593608 
 4.752398509 
 4.560433751 
 4.764440364 
 4.831930207 
 4.922116554 
 4.817467649 
 4.776042864 
 4.601959183 
 4.738705116 
 4.905892461 
 4.911743671 
 4.680387495 
 4.650341772 
 4.777917063 
 4.895174357 
 4.962658793 
 4.649224307 
 4.710801867 
 4.886817509 
 4.823675231 
 4.929677158 
 4.696701702 
  4.66750504 
 5.008132472 
 4.865554708 
 4.696196885 
 4.765860073 
 4.704832325 
 5.019868245 
 4.821144724 
  4.58962957 
 4.750784717 
  4.89087206 
 4.954002711 
 4.709891261 
 4.609310194 
 5.045909608 
  4.55043062 
 4.975448005 
 4.712164227 
 4.775151668 
 4.781489963 
 4.800510185 
 4.818923899 
 4.986118688 
 4.892799676 
  4.90880909 
 4.777421206 
 4.797664793 
 4.851594987 
 4.865628203 
 4.679487744 
 4.953262708 
 4.824932081 
 4.975717097 
   4.7638503 
 4.684549391 
  4.88245881 
