         180 0.02497624361 
         181 0.003315793971 
         182 -0.008760682355 
         183 0.006677926226 
         184 0.02192156001 
         185 0.01657879046 
         186 -0.01306155247 
         187 -0.006486767573 
         188 0.02657480264 
         189 -0.002401000745 
         190 -0.03962673982 
         191 -0.003246564421 
         192 0.02397913802 
         193 -0.02270773901 
         194 -0.03832476261 
         195 0.01968777406 
         196 0.02685454393 
         197 -0.01907647203 
         198 -0.008048208994 
         199 0.02965554092 
         200 0.01709051999 
         201 -0.008707850012 
         202 -0.005715705117 
         203 0.01257319028 
         204 0.01589345591 
         205 -0.02071415904 
         206 -0.0286096599 
         207 0.02167398694 
         208 0.01307757474 
         209 -0.04218970673 
         210 -0.01267107505 
         211 0.04240536623 
         212 0.002499242657 
         213 -0.03328820344 
         214  0.016486159 
         215 0.03530263216 
         216 -0.007126902354 
         217 -0.01222308445 
         218 0.01681026309 
         219 0.01877590925 
         220 -0.004983086561 
         221 -0.02388423241 
         222 0.001068463627 
         223 0.03047839205 
         224 -0.01223571078 
         225 -0.03984881573 
         226 0.01615850212 
         227 0.02813360336 
         228 -0.03384812121 
         229 -0.02452297093 
         230 0.03718588658 
         231 0.01260656731 
         232 -0.03522795676 
         233 0.001772821986 
         234 0.03763630616 
         235 0.01094050218 
         236 -0.007158566384 
         237 0.008582087825 
         238 0.02982324386 
         239 0.02005433446 
