         180 -0.02670015809 
         181 -0.03217021903 
         182 -0.03874972234 
         183 -0.04665965183 
         184 -0.05616264724 
         185 -0.06756907615 
         186 -0.0812424683 
         187 -0.09760286388 
         188 -0.1171254634 
         189 -0.1403301136 
         190 -0.1677542764 
         191 -0.1998981278 
         192 -0.2371256596 
         193 -0.2795023443 
         194 -0.3265535518 
         195 -0.3769501258 
         196 -0.4281837295 
         197 -0.4763907742 
         198 -0.5165790591 
         199 -0.5434827861 
         200 -0.5529759685 
         201 -0.543482786 
         202 -0.5165790587 
         203 -0.4763907747 
         204 -0.4281837292 
         205 -0.3769501257 
         206 -0.3265535515 
         207 -0.2795023436 
         208 -0.2371256608 
         209 -0.1998981276 
         210 -0.167754277 
         211 -0.1403301129 
         212 -0.1171254636 
         213 -0.09760286458 
         214 -0.08124246965 
         215 -0.06756907654 
         216 -0.05616264666 
         217 -0.04665965083 
         218 -0.03874972327 
         219 -0.03217021879 
         220 -0.02670015868 
         221 -0.02215428981 
         222 -0.0183776688 
         223 -0.01524089025 
         224 -0.01263598043 
         225 -0.01047293746 
         226 -0.008676812782 
         227 -0.007185275175 
         228 -0.005946550032 
         229 -0.004917694137 
         230 -0.004063112776 
         231 -0.003353303539 
         232 -0.002763783559 
         233 -0.002274184694 
         234 -0.001867499123 
         235 -0.001529491494 
         236 -0.001248216996 
         237 -0.001013676879 
         238 -0.0008175629002 
         239 -0.0006530629677 
