           1          104  120.2572831
           2          156  109.3336517
           3          256  107.8189772
           4          297  114.5174686
           5          379   108.611735
           6          419  80.99658155
           7          458  103.1007244
           8          525  104.7026832
           9          601  91.94141305
          10          664  106.2288703
          11          682  105.7632417
          12          750  106.8989061
          13          832  106.8010682
          14          895  110.1597439
          15          935  91.80597266
          16          996  111.2940689
