          20 0.01704120834          1.5 
          30 -0.007851331458          1.5 
          40 -0.02197246161          1.5 
          50 0.002153822801          1.5 
          60 0.02216874459          1.5 
          70 0.004478263968          1.5 
          80 -0.01954083183          1.5 
          90 -0.01269127749          1.5 
         100 0.01814336654          1.5 
         110 0.01555465557          1.5 
         120 -0.010403348          1.5 
         130 -0.02134589693          1.5 
         140 0.005602595272          1.5 
         150 0.02181899432          1.5 
         160 0.001798105855          1.5 
         170 -0.02073857698          1.5 
         180 -0.009826834738          1.5 
         190 0.01978648411          1.5 
         200 0.01348766842          1.5 
         210 -0.01269550294          1.5 
         220 -0.02027437962          1.5 
         230 0.00875516252          1.5 
         240 0.02108244174          1.5 
         250 -0.0008729246034          1.5 
         260 -0.02160698675          1.5 
         270 -0.006700565537          1.5 
         280 0.02102867984          1.5 
         290 0.01119502575          1.5 
         300 -0.01487436874          1.5 
         310 -0.01874879422          1.5 
         320 0.01173216883          1.5 
         330 0.01998966613          1.5 
         340 -0.003535621008          1.5 
         350 -0.02209366412          1.5 
         360 -0.003428784692          1.5 
         370 0.02181858599          1.5 
         380 0.008783990991          1.5 
         390 -0.01681342015          1.5 
         400 -0.01682076312          1.5 
         410 0.01440162804          1.5 
         420 0.01857961031          1.5 
         430 -0.006149970914          1.5 
         440 -0.02217867778          1.5 
         450 -5.697262763e-05          1.5 
         460 0.02217387575          1.5 
         470 0.006237521023          1.5 
         480 -0.01852689942          1.5 
         490 -0.01448905403          1.5 
         500 0.01674518305          1.5 
         510 0.0168799836          1.5 
         520 -0.00869421875          1.5 
         530 -0.0218388541          1.5 
         540 0.003308423878          1.5 
         550 0.02210437565          1.5 
         560 0.003629809367          1.5 
         570 -0.01994443983          1.5 
         580 -0.01182906528          1.5 
         590 0.01869010107          1.5 
         600 0.01494113672          1.5 
         610 -0.01111745868          1.5 
         620 -0.02106171622          1.5 
         630 0.006594000323          1.5 
         640 0.02162852954          1.5 
         650 0.0009638713445          1.5 
         660 -0.02105113766          1.5 
         670 -0.008867081375          1.5 
         680 0.02022592895          1.5 
         690 0.01278328555          1.5 
         700 -0.01340408218          1.5 
         710 -0.01984221347          1.5 
         720 0.009715097055          1.5 
         730 0.02077875556          1.5 
         740 -0.001704528328          1.5 
         750 -0.02179919605          1.5 
         760 -0.005700047131          1.5 
         770 0.02132026859          1.5 
         780 0.01046328948          1.5 
         790 -0.01549730212          1.5 
         800 -0.01819393424          1.5 
         810 0.01259494612          1.5 
         820 0.01958230952          1.5 
         830 -0.004357964283          1.5 
         840 -0.02216491384          1.5 
         850 -0.002377794849          1.5 
         860 0.02197668575          1.5 
         870 0.007994694292          1.5 
         880 -0.01738055781          1.5 
         890 -0.01612997869          1.5 
         900 0.01517466867          1.5 
         910 0.01807779738          1.5 
         920 -0.006953983276          1.5 
         930 -0.02211919444          1.5 
         940 0.0009933093332          1.5 
         950 0.02219726941          1.5 
         960 0.005435813727          1.5 
         970 -0.01899772938          1.5 
         980 -0.01369747135          1.5 
         990 0.01739253959          1.5 
        1000 0.01630097353          1.5 
        1010 -0.009462454275          1.5 
        1020 -0.02164352179          1.5 
        1030 0.004348463815          1.5 
        1040 0.02199724316          1.5 
        1050 0.002797209639          1.5 
        1060 -0.02032807501          1.5 
        1070 -0.0109289316          1.5 
        1080 0.01921719425          1.5 
        1090 0.01428709302          1.5 
        1100 -0.0118500248          1.5 
        1110 -0.02072854133          1.5 
