 0 0.2590006402
 1 0.5310600479
 2 1.194042909
 3 2.087467545
 4 0.9640375379
 5 0.3775125373
 6 0.4360704285
 7 0.2350957639
 8 0.2258148016
 9 0.9366623374
 10 1.238989464
 11 0.3282024791
 12 0.4938806887
 13 1.681696148
 14 1.80449487
 15 1.029442558
 16 0.3618996465
 17 1.194142426
 18 1.141892396
 19 0.205879682
 20 0.2175196074
 21 0.4978935159
 22 0.5512750554
 23 0.4146310706
 24 0.5299935611
 25 0.9706524739
 26 2.927255176
 27 0.6768658648
 28 1.344792005
 29 0.04001068267
 30 0.533477089
 31 1.063083598
 32 0.2585085776
 33 0.0913883433
 34 0.4722579643
 35 0.6248911292
 36 0.3415190018
 37 1.418936945
 38 0.4204786542
 39 0.1787831798
 40 0.1865347163
 41 0.6104790095
 42 2.607852816
 43 0.8180084982
 44 0.5733079729
 45 1.742854492
 46 0.592403545
 47 0.03917771256
 48 0.3096828562
 49 0.1933630573
 50 0.1593320546
 51 0.2932412647
 52 0.3418773634
 53 1.627382139
 54 1.919426804
 55 1.52610405
 56 0.2997785356
 57 0.1399530368
 58 0.2532916193
 59 2.149449608
 60 2.276797361
 61 1.90713644
 62 0.9643477385
 63 0.1725427116
 64 1.044634712
 65 1.933907152
 66 6.694218026
 67 0.5400389993
 68 0.998451443
 69 0.8905562503
 70 1.036263405
 71 0.2661443479
 72 0.3594958485
 73 0.7641321519
 74 0.3677003552
 75 0.5478931385
 76 0.882351899
 77 0.2237602898
 78 0.1700698374
 79 0.07976934294
 80 1.672646421
 81 0.5137397586
 82 0.440174819
 83 0.1133395942
 84 2.829971523
 85 1.677958084
 86 1.123664315
 87 0.1965490042
 88 0.08923398018
 89 0.2541921632
 90 0.163611767
 91 0.3403649151
 92 0.7636425661
 93 0.3834686982
 94 1.048565051
 95 0.610973523
 96 0.5415218152
 97 0.8897903259
 98 2.578299554
 99 3.522568101
 100 1.466196392
 101 1.692715769
 102 2.83723538
 103 13.70985708
 104 92.6536514
 105 7.561406344
 106 0.3362207102
 107 0.4365012818
 108 0.932305149
 109 1.161513381
 110 0.3837101111
 111 0.244102088
 112 1.224432718
 113 0.6678251471
 114 1.569212439
 115 0.6287167165
 116 0.2142161459
 117 0.8201609206
 118 2.840298519
 119 1.710659908
 120 0.2772734722
 121 0.5692369195
 122 2.421955397
 123 1.948676704
 124 0.6593988588
 125 1.416557118
 126 1.368540539
 127 0.5734979928
 128 0.175089652
 129 0.4591583544
 130 0.4233805669
 131 0.8598949668
 132 1.21190795
 133 1.676563119
 134 1.154260162
 135 0.7225074475
 136 0.1405313641
 137 0.6922829263
 138 0.6680547418
 139 0.5829716384
 140 1.636134394
 141 1.079955705
 142 2.189901589
 143 0.7678585167
 144 1.13891006
 145 1.931651371
 146 0.2094370487
 147 1.005079676
 148 0.2230024713
 149 0.4763972857
 150 0.2102206893
 151 0.5401907817
 152 0.1601015372
 153 0.7720350256
 154 0.761456463
 155 6.887795887
 156 94.61952572
 157 6.627641958
 158 0.2929293654
 159 0.1443022937
 160 0.7377660489
 161 0.3708025286
 162 0.291007294
 163 1.895238516
 164 1.207610246
 165 0.3398235046
 166 1.155578584
 167 0.4876581953
 168 0.5748073266
 169 0.3189696618
 170 0.02002201399
 171 1.628725125
 172 0.8361064616
 173 0.2133430115
 174 1.254746382
 175 2.360330481
 176 1.408999297
 177 1.12771734
 178 1.130836871
 179 0.7777721853
 180 0.9307716531
 181 0.3788391901
 182 0.6152220308
 183 0.3530055612
 184 0.3760632972
 185 0.6988108071
 186 0.4735903855
 187 0.196646125
 188 0.4058750533
 189 0.4920517611
 190 0.2003861028
 191 0.1469375767
 192 0.3226688706
 193 0.272790836
 194 0.5327053791
 195 0.6999532826
 196 0.986686074
 197 0.04886177468
 198 0.1727810008
 199 1.643802464
 200 0.7851275693
 201 0.4282536672
 202 1.36701378
 203 0.6406561365
 204 0.4307096532
 205 1.301732248
 206 0.7530352134
 207 0.382137191
 208 3.826532736
 209 1.309291277
 210 0.6457576609
 211 0.6955598287
 212 0.4654988517
 213 0.5087533973
 214 0.4711910359
 215 0.4722217065
 216 2.905440756
 217 1.202407747
 218 0.5820506517
 219 0.3266251812
 220 0.1132126202
 221 1.193093207
 222 1.366335875
 223 1.467308062
 224 0.8570489719
 225 0.5801675595
 226 0.1435748167
 227 1.233306648
 228 1.191147344
 229 0.6016783839
 230 0.6274903205
 231 4.149017285
 232 2.918249737
 233 3.520486836
 234 0.6514195891
 235 1.076704494
 236 3.130490326
 237 0.5777864751
 238 0.5260363229
 239 0.3538328447
 240 0.5688440371
 241 1.11398241
 242 0.1614458074
 243 0.722339946
 244 2.833173441
 245 4.433964426
 246 0.9195344375
 247 0.05972961585
 248 0.4195476851
 249 0.3830733523
 250 2.984870416
 251 0.4248443672
 252 0.3457406848
 253 0.9543440876
 254 0.7740250846
 255 6.526623309
 256 92.10122491
 257 7.525426828
 258 0.8916771133
 259 2.777578433
 260 1.232936845
 261 0.8837350233
 262 0.0679767114
 263 1.189457137
 264 1.938179189
 265 1.514441482
 266 0.4822323027
 267 0.173316634
 268 0.2775542555
 269 0.4929314159
 270 0.4515723095
 271 0.1698648678
 272 0.3048081053
 273 2.752732965
 274 2.849081713
 275 1.437531297
 276 0.4537092256
 277 1.278723089
 278 0.4403775369
 279 0.1682581759
 280 2.753201766
 281 3.007430367
 282 2.491662001
 283 2.231252098
 284 3.824626725
 285 0.8054596722
 286 0.7170251991
 287 0.3411632941
 288 1.003479246
 289 0.9891801957
 290 0.5003093376
 291 2.026076972
 292 1.409670443
 293 0.01368096157
 294 0.1917605646
 295 0.06016299046
 296 3.222312258
 297 103.2524638
 298 6.259426023
 299 1.212576183
 300 0.5105272991
 301 0.8748264191
 302 2.889194748
 303 2.370818436
 304 0.2448613547
 305 0.1399922661
 306 0.3535667437
 307 2.489555021
 308 1.910297094
 309 4.903601036
 310 0.2333482417
 311 0.1809668748
 312 5.211191884
 313 4.199076146
 314 0.4387657111
 315 0.7177632853
 316 3.114862539
 317 0.939444266
 318 0.7110185147
 319 0.526981074
 320 0.4922042349
 321 0.1182282843
 322 3.102551132
 323 1.816684954
 324 0.4764680801
 325 0.6394200622
 326 0.706124172
 327 3.820479159
 328 2.946730305
 329 0.7209238911
 330 2.296457741
 331 0.812000528
 332 0.1463046096
 333 0.2830264769
 334 0.2806165808
 335 0.3301228128
 336 0.5848143862
 337 1.204242397
 338 4.195717758
 339 1.221463737
 340 0.6612561614
 341 0.3246095459
 342 1.822338008
 343 4.410219403
 344 1.288016802
 345 1.117033138
 346 1.388723802
 347 0.1657428494
 348 0.3137197418
 349 1.884402801
 350 1.151255521
 351 0.7314065833
 352 0.1343903606
 353 0.3865429076
 354 0.3892922166
 355 0.3450311066
 356 0.9881779628
 357 1.842606999
 358 1.822784658
 359 0.2451822419
 360 0.05603760479
 361 0.5521012278
 362 0.6967917113
 363 3.153168126
 364 1.437826725
 365 0.3876778928
 366 1.042107532
 367 0.7812016602
 368 0.2729215059
 369 0.5839598786
 370 1.481924407
 371 0.9798562865
 372 0.4050230573
 373 0.7940424136
 374 0.7272158763
 375 0.4070599119
 376 0.3981873094
 377 2.123292269
 378 2.123610044
 379 97.71288437
 380 4.790001447
 381 0.9320869317
 382 0.3786428177
 383 0.1530297834
 384 0.792494699
 385 1.800595372
 386 0.5623173981
 387 1.341327007
 388 0.1922286291
 389 0.2363439212
 390 0.5373775698
 391 0.09659651439
 392 0.2819523292
 393 0.505631769
 394 0.9046644945
 395 0.1688757734
 396 0.6919273429
 397 0.7322607728
 398 1.146091508
 399 1.271460917
 400 0.4726769202
 401 1.085109689
 402 1.578387426
 403 1.374697566
 404 1.092171779
 405 1.46868631
 406 2.348641835
 407 0.2891332438
 408 0.7735266728
 409 0.5649591618
 410 0.3700142669
 411 1.057754007
 412 1.522160309
 413 1.120694073
 414 0.3228771633
 415 0.8876228478
 416 1.359065176
 417 0.2833138726
 418 3.439609601
 419 52.66894637
 420 21.12274751
 421 3.300613398
 422 0.123659365
 423 0.05769143464
 424 0.1980637676
 425 0.30000811
 426 0.1659361214
 427 0.4559256633
 428 0.07453339978
 429 0.3711016135
 430 0.2271788054
 431 1.690608175
 432 3.647080043
 433 0.9004288468
 434 1.710371823
 435 0.5778925453
 436 1.307377118
 437 0.6498977621
 438 1.339486091
 439 0.5547841246
 440 0.2954176715
 441 0.06243373677
 442 0.07063925442
 443 1.093004497
 444 0.2086862029
 445 0.9956730382
 446 2.076175781
 447 2.486366326
 448 3.187842638
 449 0.1876234199
 450 0.05535782251
 451 0.4475403556
 452 0.1288587816
 453 0.7601916752
 454 2.073022003
 455 0.8257518007
 456 1.206667647
 457 8.332898597
 458 82.80911432
 459 6.841327692
 460 0.9789596922
 461 0.8784089973
 462 0.743209787
 463 0.4843859005
 464 0.6662270604
 465 0.8973349656
 466 0.994268125
 467 1.65398549
 468 1.679747519
 469 3.222428554
 470 0.8002459995
 471 0.3145492221
 472 1.383442195
 473 0.3142894656
 474 0.6361965843
 475 0.05921156886
 476 1.977591332
 477 0.9276031144
 478 0.3557432934
 479 0.08091952045
 480 0.6328567619
 481 1.322113606
 482 0.6523938969
 483 0.1759477638
 484 0.6263481226
 485 0.9139699241
 486 1.613910344
 487 0.3191363616
 488 0.6896479225
 489 0.3811368201
 490 0.1687422944
 491 0.4320447388
 492 0.3160937767
 493 0.1868993873
 494 0.4903336213
 495 0.2664976443
 496 0.114948712
 497 0.1780145114
 498 0.6316639135
 499 0.6824313276
 500 0.6927240262
 501 0.679515598
 502 1.684634579
 503 1.966387125
 504 0.6635271312
 505 1.898272482
 506 0.2449346872
 507 0.9965215565
 508 0.3182293877
 509 1.668454666
 510 1.77813364
 511 0.4067462352
 512 0.7024839504
 513 0.8765399622
 514 0.5024836223
 515 0.1058244447
 516 0.08842601701
 517 0.137114496
 518 2.893378864
 519 1.324727416
 520 0.2605766063
 521 0.2038672311
 522 0.942514121
 523 1.434408997
 524 5.344886921
 525 95.7637843
 526 0.9071989642
 527 0.1060226474
 528 0.2697604853
 529 1.271409309
 530 0.9946518539
 531 2.853358723
 532 1.351316549
 533 3.260460615
 534 0.3628096261
 535 0.3790635783
 536 1.031353951
 537 1.101998267
 538 0.5415087168
 539 0.171814165
 540 0.4507063186
 541 0.3000609834
 542 0.4820095394
 543 1.425773021
 544 0.7285605203
 545 0.5479165256
 546 0.2658736909
 547 0.2970268764
 548 0.81043564
 549 0.4174421539
 550 0.5244508827
 551 0.8306593526
 552 0.9410534048
 553 0.8697005214
 554 1.464822789
 555 1.309785739
 556 2.419461783
 557 1.150516701
 558 0.4198877567
 559 0.2183207454
 560 0.4618694748
 561 0.3988297213
 562 0.1712297108
 563 0.2107491933
 564 1.376511294
 565 0.2583732698
 566 0.7646841858
 567 3.155167925
 568 1.853781582
 569 0.5620312544
 570 1.628966406
 571 1.812184463
 572 0.2203944284
 573 0.6634989324
 574 0.4217096622
 575 0.4432433135
 576 0.8443794323
 577 0.5480735045
 578 0.5263536015
 579 2.263003808
 580 0.7040680508
 581 0.6082062821
 582 0.1849414821
 583 0.9335340317
 584 0.8881291097
 585 1.619154041
 586 0.1271932222
 587 0.3572182216
 588 0.3084955315
 589 0.9714364078
 590 0.5438093128
 591 0.2255652092
 592 0.6711915096
 593 1.627499164
 594 0.8006322371
 595 2.346939345
 596 0.5744519502
 597 1.228633549
 598 2.383792455
 599 0.8930511709
 600 8.821980719
 601 75.24165406
 602 6.5774513
 603 0.258283011
 604 0.1489927939
 605 1.139440958
 606 2.208786068
 607 1.73772888
 608 1.337293326
 609 3.621324762
 610 0.417889411
 611 0.2911915149
 612 1.198715606
 613 1.302510054
 614 0.2333359816
 615 0.276503757
 616 0.4763905389
 617 1.254201732
 618 1.92839539
 619 1.6435225
 620 2.212371577
 621 0.2138034689
 622 0.1765685235
 623 1.917585187
 624 1.992305198
 625 0.609964041
 626 0.5071136259
 627 1.103701606
 628 0.7131050865
 629 0.5730543905
 630 0.2404828467
 631 1.323767198
 632 0.2055605014
 633 1.173350796
 634 0.8292745077
 635 0.22324374
 636 0.3049543471
 637 0.5477071763
 638 0.135744348
 639 0.4180597074
 640 0.4076555375
 641 0.2179287461
 642 0.8495163269
 643 0.2938265367
 644 0.1366052284
 645 0.8879834146
 646 3.079342207
 647 0.5944607073
 648 0.01139015745
 649 1.479523582
 650 0.3084566191
 651 2.274964562
 652 1.227377948
 653 0.1451079608
 654 0.9235083712
 655 0.8371828007
 656 0.4929472207
 657 0.2623953946
 658 0.4858499304
 659 0.2667848639
 660 0.4472352638
 661 0.7283413707
 662 0.4478915284
 663 4.470407364
 664 96.19366039
 665 4.842815697
 666 0.2740952843
 667 0.4110702442
 668 1.110800963
 669 0.2697096185
 670 3.270463544
 671 0.7901155259
 672 1.417721025
 673 0.665341832
 674 0.7593948829
 675 0.3135999411
 676 0.3292830908
 677 0.3408505124
 678 1.265633628
 679 1.358508804
 680 1.746077671
 681 12.29193993
 682 78.55366074
 683 7.777076377
 684 1.002723054
 685 0.576712615
 686 0.2071753649
 687 1.536948884
 688 0.2232976394
 689 0.5963162235
 690 1.749648259
 691 1.124021315
 692 0.2782642892
 693 1.32508835
 694 0.7245990335
 695 1.631975873
 696 0.7899320223
 697 0.1199372809
 698 0.2179350377
 699 0.4727154171
 700 0.1653195439
 701 0.1422989691
 702 0.05369981324
 703 0.8201467463
 704 1.879164273
 705 0.09342924249
 706 1.270171905
 707 4.581158105
 708 0.6658828401
 709 1.144027472
 710 0.3293365432
 711 0.3346987793
 712 1.253300919
 713 0.2518537543
 714 1.054863384
 715 1.816791978
 716 1.411415363
 717 1.788332977
 718 1.547109306
 719 1.419579302
 720 1.209850504
 721 0.755422338
 722 3.364949668
 723 3.166222114
 724 0.6935716549
 725 1.209756546
 726 0.8087982376
 727 0.123458885
 728 0.506512868
 729 0.7098256581
 730 0.5035482937
 731 1.181611187
 732 1.489676117
 733 0.178537929
 734 1.618284474
 735 0.5291517175
 736 1.454801568
 737 0.3868294478
 738 0.2152931187
 739 0.4718580514
 740 2.880957314
 741 1.629933445
 742 0.9877928237
 743 1.433511543
 744 1.247797426
 745 0.3258018333
 746 0.6370656896
 747 0.3030932283
 748 1.102711438
 749 1.900517275
 750 97.25563228
 751 5.061823275
 752 1.046827497
 753 0.2283010874
 754 0.9241532917
 755 2.325856899
 756 0.4463152303
 757 0.9161799961
 758 0.1835312295
 759 0.5622717684
 760 0.4614965256
 761 0.5658006063
 762 1.250753381
 763 0.1517680636
 764 0.1234521013
 765 0.685453937
 766 1.749726842
 767 4.371134593
 768 1.30932533
 769 1.816287351
 770 0.3018211198
 771 0.5815881037
 772 3.26759352
 773 0.5294897976
 774 0.1774078416
 775 0.2265121899
 776 1.005421077
 777 1.534107451
 778 0.6651755743
 779 0.2277725533
 780 1.460254883
 781 0.3988295695
 782 0.7220347159
 783 1.39015238
 784 0.3862119175
 785 0.185170554
 786 0.4566185595
 787 0.3058161591
 788 0.04814696813
 789 0.07152286297
 790 0.5091898607
 791 0.9579917728
 792 0.6892848118
 793 0.1434378546
 794 0.5742544817
 795 0.8795910522
 796 1.223130967
 797 0.4765553848
 798 0.6146421398
 799 0.281503661
 800 0.9103352306
 801 3.074988332
 802 0.6558836452
 803 0.5760219519
 804 0.57504264
 805 0.2463722832
 806 0.1238758924
 807 0.05487535212
 808 0.1833309638
 809 0.3087827984
 810 0.1523950479
 811 0.4132371258
 812 0.2402219414
 813 0.2794715543
 814 2.028678087
 815 1.528116065
 816 1.036406028
 817 0.1240799447
 818 0.46746627
 819 3.024159506
 820 0.9419244863
 821 1.072625414
 822 0.2701341426
 823 0.9298730101
 824 3.430181315
 825 1.691001769
 826 1.079853761
 827 1.236613933
 828 2.955969947
 829 0.7619882163
 830 0.206807704
 831 6.499010939
 832 91.14292879
 833 8.759558031
 834 0.1927627263
 835 0.4142736485
 836 1.846268036
 837 0.744643698
 838 2.105366266
 839 2.000169348
 840 0.6765159166
 841 1.69248651
 842 2.917207679
 843 0.9064369216
 844 1.837479266
 845 0.468385294
 846 0.7182513408
 847 0.8324965944
 848 0.8168341632
 849 0.5794524106
 850 0.9420276181
 851 0.9106659194
 852 0.655163688
 853 0.1328217308
 854 0.9941502939
 855 0.6069807333
 856 0.28605716
 857 0.08758562784
 858 0.6291589147
 859 0.8935464516
 860 1.169165507
 861 1.424401486
 862 1.127696315
 863 0.9656353321
 864 1.159492037
 865 0.5418732804
 866 0.7968652674
 867 0.632309921
 868 0.3955832221
 869 1.235344573
 870 1.023276082
 871 1.580721869
 872 0.1943097961
 873 0.8800947601
 874 1.370169749
 875 0.3496793896
 876 3.463385464
 877 0.6766871639
 878 0.750903885
 879 1.286954736
 880 2.109176442
 881 0.6459372999
 882 0.3579461636
 883 0.1416109493
 884 0.1480056946
 885 0.3943810995
 886 1.801071229
 887 0.9220142073
 888 0.1337312224
 889 2.532543966
 890 3.050247379
 891 1.969184817
 892 0.5102947011
 893 0.9765629278
 894 7.404215182
 895 93.29477607
 896 6.760820521
 897 1.026562496
 898 0.1530018932
 899 0.03351010066
 900 0.556323929
 901 2.105987237
 902 0.5575984295
 903 0.1587282211
 904 1.441383254
 905 0.4585487716
 906 0.9810512334
 907 0.1998913807
 908 1.980224443
 909 0.7687513344
 910 0.8578156367
 911 0.2812024406
 912 0.3092933514
 913 0.3894958607
 914 0.1455747306
 915 0.1291965272
 916 2.298144649
 917 0.843343123
 918 0.06745461065
 919 0.1070515399
 920 1.617365892
 921 1.342657101
 922 0.5097387654
 923 1.716744191
 924 1.554268402
 925 1.822490108
 926 0.5003373562
 927 1.355685587
 928 0.9236300454
 929 2.912777593
 930 3.818258382
 931 0.2802294082
 932 1.022502954
 933 1.155499659
 934 3.929645354
 935 75.80464965
 936 9.278669646
 937 0.3347759959
 938 0.6773992512
 939 0.6943980181
 940 0.7945899462
 941 2.803742428
 942 2.094168356
 943 0.2548589592
 944 1.88993708
 945 2.082724962
 946 2.072550447
 947 0.9260227565
 948 0.5967004204
 949 0.6061580287
 950 1.009320083
 951 0.5615929925
 952 0.3630512468
 953 2.683003627
 954 1.122938531
 955 0.3951551606
 956 0.6862984244
 957 0.06894139543
 958 1.145941852
 959 0.1410227161
 960 1.71070447
 961 0.7164681932
 962 0.4549833195
 963 0.3081919003
 964 0.3813739197
 965 0.2929973864
 966 0.9406341269
 967 0.898151802
 968 0.2238712134
 969 0.4516342241
 970 0.2570315407
 971 3.623303156
 972 1.755020252
 973 0.8636512348
 974 0.6518812476
 975 2.050264298
 976 0.4464948925
 977 0.1108077309
 978 0.8797313698
 979 0.5352976449
 980 0.3528194926
 981 0.5181515824
 982 0.7075766398
 983 0.926938571
 984 0.01835364751
 985 0.4183350386
 986 0.695251765
 987 0.352242971
 988 0.8427972215
 989 0.5919813599
 990 0.5038872177
 991 0.6811808324
 992 0.8072295417
 993 0.4023604732
 994 0.7385486575
 995 10.08078677
 996 91.61134459
 997 8.230332452
 998 0.230695988
 999 1.158314123
