         180 0.005016193089 
         181 -0.006062775962 
         182 0.002130485125 
         183 0.003926086809 
         184 -0.007597548183 
         185 0.006564285456 
         186 -7.263508393e-06 
         187 -0.006786930873 
         188 0.009575256481 
         189 -0.005703892661 
         190 -0.002997594902 
         191 0.0109038856 
         192 -0.01461103107 
         193 0.01436894475 
         194 -0.01853894625 
         195 0.04340795608 
         196 -0.1164859248 
         197 0.2932690187 
         198 -0.6955807199 
         199  1.585240805 
         200 -3.166337586 
         201  1.585240805 
         202 -0.6955807199 
         203 0.2932690187 
         204 -0.1164859248 
         205 0.04340795608 
         206 -0.01853894624 
         207 0.01436894475 
         208 -0.01461103107 
         209 0.0109038856 
         210 -0.002997594902 
         211 -0.005703892661 
         212 0.009575256481 
         213 -0.006786930873 
         214 -7.263508275e-06 
         215 0.006564285456 
         216 -0.007597548183 
         217 0.003926086809 
         218 0.002130485125 
         219 -0.006062775962 
         220 0.005016193089 
         221 -0.001962933645 
         222 -0.002676767835 
         223 0.002659713575 
         224 -0.001647620122 
         225 -0.001223909769 
         226 0.00172007498 
         227 0.0004423460154 
         228 -0.001000415794 
         229 0.001877434429 
         230 0.002970699742 
         231 -0.004502421984 
         232 0.00551096056 
         233 -0.0004092833669 
         234 -0.006393793768 
         235 0.008083496688 
         236 -0.006532621983 
         237 -0.005026654501 
         238 0.0103567129 
         239 -0.01349735568 
