 23.15753112 
 23.11442253 
 23.13343492 
 23.12730784 
 23.11234332 
 23.13262431 
 23.12470256 
 23.11982864 
 23.1209535 
 23.12783685 
 23.13374821 
 23.11411999 
 23.12207136 
 23.12757983 
 23.13443279 
 23.1188964 
 23.11579581 
 23.13107863 
 23.13021479 
 23.11766671 
 23.12025475 
 23.13022922 
 23.1273331 
 23.11862713 
 23.12204184 
 23.12998545 
 23.12532224 
 23.11846307 
 23.12563866 
 23.1288829 
 23.12143611 
 23.12079661 
 23.12807935 
 23.12680295 
 23.11996996 
 23.12268813 
 23.12964031 
 23.12423897 
 23.11874327 
 23.12518527 
 23.13106248 
 23.12105306 
 23.11782178 
 23.1291539 
 23.1303102 
 23.11814084 
 23.11862516 
 23.13127561 
 23.12829691 
 23.12637252 
 23.11577617 
 23.11354688 
 23.13799814 
 23.12456542 
 23.10580725 
 23.13198655 
 23.13737832 
 23.12123193 
 23.11456662 
 23.12442566 
 23.12496551 
 23.12503632 
 23.11370249 
 23.13233339 
 23.13488645 
 23.12065365 
 23.12270512 
 23.13565506 
 23.12055967 
 23.11747749 
 23.11240312 
 23.13137601 
 23.13572238 
 23.11685094 
 23.12637263 
 23.11969666 
 23.12687027 
 23.13100423 
 23.12155894 
 23.11756915 
 23.13087717 
 23.12671868 
 23.11500171 
 23.13157234 
 23.12876652 
