         180 -0.004562126003 
         181 0.005473956221 
         182 -0.006609149429 
         183 0.008016213991 
         184 -0.009727462754 
         185 0.01176964641 
         186 -0.01418488309 
         187 0.01704862699 
         188 -0.02047252499 
         189 0.02458907572 
         190 -0.02952574664 
         191 0.03538095785 
         192 -0.04220917525 
         193 0.05001012239 
         194 -0.05870604501 
         195 0.06809045674 
         196 -0.07774826393 
         197 0.08698066364 
         198 -0.0948062071 
         199 0.1001179343 
         200 -0.1020070309 
         201  0.100117934 
         202 -0.09480620731 
         203 0.08698066307 
         204 -0.07774826384 
         205 0.06809045647 
         206 -0.05870604562 
         207 0.05001012221 
         208 -0.04220917564 
         209  0.035380958 
         210 -0.02952574609 
         211 0.02458907561 
         212 -0.02047252542 
         213 0.01704862658 
         214 -0.01418488314 
         215 0.01176964697 
         216 -0.009727462966 
         217 0.00801621377 
         218 -0.006609150315 
         219 0.005473956541 
         220 -0.004562125307 
         221 0.003814394282 
         222 -0.003177124684 
         223 0.002617682324 
         224 -0.002128351027 
         225 0.001716704607 
         226 -0.001389447995 
         227 0.001140369224 
         228 -0.0009492206903 
         229 0.0007904107535 
         230 -0.0006442541943 
         231 0.0005031615011 
         232 -0.0003700470478 
         233 0.0002519683865 
         234 -0.0001543562574 
         235 7.893530201e-05 
         236 -2.441785627e-05 
         237 -1.292913106e-05 
         238 4.012225456e-05 
         239 -6.784972042e-05 
