 7.448309151 
 7.445694307 
 7.445739928 
 7.445784935 
 7.445824775 
 7.445858677 
 7.445887128 
 7.445910902 
 7.445930739 
 7.443297256 
 7.445960335 
 7.445971468 
 7.445980483 
 7.445987626 
 7.445993096 
 7.445997059 
 7.445999651 
 7.443351005 
 7.44600054 
 7.445999542 
 7.445997588 
 7.445994767 
 7.445991161 
 7.445986855 
 7.445981929 
 7.443326469 
 7.445969862 
 7.445963427 
 7.445956702 
 7.445949766 
 7.445942701 
 7.445935585 
 7.445928494 
 7.445921503 
 7.443264676 
 7.445907325 
 7.445900918 
 7.445894878 
 7.445889259 
 7.445884107 
 7.445879476 
 7.445875405 
 7.445871903 
 7.443219002 
 7.445866023 
 7.445864279 
 7.44586322 
 7.445862755 
 7.445862995 
 7.445863784 
 7.445865251 
 7.445867233 
 7.443219742 
 7.445872175 
 7.445875484 
 7.445879368 
 7.44588349 
 7.445887914 
 7.445892742 
 7.445897579 
 7.445902575 
 7.443257802 
 7.445912216 
 7.445917057 
 7.445922033 
 7.445926736 
 7.445931099 
 7.445935246 
 7.445939346 
 7.445942829 
 7.443295928 
 7.445947809 
 7.445950272 
 7.445951881 
 7.445953085 
 7.445953738 
 7.445953949 
 7.445954199 
 7.443303161 
