         480 0.0004978294209 
         481 -0.000722290775 
         482 0.001054707353 
         483 -0.001545779916 
         484 0.002270354461 
         485 -0.003338441505 
         486 0.00491217424 
         487 -0.007230050905 
         488 0.01064322745 
         489 -0.01566813433 
         490 0.02306389654 
         491 -0.03394382482 
         492 0.0499337851 
         493 -0.07338513321 
         494 0.1076261934 
         495 -0.1571385294 
         496 0.2272349831 
         497 -0.3219666515 
         498 0.4373370437 
         499 -0.5471753074 
         500 0.5961141702 
         501 -0.5471753074 
         502 0.4373370437 
         503 -0.3219666515 
         504 0.2272349831 
         505 -0.1571385294 
         506 0.1076261934 
         507 -0.07338513321 
         508 0.0499337851 
         509 -0.03394382482 
         510 0.02306389654 
         511 -0.01566813433 
         512 0.01064322745 
         513 -0.007230050905 
         514 0.00491217424 
         515 -0.003338441505 
         516 0.002270354461 
         517 -0.001545779916 
         518 0.001054707352 
         519 -0.0007222907751 
         520 0.0004978294209 
         521 -0.0003467548446 
         522 0.0002457343677 
         523 -0.0001787806818 
         524 0.0001351873056 
         525 -0.0001075368792 
         526 9.09444291e-05 
         527 -8.194316786e-05 
         528 7.832674956e-05 
         529 -7.844716421e-05 
         530 8.132286858e-05 
         531 -8.614044811e-05 
         532 9.246823547e-05 
         533 -9.987268569e-05 
         534 0.0001081561925 
         535 -0.0001170547706 
         536 0.0001264547065 
         537 -0.0001361644127 
         538 0.0001460806123 
         539 -0.0001560398758 
