        2500  88.27732921  59.19863911  73.69527306  147.4759683 0.001918626632  0.823092056 
        5000  71.06695355  76.40901549  72.32436594   147.475969 0.001749408789 0.7067155897 
        7500  79.14365197  68.33231688  72.61382653  147.4759688 0.001917567158  0.842188804 
       10000  63.74303674  83.73293193  72.14691698  147.4759687 0.002007783676  1.002085576 
       12500  77.21890561  70.25706349  72.05323099  147.4759691 0.002059735218  1.130326941 
       15000   81.9404231  65.53554698  71.62524662  147.4759701 0.00219021869  1.329670412 
       17500  72.41520575  75.06076313  72.06767197  147.4759689 0.002425068513  1.506136482 
       20000  70.59312946  76.88283975  71.76265097  147.4759692 0.002208220806  1.629209632 
       22500  58.14345944  89.33251004  71.85048385  147.4759695 0.00219940214 0.9840806271 
       25000  90.22742646  57.24854172  71.69509224  147.4759682 0.002150936319  1.070593386 
       27500  85.36638072  62.10958806  72.01942097  147.4759688 0.002378751678  1.204161527 
       30000  74.77933712  72.69663119  72.10557591  147.4759683 0.002120219163  0.994447004 
       32500  77.56198152  69.91398635  72.18371994  147.4759679 0.002389395604   1.19780392 
       35000  73.10741005  74.36855886  71.92643164  147.4759689 0.002420244798  1.364728125 
       37500  84.72936666  62.74660237  72.14295662   147.475969 0.002058836044  0.997860982 
       40000   75.4891044  71.98686361  72.17821989   147.475968 0.002162514785  1.062970385 
       42500  74.36550825   73.1104601  71.87314076  147.4759684 0.002320329087  0.908775432 
       45000  96.98369507   50.4922727  72.26766666  147.4759678 0.002704935202  1.376021871 
 47499.99999  66.38115078    81.094818   71.8695431  147.4759688 0.002629295689  1.799521698 
 49999.99999   61.1988119   86.2771559  72.59438907  147.4759678 0.002393660648 0.9981403763 
 52499.99999  76.92776476  70.54820259  72.15641719  147.4759674 0.002628129714  1.116053821 
 54999.99999  77.72495554  69.75101276  72.15277678  147.4759683 0.002254141697  1.093477523 
 57499.99999  59.53986166  87.93610717  71.64415867  147.4759688 0.002389105102  1.060812614 
 59999.99999  61.13442094  86.34154706  71.75274334   147.475968 0.002319376726  1.232020963 
 62499.99999  72.72184628  74.75412118  71.94806077  147.4759675 0.002346087543  1.122191575 
 64999.99999  70.12549385  77.35047355  71.94335974  147.4759674 0.002826861657  1.474869215 
 67499.99999  74.31878625  73.15718048  71.95512611  147.4759667 0.002782982715  1.331818221 
 69999.99999  73.91591658  73.56005075  72.51103259  147.4759673 0.002167051843   1.03737987 
 72499.99999  70.49892165  76.97704465  71.88429341  147.4759663 0.002295458446   1.16689942 
 74999.99999  77.95595266   69.5200147  72.48621589  147.4759674 0.002547587361  1.849536933 
       77500  75.40945362  72.06651413  71.44112565  147.4759678 0.002570214785  1.818842741 
       80000  75.98207691   71.4938901    72.125457   147.475967 0.002566782468   1.35930023 
       82500   71.6765493  75.79941692  71.50921071  147.4759662 0.002275539571  1.056632201 
       85000  74.73762798  72.73833843  72.13460775  147.4759664 0.002486785583  1.194416172 
 87500.00001  65.19961787  82.27634921  71.85752929  147.4759671 0.002397612968  1.352419002 
 90000.00001  73.60301437  73.87295108  71.78990842  147.4759654 0.002462424641  1.689568696 
 92500.00001  73.35922223  74.11674467  71.94146919  147.4759669 0.00261482203  1.514237385 
 95000.00001  61.56900192  85.90696592  72.25372466  147.4759678 0.002735333663  1.585409434 
 97500.00001  75.63565423  71.84031098  71.83869547  147.4759652 0.002779749281  1.661109892 
      100000  74.81024917  72.66571583  72.06482474   147.475965 0.002357430923  1.241168306 
      102500  74.03459547  73.44136995  71.81722213  147.4759654 0.002673206575  1.361714529 
      105000  77.82361225  69.65235267  71.95058731  147.4759649 0.002554617889  1.128470223 
      107500  65.34770622  82.12825807  71.81062749  147.4759643 0.00252886002  1.065736982 
      110000  72.34251171  75.13345351  72.42313287  147.4759652 0.002525904424  1.734704445 
      112500  61.55983903  85.91612743  71.77725609  147.4759665 0.002860784277  1.822417453 
      115000   80.8198877  66.65607754  72.01313153  147.4759652 0.002322406405   1.14797156 
      117500    69.758154  77.71781106  71.75794174  147.4759651 0.00231409621  1.236653773 
      120000  81.72245373  65.75351143  72.32342046  147.4759652 0.00243420166  1.795002206 
      122500  84.42622717  63.04973663  71.89986687  147.4759638 0.002801234815  1.522082361 
      125000  84.91691177  62.55905339   72.2578209  147.4759652 0.002593478488  1.514941411 
      127500  87.19600539  60.27995965  71.49458653   147.475965 0.002370428497  1.504642611 
      130000  63.33129099  84.14467261  72.04973764  147.4759636 0.002536663826  1.218758275 
      132500  77.28073038  70.19523189  71.96878352  147.4759623 0.002817628586  1.516047257 
      135000  76.41990732  71.05605686  71.96630123  147.4759642 0.002742534406  1.783919961 
 137500.0001  79.87782363  67.59814093  71.29435626  147.4759646 0.002532851046  1.321287817 
 140000.0001  56.58170905  90.89425463  71.72312079  147.4759637 0.002651473896  1.648189659 
 142500.0001  69.86039084  77.61557457  71.52706686  147.4759654 0.003021573932   1.64850859 
 145000.0001  74.49468454  72.98128055  71.66607271  147.4759651 0.002780808472  1.829481878 
 147500.0001   65.4994771  81.97648755   71.7224707  147.4759647 0.002641087625  1.518248124 
 150000.0001  73.46303207   74.0129316  71.67739327  147.4759637 0.00264153203  1.489341667 
 152500.0001  73.04926235  74.42670215  71.98870938  147.4759645 0.002561170097  1.296936466 
 155000.0001  71.86133226  75.61463283  71.86540849  147.4759651 0.002604943001  1.179920905 
 157500.0001   67.6162907  79.85967225  71.90365627  147.4759629 0.003091049513  1.881854156 
 160000.0001  78.43272278  69.04324107   72.2346603  147.4759638 0.00296240813  1.789637608 
 162500.0001  85.60941102  61.86655208  71.55929804  147.4759631 0.00270153173  1.341830652 
 165000.0001  77.38043694  70.09552766  71.84865961  147.4759646 0.002610125376  1.450279538 
 167500.0001  65.29626921  82.17969355  71.82620538  147.4759628 0.002752524913  1.390418914 
 170000.0001  77.74008387  69.73588098  72.27127499  147.4759648 0.002662373296  1.295613783 
 172500.0001  81.62971864  65.84624458  71.76956959  147.4759632 0.002464486506  1.093306587 
 175000.0001  74.87610607  72.59985723  71.85463533  147.4759633 0.00293915916  1.402197676 
 177500.0001   72.7993367  74.67662569  72.14436475  147.4759624 0.002633557047  1.397968913 
 180000.0001  71.80169696  75.67426673  71.85606409  147.4759637 0.002617099096  1.379696808 
 182500.0001  74.86386099   72.6121026  71.57677611  147.4759636 0.002626012146  1.157526572 
 185000.0001  74.40382668  73.07213575  72.22629267  147.4759624 0.002640064239  1.211379204 
 187500.0001  77.15375119  70.32221172  71.74890269  147.4759629 0.002646283163  1.481676743 
 190000.0001  71.33927934  76.13668308  71.45437214  147.4759624 0.002771878904  1.608822986 
 192500.0001  77.09401819  70.38194446  71.89227389  147.4759627 0.002736978627  1.526018781 
 195000.0001  62.18766531  85.28829711  71.60028282  147.4759624 0.00309148626  1.953610886 
 197500.0001  86.25670551  61.21925642  71.74310886  147.4759619 0.002654315943  1.354081197 
 200000.0001  65.52096898  81.95499353  72.04748372  147.4759625 0.003397070994   2.73558592 
 202500.0001  79.24236173  68.23360125  71.96153889   147.475963 0.003002692646  1.510022602 
 205000.0001  69.51708058  77.95888206  71.71093227  147.4759626 0.002952879108   1.85648775 
 207500.0001  71.80267025  75.67329271  71.54378417   147.475963 0.003449471795  2.160508062 
 210000.0001   74.1257572  73.35020622  71.49074801  147.4759634 0.002795533305   1.69680137 
 212500.0001  84.21736604  63.25859528  71.53398057  147.4759613 0.002965300319  1.632974394 
 215000.0001   74.4735846  73.00237699  71.29626227  147.4759616 0.003023394789  1.658672893 
 217500.0001   83.7749295   63.7010325  71.89687581   147.475962 0.002856603239  1.559033765 
 220000.0001  67.19138553  80.28457635  71.78703847  147.4759619 0.003140286003  1.856198449 
 222500.0001   80.6910048  66.78495518  71.20591148    147.47596 0.002761627861  1.376372107 
 225000.0001  75.54011577  71.93584475  71.91608624  147.4759605 0.003622096906  2.080108801 
 227500.0001  74.33976952  73.13619165  71.57891561  147.4759612 0.003320542106  2.159863885 
 230000.0001  96.71747114  50.75848975  71.39763632  147.4759609 0.002983645021  1.623234009 
 232500.0001  80.93075613  66.54520392  71.68117166    147.47596 0.002966237641  1.550629402 
 235000.0001  80.91547417  66.56048677  71.93204929  147.4759609 0.002835745679  1.392939106 
 237500.0001  71.95239134  75.52356955  71.33906482  147.4759609 0.002912912205  1.642195826 
 240000.0001  80.38507149  67.09088935  71.55833958  147.4759608 0.002709303498  1.505114694 
 242500.0001   75.2592487  72.21671189  71.76850365  147.4759606 0.002887123542  1.619122555 
 245000.0002  85.27819223  62.19776785  71.71141117  147.4759601 0.003126749534  3.016129551 
 247500.0002   80.6031956  66.87276465  71.34792928  147.4759603 0.002789195847  1.168222484 
 250000.0002  73.89450595  73.58145399  71.77051371  147.4759599 0.002837170095  1.502004268 
 252500.0002  72.68794171  74.78801796  71.52519412  147.4759597 0.003150033345  2.070123053 
 255000.0002  83.15241971  64.32353825  71.23737149   147.475958 0.002617716646  1.333484926 
 257500.0002  76.25471488  71.22124467   71.2422824  147.4759595 0.003344287748  1.697483194 
 260000.0002  80.08563695  67.39032162  71.53862226  147.4759586 0.002927877884  1.520707898 
 262500.0002  80.84084563  66.63511343  71.66976686  147.4759591 0.002945707288   1.38432145 
 265000.0002  81.96823929  65.50771926  72.06170302  147.4759585 0.003195659583  2.160550879 
 267500.0002  72.90005329  74.57590543   71.5995616  147.4759587 0.002638556168  1.417956502 
 270000.0002  78.40339166  69.07256752  71.55513722  147.4759592 0.003130776426  2.609961313 
 272500.0002   70.2095985  77.26635882  71.28934247  147.4759573 0.003153779432  2.422379614 
 275000.0002  69.31776812  78.15819002  71.74578725  147.4759581 0.003176579395  2.220269527 
 277500.0002    81.337013   66.1389449  71.86196703  147.4759579 0.002867419642  1.551426572 
 280000.0002  76.37162679   71.1043311  71.55522869  147.4759579 0.00297330139   1.94973271 
 282500.0002  73.24167327  74.23428374   71.1696408   147.475957 0.002954017216  1.632284782 
 285000.0002  63.38095077  84.09500697  71.80807902  147.4759577 0.003274435047   1.93404764 
 287500.0002  72.71759381  74.75836225  71.69587447  147.4759561 0.003200532822  1.633323695 
 290000.0002  73.91382285  73.56213431  71.56969077  147.4759572 0.003095680289  1.919402962 
 292500.0002  68.87141553  78.60454122  71.71240245  147.4759568 0.003261529427  1.735778854 
 295000.0002  82.12449017  65.35146485  71.80166482   147.475955 0.003037849671  1.503046507 
 297500.0002  95.47255802  52.00339789  71.36929759  147.4759559 0.003340615909   1.99180302 
 300000.0002  75.02834343  72.44761311  71.55876886  147.4759565 0.002856320924  1.515633171 
 302500.0002  85.64803081  61.82792497  71.74617454  147.4759558 0.003066046928   2.06942647 
 305000.0002  61.34832299  86.12763228  71.45804357  147.4759553 0.003312369924  1.747658454 
 307500.0002  78.65926755  68.81668758   71.6555986  147.4759551 0.003059289072  1.939954793 
 310000.0002  69.75426761  77.72168717  71.46297714  147.4759548 0.002765899717  1.483340407 
 312500.0002  77.72098194   69.7549723  72.09550988  147.4759542 0.002898278521  1.454793807 
 315000.0002  77.07372894  70.40222504  71.98773964   147.475954 0.003265472016   2.14798489 
 317500.0002  75.92418167  71.55177245  71.33408843  147.4759541 0.002962182674  1.388928414 
 320000.0002  72.62023699  74.85571634  71.91275237  147.4759533 0.003008394597  2.262501893 
 322500.0002  73.12758546   74.3483673  71.93513131  147.4759528 0.002978482585  2.239677667 
 325000.0002  72.40708177  75.06887249  72.04390185  147.4759543 0.002836680695  1.297252234 
 327500.0002  82.61141296  64.86454065  71.66198323  147.4759536 0.002724423626  1.986373376 
 330000.0002  74.35332197  73.12263056  71.60407253  147.4759525 0.003015228262  2.181210596 
 332500.0002  65.66263252  81.81332032  71.44441082  147.4759528 0.002939727674  2.187414182 
 335000.0002  72.79703237  74.67892072  71.55953765  147.4759531 0.002732882146  1.433351711 
 337500.0002  77.31773493  70.15821613   71.8474749  147.4759511 0.003884580502  2.736808424 
 340000.0002  76.14203937   71.3339116  71.61375723   147.475951 0.002602856392  1.524563504 
 342500.0002  83.89625313  63.57969844  71.57036672  147.4759516 0.0029260951  2.053413989 
 345000.0002  61.67097556  85.80497593  71.77615122  147.4759515 0.003230283257   1.88538616 
 347500.0002  74.69420953  72.78174196  71.37318215  147.4759515 0.003371401778  2.238145586 
 350000.0002  84.87469927  62.60125207  71.66874096  147.4759513 0.002721701918  1.546880378 
 352500.0003  75.41813398  72.05781546  71.48882123  147.4759494 0.002875980599  1.561686538 
 355000.0003  72.10005117  75.37589822  71.34043172  147.4759494 0.003041038648  2.296943285 
 357500.0003  71.97147234  75.50447747  71.63009611  147.4759498 0.002879564849  1.578628348 
 360000.0003  73.25928356  74.21666483  71.53543684  147.4759484 0.003208020903  1.789916699 
 362500.0003  80.53471577  66.94123368  71.84485318  147.4759494 0.003133168278  1.700716044 
 365000.0003  75.93645965  71.53948878  71.47511937  147.4759484 0.003109322064   1.82584434 
 367500.0003  70.69357172  76.78237784  71.45168404  147.4759496 0.003043714423  1.671454322 
 370000.0003  87.66861611  59.80733193  72.10778075   147.475948 0.003254062612  2.095095587 
 372500.0003  64.22558006   83.2503675  71.81242672  147.4759476 0.003521780491  2.714323986 
 375000.0003  67.97524865  79.50069971  71.45073838  147.4759484 0.003208831379  2.118581673 
 377500.0003   76.5173231  70.95862444  71.94739764  147.4759475 0.0029230506  2.161564082 
 380000.0003  66.64673823  80.82920841  71.67268265  147.4759466 0.003043247876  2.030631379 
 382500.0003  73.67033843  73.80560721  71.73863253  147.4759456 0.00318312328    1.9665256 
 385000.0003  78.90786537   68.5680798  71.71976821  147.4759452 0.002814192353  2.361938403 
 387500.0003  76.23683336  71.23911121  71.32490662  147.4759446 0.002582975357  1.309925854 
 390000.0003  67.22175379   80.2541908  71.82218812  147.4759446 0.002970509574  2.503244426 
 392500.0003  70.96569201   76.5102521  71.92281185  147.4759441 0.002711284141   1.84789499 
 395000.0003  83.60506714  63.87087629  71.80974979  147.4759434 0.002875820369  1.599069582 
 397500.0003   76.2511512  71.22479244  71.27772174  147.4759436 0.002859047557  1.697467992 
 400000.0003  81.01936556  66.45657696  72.00708282  147.4759425 0.002904113835  1.965420736 
 402500.0003  71.13414663  76.34179563  71.85450479  147.4759423 0.003199094176  1.893792911 
 405000.0003   75.5484131   71.9275296  72.02857462  147.4759427 0.003236059934  1.770017018 
 407500.0003  72.49466244  74.98127875  71.53578292  147.4759412 0.002886367318  1.809661473 
 410000.0003  70.80632775  76.66961343   71.6103797  147.4759412 0.003221787865  2.217033226 
 412500.0003  72.68867897  74.78726207  71.64748769   147.475941 0.002992649894   1.84631815 
 415000.0003  70.59103892  76.88490097  71.78644161  147.4759399 0.002649396952  1.987868385 
 417500.0003  63.83035613  83.64558344  71.89877421  147.4759396 0.0031410946  2.140379602 
 420000.0003  70.94063795  76.53530164  71.89834198  147.4759396 0.002893693087   1.55058814 
 422500.0003  74.97017844  72.50576081  72.24805126  147.4759392 0.002868932673  1.904481805 
 425000.0003  74.83150507   72.6444335  71.79323891  147.4759386 0.002785316148  1.754821444 
 427500.0003  76.89076018  70.58517713  72.07381854  147.4759373 0.002893342712  1.199876289 
 430000.0003  74.63837258  72.83756587   71.9676822  147.4759385 0.003298315917  2.114048988 
 432500.0003  71.07478697  76.40114938  72.12508306  147.4759363 0.002900066057  1.740032081 
 435000.0003  79.13701522  68.33892033  71.86451584  147.4759355 0.002883194323  2.191393018 
 437500.0003  81.38368332  66.09225134  71.79069124  147.4759347 0.002586091526  1.180818321 
 440000.0003  66.68391819  80.79201644  72.15246121  147.4759346 0.002978333175  1.840319142 
 442500.0003  78.33896256  69.13697191  71.88340595  147.4759345 0.00317465953   2.08252423 
 445000.0003  82.46886646  65.00706713  71.85920688  147.4759336 0.002793174037  2.024359592 
 447500.0003  75.99633105  71.47960142  71.78392873  147.4759325 0.002645929027  1.952621336 
 450000.0003  76.09376116  71.38217231  72.12758312  147.4759335 0.002634931075  1.517364419 
 452500.0003  87.82506865  59.65086289    72.042519  147.4759315 0.002753561308  1.594296547 
 455000.0003  67.52628381  79.94964753   71.9084072  147.4759313 0.002799172581   1.37704652 
 457500.0004  74.84531308  72.63061786  71.86403889  147.4759309 0.002845576761  2.279286894 
 460000.0004     73.24544  74.23049032  71.78431645  147.4759303 0.002556632492  1.136154164 
 462500.0004  70.65145749  76.82447202  71.82227237  147.4759295 0.002865819031  1.699618488 
 465000.0004  85.72792881  61.74800015  71.73612507   147.475929 0.00269542884  1.421418363 
 467500.0004  67.92348677  79.55244119  72.05528908   147.475928 0.002851695687  1.698024437 
 470000.0004  82.77690059  64.69902693  72.19296017  147.4759275 0.002560411156  1.230275052 
 472500.0004  68.94419918  78.53172773  72.16185685  147.4759269 0.00249599858  1.364258475 
