           0 0.8224448141
           1 0.3894737704
           2 0.1961192074
           3 0.1361514116
           4 0.3113568519
           5 0.1872461317
           6 0.2183965685
           7 0.1999498552
           8 0.07859590758
           9 0.0466851778
          10 0.0189869877
          11 0.05320315029
          12 0.008327029767
          13 0.04640179222
          14 0.1179194203
          15 0.2971289189
          16 0.1613406555
          17 0.2651478913
          18 0.3220545623
          19 0.4497091809
          20 0.4385935394
          21 0.3663080551
          22 0.4613099148
          23 0.2825135513
          24 0.3304882157
          25 0.1593218511
          26  0.159636211
          27 0.1347026925
          28 0.006890007353
          29 0.02025209459
          30 0.02289443611
          31 0.02339399567
          32 0.05111523581
          33 0.02484453008
          34 0.004920827952
          35 0.0007778493291
          36 0.0434658769
          37 0.04880225396
          38 0.01385573199
          39 0.01442571389
          40 0.00334528685
          41 0.01463478799
          42 0.0061894939
          43 0.005623078953
          44 0.03350664514
          45 0.03723077637
          46 0.01672115878
          47 0.05079524858
          48 0.05663507336
          49 0.05270152182
          50 0.1121655342
          51 0.05896827211
          52 0.01255060815
          53 0.001134317115
          54 0.002002757976
          55 0.002126418071
          56 0.01522885292
          57 0.08531683838
          58 0.03528409767
          59 0.01846626939
          60 0.07519684781
          61 0.1618641641
          62 0.02387528677
          63 0.01271476133
          64 0.05381449141
          65 0.01521088555
          66 0.01491675517
          67 0.009536596475
          68 0.04454127946
          69 0.05279560401
          70 0.08041346615
          71 0.02886033804
          72 0.04798716475
          73 0.07170098243
          74 0.1150159405
          75 0.05908633753
          76 0.2162659062
          77 0.08555065264
          78 0.03817122901
          79 0.04691654952
          80 0.07001023934
          81 0.03542060739
          82 0.04047171475
          83 0.05285669914
          84 0.04839769649
          85 0.09082506778
          86  0.153051624
          87 0.2645303052
          88 0.7476868222
          89  0.364008278
          90  0.590195965
          91 0.6942224764
          92 0.4913057769
          93  0.626031048
          94 0.3085038352
          95 0.4877530921
          96 0.2312636323
          97 0.4052727972
          98 0.3921028077
          99 0.2912455063
         100 0.1740653749
         101 0.2229274723
         102 0.1550127448
         103 0.3180821628
         104 0.2555146271
         105 0.2623879861
         106 0.08009670878
         107 0.05103098084
         108 0.02946498018
         109 0.03523394478
         110 0.002836180179
         111 0.01879473242
         112 0.01875923043
         113 0.04174244666
         114 0.07800791857
         115 0.2665237828
         116 0.2896231128
         117  0.339185129
         118 0.4540601445
         119 0.5192349953
         120 0.5481021796
         121  0.444733414
         122 0.4277210836
         123 0.3923643146
         124 0.1354963734
         125 0.05295122958
         126 0.01807592766
         127 0.04482727047
         128 0.07370769041
         129 0.07759168999
         130 0.02797212127
         131 0.02407132095
         132 0.02282159915
         133 0.02801853555
         134 0.01061919928
         135 0.02374047323
         136 0.0626884126
         137 0.0421463122
         138 0.04169129505
         139 0.05199833833
         140 0.02056330422
         141 0.01310797029
         142 0.02074769246
         143  0.020775047
         144 0.02285702803
         145 0.01697347505
         146 0.02116855984
         147 0.03423526533
         148 0.05489554189
         149 0.02545810942
         150 0.1006621565
         151 0.05067104296
         152  0.164818747
         153 0.06566507141
         154 0.006477833909
         155 0.07232209691
         156 0.03906338309
         157 0.1947751717
         158 0.01397089793
         159 0.03552275333
         160 0.02074901382
         161 0.09205132974
         162 0.0958855927
         163 0.1362062274
         164 0.1877114221
         165 0.1977892056
         166 0.1221509145
         167 0.1177317713
         168  0.140856818
         169 0.09134757986
         170 0.09490619074
         171 0.1738387811
         172 0.1375455626
         173  0.227327015
         174 0.06575540186
         175 0.1000811926
         176 0.02440533192
         177 0.01345708045
         178 0.03168034259
         179 0.01577914171
         180 0.02783983628
         181 0.07219215654
         182 0.03714978496
         183 0.1050488364
         184 0.2324190852
         185  0.137059334
         186 0.04115651194
         187 0.03974891568
         188 0.0501939657
         189 0.0363589209
         190 0.09112775592
         191 0.07829721055
         192 0.03797996257
         193 0.0437735343
         194 0.01032643664
         195 0.008917191453
         196 0.03877316929
         197 0.07964972904
         198 0.1027464464
         199 0.02001071327
         200 0.01655102174
         201 0.01255231207
         202 0.02548547523
         203 0.01043360663
         204 0.00748808893
         205 0.0351069947
         206 0.02989269888
         207 0.01065132423
         208 0.02771472587
         209 0.03414805973
         210 0.04548342907
         211 0.07430576545
         212 0.2633554182
         213 0.2354193422
         214 0.3787549565
         215 0.3243923977
         216 0.3733226326
         217 0.4031226012
         218 0.3356747613
         219 0.3946007798
         220 0.2254860356
         221 0.1653107824
         222 0.04799193319
         223 0.01114521744
         224 0.03814458936
         225 0.08098188596
         226 0.0600763819
         227  0.295381421
         228 0.6922423578
         229 0.7871661499
         230 0.7057255896
         231 0.5761758492
         232 0.6886936387
         233 0.3706654753
         234 0.3463549209
         235 0.08786245424
         236 0.07435658895
         237  0.103213574
         238 0.1744257202
         239 0.1987663288
         240 0.2136598918
         241 0.07073443243
         242 0.09864887174
         243 0.06827891033
         244 0.1362707233
         245 0.05656479151
         246 0.0232508894
         247 0.008268641701
         248 0.03542725569
         249 0.003316683552
         250 0.01094591208
         251 0.02661507039
         252 0.008831939447
         253 0.02411954197
         254 0.0835183154
         255 0.01724551707
         256 0.01526254361
         257 0.01494676389
         258 0.03415021958
         259 0.07187415153
         260 0.08550316561
         261 0.02998032703
         262 0.1459557859
         263 0.1575237834
         264 0.08475591668
         265 0.1080258633
         266 0.1430329493
         267 0.1262219291
         268 0.1483599764
         269 0.1713067094
         270 0.3004246583
         271 0.2463201798
         272 0.1695826938
         273 0.1228529764
         274  0.132995728
         275 0.08962637642
         276 0.1158278962
         277 0.08673000537
         278 0.04369717695
         279 0.04622813907
         280 0.1775202692
         281 0.2733826307
         282  0.253163053
         283 0.1374243204
         284 0.07868944039
         285 0.0529996543
         286 0.04018922421
         287 0.1126813468
         288 0.1797454635
         289 0.06765228397
         290 0.2336845035
         291 0.3206548159
         292 0.6186004419
         293 0.7030523825
         294  0.634969803
         295 0.6781447609
         296  1.065699575
         297 0.6217282792
         298 0.2570577062
         299 0.2374975968
         300 0.2099416889
         301 0.07971156233
         302 0.05836887291
         303 0.1076761771
         304 0.04332483883
         305 0.02109362434
         306 0.01573071267
         307 0.03661189095
         308 0.06958279911
         309 0.08038861958
         310 0.1202440826
         311 0.06154011482
         312 0.03660298358
         313 0.01609269188
         314 0.00520994429
         315 0.09425104127
         316 0.03776019166
         317 0.06918485114
         318 0.07081190309
         319 0.05951456508
         320 0.01673699718
         321 0.0522340633
         322 0.1012926641
         323 0.04239817957
         324 0.0860954815
         325 0.07850092038
         326 0.1767732301
         327 0.1437666429
         328 0.08271300558
         329 0.03988638344
         330 0.01874230754
         331 0.04811514712
         332 0.0914271735
         333 0.1627480082
         334 0.07378364678
         335 0.007187330969
         336 0.1230148158
         337 0.1380865111
         338 0.06092282491
         339 0.1420037191
         340 0.1061509808
         341 0.1629383441
         342 0.09797838752
         343 0.09161610472
         344 0.05654363187
         345 0.1249197151
         346 0.1577188325
         347 0.0749079488
         348 0.01186006486
         349 0.05200164012
         350 0.05824235958
         351 0.06434915208
         352 0.07738231962
         353 0.08033639286
         354 0.0317699587
         355 0.03834943789
         356 0.006916909725
         357 0.01549383576
         358 0.03797189744
         359 0.04387613134
         360 0.03655256782
         361 0.04821101544
         362 0.09685351984
         363 0.1924715093
         364 0.2463681302
         365 0.2915895942
         366 0.4269784784
         367  0.368750831
         368 0.4339809913
         369 0.3306361498
         370 0.2476784068
         371 0.1295278829
         372 0.1170971849
         373 0.04046412754
         374 0.08956879133
         375 0.06699547286
         376 0.2667047939
         377 0.1937290134
         378 0.1746660861
         379 0.0726036032
         380 0.06158276326
         381 0.05017698063
         382 0.0439828252
         383 0.07159746384
         384 0.1435432759
         385 0.02715055717
         386 0.03121748977
         387 0.05759206331
         388 0.04784441946
         389 0.1101782055
         390 0.1489867554
         391 0.1944540768
         392 0.1365606016
         393 0.1335612741
         394 0.05594193982
         395 0.007465111408
         396 0.02721598655
         397 0.01670906559
         398 0.01162677251
         399 0.03886013853
         400 0.01466772208
         401 0.02984444381
         402 0.01162764735
         403 0.07250461067
         404 0.03292009433
         405 0.04822697501
         406 0.08557957265
         407 0.02994381886
         408 0.0471346651
         409 0.05242800053
         410 0.01400708961
         411 0.03707782868
         412 0.06140536886
         413 0.1904625662
         414  0.137346745
         415 0.1691045055
         416 0.1090067774
         417 0.07398532965
         418 0.05929709527
         419 0.2458318958
         420 0.6942816556
         421  1.139634596
         422  1.050540675
         423 0.8746516168
         424 0.7774475739
         425 0.5071356531
         426 0.2825578615
         427 0.1471601664
         428 0.1810987414
         429 0.08733460002
         430 0.06787279553
         431 0.0375389977
         432 0.04013344243
         433 0.1089391256
         434 0.07487740185
         435 0.09548301018
         436 0.1129978573
         437  0.218949344
         438 0.05683028254
         439 0.01796987447
         440 0.07719394037
         441 0.01895491532
         442 0.04065548035
         443 0.04835690575
         444 0.0264500812
         445 0.004878356795
         446 0.02466049469
         447 0.03505882072
         448 0.05354288032
         449 0.03913539908
         450 0.02727817313
         451 0.04109356528
         452 0.1016587659
         453 0.04171903431
         454 0.08275289036
         455 0.1564177207
         456 0.1088618054
         457 0.1789115067
         458 0.1664707763
         459 0.1489204862
         460 0.2397282076
         461 0.2007117244
         462 0.1548739533
         463 0.4243255522
         464 0.2485646886
         465 0.2889097065
         466 0.07323994371
         467 0.01292212212
         468 0.02623262439
         469 0.02658098883
         470  0.114582624
         471 0.03280755663
         472 0.02971423636
         473 0.02147409126
         474 0.08047295891
         475 0.09973318006
         476 0.2173969855
         477 0.1120924006
         478 0.1696191279
         479  0.229887085
         480 0.2524527821
         481 0.1774640295
         482 0.2519226324
         483 0.06011430616
         484 0.05498561979
         485  0.105430264
         486 0.1581286981
         487 0.2983817996
         488 0.4317074923
         489 0.1524892532
         490 0.1505037408
         491 0.2056444649
         492  0.262694689
         493 0.0959159849
         494 0.09538127291
         495 0.04949065336
         496 0.1897110689
         497 0.04815238297
         498 0.1164876736
         499 0.06848225783
         500  0.073534121
         501 0.04295893345
         502 0.03576929889
         503 0.03251263726
         504 0.05755995462
         505 0.01329603695
         506 0.00505689481
         507 0.01633233192
         508 0.01534570921
         509 0.05998663978
         510 0.06347773706
         511 0.1643576747
         512 0.4799036871
         513 0.5530344227
         514 0.9670432698
         515  1.118411367
         516 0.6654245512
         517 0.6593084266
         518 0.5370695143
         519 0.2491933825
         520 0.05480882343
         521 0.04796474764
         522 0.1011324184
         523 0.01449789275
         524 0.06080985626
         525 0.2539253942
         526 0.1426468992
         527 0.2681995761
         528 0.3363350953
         529 0.3669634902
         530   0.47568808
         531 0.6250591728
         532 0.6555568185
         533 0.7482639047
         534 0.4718527091
         535 0.2847560497
         536 0.1141704742
         537 0.3292521991
         538 0.2100099352
         539 0.06679875912
         540  0.027213544
         541 0.04133247921
         542 0.0892809213
         543 0.07692026383
         544 0.1850951633
         545 0.1189962433
         546  0.137247053
         547 0.1264034201
         548 0.1839138474
         549 0.1109348419
         550 0.05785672054
         551 0.07808304404
         552 0.03941713425
         553 0.0273965654
         554 0.04024830081
         555 0.05378812148
         556 0.04525817017
         557 0.09608189722
         558 0.03598198851
         559 0.04832600907
         560 0.1087593543
         561 0.09107364863
         562 0.1090965505
         563 0.03183250962
         564 0.02661991491
         565 0.09295079249
         566 0.02720732807
         567 0.06231305523
         568 0.03551513431
         569 0.0525213544
         570 0.09210979008
         571 0.1144588944
         572 0.1569741361
         573 0.07227927514
         574 0.1542342025
         575 0.09499739462
         576 0.0800991157
         577 0.09133967763
         578 0.1483585604
         579 0.0657118324
         580 0.08673945481
         581 0.2139680837
         582 0.1017887782
         583 0.06150220593
         584 0.09417219625
         585 0.1227084825
         586 0.07877505991
         587 0.1445785636
         588 0.08724980865
         589 0.03283621526
         590 0.04476362769
         591 0.04188556914
         592 0.08531810491
         593 0.03145480274
         594 0.1620184341
         595 0.09196729057
         596 0.09014123521
         597 0.06339399658
         598  0.101275602
         599 0.06620777454
         600 0.09266020987
         601 0.03026110644
         602 0.01300449913
         603 0.008591541049
         604 0.01877278147
         605 0.0729043591
         606 0.2122273672
         607 0.2311837137
         608 0.08030637932
         609 0.09479118072
         610 0.0631297276
         611 0.02334200176
         612 0.08886018124
         613 0.02573641198
         614 0.04091697097
         615 0.02848812758
         616 0.04542674735
         617 0.04751771085
         618 0.1487559128
         619 0.08411887524
         620 0.1017812196
         621 0.1043760899
         622 0.05879296244
         623 0.06328395485
         624 0.1724879518
         625 0.1192181923
         626 0.1977135519
         627  0.145531308
         628 0.1313744538
         629 0.09859359223
         630 0.08818689388
         631 0.03036877769
         632 0.07608297746
         633  0.130665256
         634 0.1267338623
         635 0.1480020539
         636 0.1632660413
         637 0.1240779582
         638 0.1256437679
         639 0.09724677804
         640 0.09830144532
         641 0.0270231541
         642 0.005566693348
         643 0.03141391515
         644 0.02670572828
         645 0.01420832695
         646 0.2408285025
         647 0.1274208855
         648 0.05911397834
         649 0.1640826281
         650 0.09111597846
         651 0.01752130573
         652 0.008869167308
         653 0.003330804187
         654 0.004726269334
         655 0.02452223033
         656 0.007549867342
         657 0.03318184834
         658 0.01707764945
         659 0.04564054957
         660 0.03998597276
         661 0.01250791524
         662  0.173223359
         663 0.03806364512
         664 0.08996874127
         665 0.08151818275
         666  0.141754301
         667 0.1063847896
         668 0.1683165064
         669 0.1733507718
         670 0.2021175943
         671  0.279734677
         672  0.144550801
         673 0.02486285694
         674 0.02670914875
         675 0.05394890405
         676 0.0341066169
         677 0.08969966896
         678 0.02179731912
         679 0.02272201023
         680 0.03976365804
         681 0.03635527932
         682 0.03311046421
         683 0.0174153225
         684 0.1117704196
         685 0.08293188093
         686 0.1543167089
         687  0.172733986
         688 0.1266111139
         689 0.08021212387
         690 0.08760445702
         691 0.1020447788
         692 0.1119100123
         693 0.2721055207
         694 0.1700576315
         695 0.0353898595
         696 0.06039882321
         697 0.01710928271
         698 0.03678652031
         699 0.06289088081
         700 0.1091924831
         701 0.0205398228
         702 0.09722255387
         703 0.1394960088
         704 0.1570331922
         705 0.03738780006
         706 0.05834369693
         707 0.07921001552
         708 0.06314352692
         709 0.009097038484
         710 0.05651353549
         711 0.0123690967
         712 0.0279508152
         713 0.004209323179
         714 0.03648431496
         715 0.1207205314
         716 0.03631087418
         717 0.005911658462
         718 0.01926428133
         719 0.00236713993
         720 0.005134188526
         721 0.008057373087
         722 0.01832423473
         723 0.0446632033
         724 0.1245156606
         725 0.09219572628
         726 0.08381016384
         727 0.02713299579
         728 0.02505620138
         729 0.02691893414
         730 0.04861764883
         731 0.06941801636
         732 0.1024606993
         733 0.05343166763
         734 0.09427399518
         735  0.201727942
         736 0.4090207972
         737 0.3330925271
         738 0.5059722928
         739  0.493156896
         740 0.7224889849
         741 0.1841598592
         742  0.358859964
         743 0.2495104254
         744 0.4815419621
         745 0.4434606086
         746 0.2429348874
         747 0.1509995039
         748 0.1716265505
         749 0.03793644775
         750 0.06385946739
         751 0.03821403773
         752 0.05095713204
         753 0.08997971991
         754 0.02282681307
         755 0.09505049717
         756 0.03442059863
         757 0.04103971007
         758 0.07310920397
         759 0.04773212244
         760 0.01892032525
         761 0.03239428522
         762 0.06503127364
         763 0.09577509441
         764 0.0943216484
         765 0.1256485612
         766 0.1815949518
         767 0.2022840938
         768 0.2748152687
         769 0.3021246288
         770 0.3414387275
         771 0.4212353039
         772 0.5502463952
         773 0.3546354803
         774 0.2553830111
         775 0.4479653827
         776 0.2542987029
         777 0.2515293948
         778 0.08633193174
         779 0.1501462694
         780 0.1130636168
         781 0.1842771772
         782 0.1541493073
         783 0.1649490695
         784 0.1105360855
         785 0.07542831344
         786 0.05901129349
         787 0.04708656767
         788 0.07675590283
         789 0.04998989715
         790 0.02283114947
         791 0.1272036974
         792 0.01941635058
         793 0.1114168351
         794 0.07518829481
         795 0.004073808061
         796 0.01351808368
         797 0.01217594517
         798 0.09353318322
         799 0.0701737094
         800 0.05135133451
         801 0.04106925852
         802 0.02279681087
         803 0.03382929646
         804 0.07943722053
         805 0.04820155462
         806 0.1095490701
         807 0.05306818153
         808  0.107490645
         809 0.02022238673
         810 0.01046178689
         811 0.01459242272
         812 0.08702144751
         813 0.1243172018
         814 0.09957994911
         815 0.2691067523
         816 0.7652929732
         817  1.071646755
         818 0.9022728833
         819 0.7562920218
         820 0.6952905403
         821  0.204755518
         822 0.07566980964
         823 0.01455850804
         824 0.04340890305
         825 0.1416123384
         826 0.1797236778
         827 0.4400456251
         828 0.4629242184
         829 0.5982137448
         830 0.6708822901
         831 0.5011043728
         832 0.4734377038
         833  0.481599698
         834 0.4741192118
         835 0.3439250344
         836 0.1972185607
         837 0.4345559202
         838 0.6613583831
         839 0.4188635927
         840 0.2741574914
         841 0.1860479204
         842 0.1021864713
         843 0.06647393813
         844 0.0958676932
         845 0.02444250962
         846 0.07771997533
         847 0.07917251178
         848 0.008189046041
         849  0.015259977
         850 0.09382643025
         851 0.03918566585
         852 0.1345388617
         853 0.1081042295
         854 0.09616082978
         855 0.04464969905
         856 0.05783866686
         857 0.1675245982
         858 0.08292720342
         859 0.1351729605
         860 0.1286740709
         861 0.03355259932
         862 0.06908442454
         863 0.08693090016
         864 0.04376995837
         865 0.1430508073
         866 0.09975545168
         867 0.1672565256
         868 0.06922668909
         869 0.09131781692
         870 0.09333088231
         871 0.1220105701
         872 0.1217966906
         873 0.1272549933
         874 0.2575514553
         875 0.3195811397
         876 0.2281604456
         877 0.1674679942
         878 0.1474324397
         879 0.2032261736
         880 0.1270884344
         881 0.1421081903
         882 0.1352378983
         883 0.07376164778
         884 0.1232380509
         885 0.07299807793
         886 0.06069092862
         887 0.1139915497
         888 0.08814979528
         889 0.2766402183
         890 0.2361332184
         891 0.2115322791
         892  0.188945956
         893 0.2351245172
         894 0.1689291856
         895 0.1150600207
         896 0.1177263498
         897 0.1123272985
         898 0.05361695354
         899 0.02550779292
         900 0.007261590703
         901 0.0606022146
         902 0.02655290002
         903 0.05907873794
         904 0.2134198801
         905 0.2161606889
         906 0.1749236861
         907 0.5174017139
         908 0.4788150663
         909 0.5378220256
         910 0.4531551669
         911 0.3509501563
         912 0.4922956982
         913 0.2743152913
         914 0.4393741199
         915 0.03125174665
         916 0.02427840347
         917 0.03122753018
         918 0.01158093382
         919 0.02038085245
         920 0.05375964898
         921 0.03839097047
         922 0.02162786835
         923 0.03444366128
         924 0.01799656715
         925 0.003910922065
         926 0.02183254559
         927 0.08005984811
         928 0.02212873098
         929 0.07564810487
         930 0.1384474979
         931 0.05501090757
         932 0.04736995026
         933 0.02822320324
         934 0.01227277384
         935 0.04029134371
         936 0.0242998802
         937 0.0425397826
         938 0.01289783106
         939 0.03520847595
         940 0.07912845761
         941 0.2686615582
         942 0.3530332391
         943 0.1390720924
         944 0.1272257173
         945 0.08564542159
         946 0.05466328716
         947 0.2311667411
         948 0.1180792365
         949 0.1570913725
         950 0.2169949302
         951 0.3225955732
         952 0.5343146215
         953 0.7021982139
         954  0.819893921
         955 0.8724868042
         956 0.6919644678
         957 0.4476925521
         958 0.2240864877
         959 0.1534392331
         960 0.08004585138
         961 0.09189525353
         962 0.1292353244
         963 0.1354653682
         964 0.3078116024
         965 0.4096001657
         966 0.3978897756
         967 0.4067582177
         968 0.1462005953
         969 0.1007994606
         970 0.06199682941
         971 0.04119920108
         972 0.07004965308
         973 0.1095616519
         974 0.1482294892
         975 0.3746628373
         976 0.1401267087
         977 0.0480832014
         978 0.2066092377
         979 0.1357006034
         980 0.1862245558
         981 0.02477027832
         982 0.007102711439
         983 0.02200067439
         984 0.05434610285
         985 0.0362927663
         986 0.05251873347
         987 0.04746458221
         988 0.09494056774
         989 0.01268876715
         990 0.01685568588
         991 0.03553158235
         992 0.08823506883
         993 0.03869037521
         994 0.01395597794
         995 0.3055294592
         996 0.3864455276
         997 0.5642615291
         998  1.008296952
         999 0.9522024735
