        2500        0.005            0            0            0            0            0
        5000        0.002            0            0            0            0            0
        7500        0.003            0            0            0            0            0
       10000        0.007            0            0            0            0            0
       12500        0.006            0            0            0            0            0
       15000        0.006        0.001            0            0            0            0
       17500        0.006        0.002            0            0            0            0
       20000        0.007        0.001            0            0            0            0
       22500        0.011            0            0            0            0            0
       25000        0.006            0            0            0            0            0
       27500        0.007        0.001            0            0            0            0
       30000        0.007            0            0            0            0            0
       32500        0.006        0.001            0            0            0            0
       35000        0.008        0.002            0            0            0            0
       37500        0.009            0            0            0            0            0
       40000        0.009            0            0            0            0            0
       42500        0.011            0            0            0            0            0
       45000        0.012        0.001            0            0            0            0
 47499.99999        0.007        0.001            0            0            0            0
 49999.99999        0.011            0            0            0            0            0
 52499.99999        0.014            0            0            0            0            0
 54999.99999        0.005            0            0            0            0            0
 57499.99999        0.011            0            0            0            0            0
 59999.99999         0.01        0.001            0            0            0            0
 62499.99999        0.006            0            0            0            0            0
 64999.99999        0.014        0.001            0            0            0            0
 67499.99999        0.008        0.003            0            0            0            0
 69999.99999        0.008            0            0            0            0            0
 72499.99999        0.009            0            0            0            0            0
 74999.99999        0.008        0.002            0            0            0            0
       77500         0.01        0.001            0            0            0            0
       80000        0.008        0.002            0            0            0            0
       82500         0.01            0            0            0            0            0
       85000        0.005        0.001            0            0            0            0
 87500.00001        0.008        0.002            0            0            0            0
 90000.00001        0.007        0.001            0            0            0            0
 92500.00001        0.009        0.002            0            0            0            0
 95000.00001        0.011        0.002            0            0            0            0
 97500.00001        0.009        0.002            0            0            0            0
      100000        0.006        0.001            0            0            0            0
      102500         0.01        0.002            0            0            0            0
      105000         0.01            0            0            0            0            0
      107500         0.01            0            0            0            0            0
      110000        0.007        0.002            0            0            0            0
      112500        0.007        0.003            0            0            0            0
      115000        0.007            0            0            0            0            0
      117500        0.008        0.001            0            0            0            0
      120000        0.006        0.001            0            0            0            0
      122500        0.007        0.003            0            0            0            0
      125000        0.009        0.001            0            0            0            0
      127500         0.01        0.001            0            0            0            0
      130000        0.009        0.001            0            0            0            0
      132500        0.007        0.003            0            0            0            0
      135000         0.01        0.003            0            0            0            0
 137500.0001        0.011        0.001            0            0            0            0
 140000.0001        0.006        0.002            0            0            0            0
 142500.0001        0.009        0.003            0            0            0            0
 145000.0001        0.008        0.002            0            0            0            0
 147500.0001         0.01        0.002            0            0            0            0
 150000.0001        0.011        0.001            0            0            0            0
 152500.0001        0.011        0.001            0            0            0            0
 155000.0001        0.008        0.001            0            0            0            0
 157500.0001        0.008        0.003            0            0            0            0
 160000.0001        0.011        0.002            0            0            0            0
 162500.0001        0.008        0.002            0            0            0            0
 165000.0001        0.008        0.002            0            0            0            0
 167500.0001        0.011        0.001            0            0            0            0
 170000.0001        0.008        0.003            0            0            0            0
 172500.0001        0.011            0            0            0            0            0
 175000.0001        0.012        0.003            0            0            0            0
 177500.0001         0.01        0.002            0            0            0            0
 180000.0001        0.013        0.001            0            0            0            0
 182500.0001        0.013            0            0            0            0            0
 185000.0001        0.013        0.001            0            0            0            0
 187500.0001        0.009        0.001            0            0            0            0
 190000.0001        0.006        0.003            0            0            0            0
 192500.0001        0.005        0.004            0            0            0            0
 195000.0001         0.01        0.003            0            0            0            0
 197500.0001         0.01        0.001            0            0            0            0
 200000.0001        0.008        0.002        0.001            0            0            0
 202500.0001        0.009        0.003            0            0            0            0
 205000.0001        0.009        0.003            0            0            0            0
 207500.0001         0.01        0.003            0            0            0            0
 210000.0001         0.01        0.002            0            0            0            0
 212500.0001        0.012        0.002            0            0            0            0
 215000.0001        0.011        0.002            0            0            0            0
 217500.0001        0.006        0.004            0            0            0            0
 220000.0001        0.008        0.004            0            0            0            0
 222500.0001        0.009        0.003            0            0            0            0
 225000.0001        0.005        0.006            0            0            0            0
 227500.0001        0.009        0.004            0            0            0            0
 230000.0001        0.012        0.002            0            0            0            0
 232500.0001        0.012        0.003            0            0            0            0
 235000.0001        0.009        0.002            0            0            0            0
 237500.0001        0.008        0.002            0            0            0            0
 240000.0001        0.009        0.002            0            0            0            0
 242500.0001        0.013        0.002            0            0            0            0
 245000.0002        0.009        0.001        0.001            0            0            0
 247500.0002        0.017            0            0            0            0            0
 250000.0002         0.01        0.002            0            0            0            0
 252500.0002         0.01        0.003            0            0            0            0
 255000.0002        0.009        0.002            0            0            0            0
 257500.0002        0.012        0.003            0            0            0            0
 260000.0002         0.01        0.003            0            0            0            0
 262500.0002        0.008        0.003            0            0            0            0
 265000.0002        0.012        0.003            0            0            0            0
 267500.0002        0.012        0.002            0            0            0            0
 270000.0002        0.013        0.001        0.001            0            0            0
 272500.0002        0.005        0.003        0.001            0            0            0
 275000.0002        0.007        0.004            0            0            0            0
 277500.0002        0.011        0.002            0            0            0            0
 280000.0002        0.012        0.003            0            0            0            0
 282500.0002        0.007        0.004            0            0            0            0
 285000.0002         0.01        0.005            0            0            0            0
 287500.0002        0.006        0.005            0            0            0            0
 290000.0002         0.01        0.002            0            0            0            0
 292500.0002        0.008        0.005            0            0            0            0
 295000.0002        0.007        0.004            0            0            0            0
 297500.0002        0.009        0.004            0            0            0            0
 300000.0002        0.012        0.004            0            0            0            0
 302500.0002        0.011        0.003            0            0            0            0
 305000.0002        0.011        0.005            0            0            0            0
 307500.0002        0.008        0.004            0            0            0            0
 310000.0002        0.009        0.003            0            0            0            0
 312500.0002        0.012        0.003            0            0            0            0
 315000.0002         0.01        0.004            0            0            0            0
 317500.0002        0.005        0.006            0            0            0            0
 320000.0002        0.009        0.003            0            0            0            0
 322500.0002         0.01        0.003            0            0            0            0
 325000.0002         0.01        0.004            0            0            0            0
 327500.0002        0.006        0.003            0            0            0            0
 330000.0002        0.012        0.003            0            0            0            0
 332500.0002        0.013        0.002            0            0            0            0
 335000.0002        0.012        0.003            0            0            0            0
 337500.0002        0.004        0.004        0.002            0            0            0
 340000.0002        0.006        0.002            0            0            0            0
 342500.0002        0.013        0.002            0            0            0            0
 345000.0002         0.01        0.004            0            0            0            0
 347500.0002        0.006        0.004            0            0            0            0
 350000.0002        0.011        0.002            0            0            0            0
 352500.0003        0.009        0.004            0            0            0            0
 355000.0003        0.013        0.003            0            0            0            0
 357500.0003        0.009        0.005            0            0            0            0
 360000.0003        0.009        0.005            0            0            0            0
 362500.0003         0.01        0.005            0            0            0            0
 365000.0003        0.009        0.003            0            0            0            0
 367500.0003         0.01        0.003            0            0            0            0
 370000.0003        0.006        0.005            0            0            0            0
 372500.0003        0.008        0.004        0.001            0            0            0
 375000.0003        0.011        0.003            0            0            0            0
 377500.0003        0.011        0.002            0            0            0            0
 380000.0003        0.007        0.005            0            0            0            0
 382500.0003        0.013        0.004            0            0            0            0
 385000.0003        0.008        0.001        0.001            0            0            0
 387500.0003        0.013        0.002            0            0            0            0
 390000.0003        0.011            0        0.001            0            0            0
 392500.0003        0.013        0.001            0            0            0            0
 395000.0003        0.009        0.003            0            0            0            0
 397500.0003        0.009        0.005            0            0            0            0
 400000.0003         0.01        0.003            0            0            0            0
 402500.0003        0.013        0.005            0            0            0            0
 405000.0003        0.011        0.006            0            0            0            0
 407500.0003         0.01        0.002            0            0            0            0
 410000.0003        0.011        0.005            0            0            0            0
 412500.0003        0.014        0.003            0            0            0            0
 415000.0003        0.019        0.001            0            0            0            0
 417500.0003        0.018        0.003            0            0            0            0
 420000.0003        0.017        0.003            0            0            0            0
 422500.0003        0.011        0.004            0            0            0            0
 425000.0003        0.014        0.003            0            0            0            0
 427500.0003        0.017        0.001            0            0            0            0
 430000.0003        0.009        0.005            0            0            0            0
 432500.0003        0.014        0.003            0            0            0            0
 435000.0003        0.015        0.003            0            0            0            0
 437500.0003        0.017        0.001            0            0            0            0
 440000.0003        0.008        0.006            0            0            0            0
 442500.0003        0.008        0.004            0            0            0            0
 445000.0003         0.01        0.003            0            0            0            0
 447500.0003        0.014        0.003            0            0            0            0
 450000.0003        0.011        0.002            0            0            0            0
 452500.0003        0.015        0.002            0            0            0            0
 455000.0003        0.015        0.005            0            0            0            0
 457500.0004        0.014        0.002            0            0            0            0
 460000.0004        0.017            0            0            0            0            0
 462500.0004        0.013        0.004            0            0            0            0
 465000.0004        0.012        0.003            0            0            0            0
 467500.0004        0.008        0.005            0            0            0            0
 470000.0004        0.011        0.003            0            0            0            0
 472500.0004        0.013        0.002            0            0            0            0
