0	5
0.005	4.99923
0.01	4.99691
0.015	4.99304
0.02	4.98764
0.025	4.98071
0.03	4.97224
0.035	4.96226
0.04	4.95077
0.045	4.93779
0.05	4.92332
0.055	4.90738
0.06	4.88999
0.065	4.87116
0.07	4.85091
0.075	4.82927
0.08	4.80624
0.085	4.78186
0.09	4.75615
0.095	4.72912
0.1	4.7008
0.105	4.67122
0.11	4.64041
0.115	4.60838
0.12	4.57516
0.125	4.54078
0.13	4.50527
0.135	4.46866
0.14	4.43096
0.145	4.39222
0.15	4.35245
0.155	4.31169
0.16	4.26996
0.165	4.22729
0.17	4.18371
0.175	4.13924
0.18	4.09391
0.185	4.04775
0.19	4.00078
0.195	3.95303
0.2	3.90453
0.205	3.8553
0.21	3.80536
0.215	3.75474
0.22	3.70346
0.225	3.65155
0.23	3.59903
0.235	3.54591
0.24	3.49223
0.245	3.438
0.25	3.38324
0.255	3.32798
0.26	3.27222
0.265	3.216
0.27	3.15933
0.275	3.10222
0.28	3.04469
0.285	2.98677
0.29	2.92846
0.295	2.86978
0.3	2.81075
0.305	2.75137
0.31	2.69167
0.315	2.63166
0.32	2.57135
0.325	2.51075
0.33	2.44987
0.335	2.38874
0.34	2.32735
0.345	2.26572
0.35	2.20385
0.355	2.14177
0.36	2.07948
0.365	2.01698
0.37	1.95429
0.375	1.89142
0.38	1.82838
0.385	1.76516
0.39	1.70179
0.395	1.63827
0.4	1.5746
0.405	1.5108
0.41	1.44686
0.415	1.38281
0.42	1.31864
0.425	1.25436
0.43	1.18997
0.435	1.12549
0.44	1.06092
0.445	0.996268
0.45	0.931533
0.455	0.866725
0.46	0.801849
0.465	0.736911
0.47	0.671916
0.475	0.606869
0.48	0.541775
0.485	0.47664
0.49	0.411469
0.495	0.346267
0.5	0.281039
0.505	0.21579
0.51	0.150524
0.515	0.085247
0.52	0.0199636
0.525	-0.0453212
0.53	-0.110603
0.535	-0.175876
0.54	-0.241136
0.545	-0.306378
0.55	-0.371596
0.555	-0.436787
0.56	-0.501944
0.565	-0.567064
0.57	-0.63214
0.575	-0.697167
0.58	-0.762141
0.585	-0.827056
0.59	-0.891906
0.595	-0.956686
0.6	-1.02139
0.605	-1.08601
0.61	-1.15055
0.615	-1.21499
0.62	-1.27934
0.625	-1.34358
0.63	-1.4077
0.635	-1.47171
0.64	-1.5356
0.645	-1.59935
0.65	-1.66296
0.655	-1.72642
0.66	-1.78974
0.665	-1.85289
0.67	-1.91586
0.675	-1.97867
0.68	-2.04128
0.685	-2.1037
0.69	-2.16591
0.695	-2.22791
0.7	-2.28968
0.705	-2.35122
0.71	-2.41251
0.715	-2.47355
0.72	-2.53432
0.725	-2.59481
0.73	-2.65501
0.735	-2.7149
0.74	-2.77447
0.745	-2.83372
0.75	-2.89261
0.755	-2.95115
0.76	-3.00931
0.765	-3.06709
0.77	-3.12445
0.775	-3.18139
0.78	-3.23789
0.785	-3.29394
0.79	-3.3495
0.795	-3.40457
0.8	-3.45913
0.805	-3.51315
0.81	-3.56661
0.815	-3.6195
0.82	-3.67179
0.825	-3.72346
0.83	-3.77448
0.835	-3.82484
0.84	-3.87451
0.845	-3.92346
0.85	-3.97167
0.855	-4.01912
0.86	-4.06578
0.865	-4.11162
0.87	-4.15661
0.875	-4.20074
0.88	-4.24398
0.885	-4.28628
0.89	-4.32764
0.895	-4.36802
0.9	-4.40739
0.905	-4.44573
0.91	-4.48301
0.915	-4.5192
0.92	-4.55427
0.925	-4.5882
0.93	-4.62096
0.935	-4.65252
0.94	-4.68286
0.945	-4.71195
0.95	-4.73977
0.955	-4.76629
0.96	-4.79149
0.965	-4.81535
0.97	-4.83784
0.975	-4.85894
0.98	-4.87864
0.985	-4.89691
0.99	-4.91374
0.995	-4.92911
1	-4.94301
1.005	-4.95541
1.01	-4.96632
1.015	-4.97571
1.02	-4.98358
1.025	-4.98992
1.03	-4.99473
1.035	-4.99799
1.04	-4.99971
1.045	-4.99988
1.05	-4.99851
1.055	-4.99559
1.06	-4.99113
1.065	-4.98513
1.07	-4.9776
1.075	-4.96855
1.08	-4.95798
1.085	-4.94591
1.09	-4.93234
1.095	-4.9173
1.1	-4.9008
1.105	-4.88284
1.11	-4.86346
1.115	-4.84267
1.12	-4.82049
1.125	-4.79694
1.13	-4.77203
1.135	-4.7458
1.14	-4.71827
1.145	-4.68946
1.15	-4.6594
1.155	-4.62811
1.16	-4.59561
1.165	-4.56194
1.17	-4.52712
1.175	-4.49118
1.18	-4.45414
1.185	-4.41604
1.19	-4.37689
1.195	-4.33674
1.2	-4.2956
1.205	-4.2535
1.21	-4.21047
1.215	-4.16654
1.22	-4.12173
1.225	-4.07608
1.23	-4.0296
1.235	-3.98233
1.24	-3.93428
1.245	-3.88549
1.25	-3.83598
1.255	-3.78578
1.26	-3.7349
1.265	-3.68337
1.27	-3.63122
1.275	-3.57846
1.28	-3.52513
1.285	-3.47123
1.29	-3.41679
1.295	-3.36184
1.3	-3.30638
1.305	-3.25044
1.31	-3.19404
1.315	-3.1372
1.32	-3.07992
1.325	-3.02224
1.33	-2.96416
1.335	-2.90571
1.34	-2.84689
1.345	-2.78772
1.35	-2.72822
1.355	-2.6684
1.36	-2.60827
1.365	-2.54784
1.37	-2.48714
1.375	-2.42616
1.38	-2.36492
1.385	-2.30344
1.39	-2.24171
1.395	-2.17977
1.4	-2.1176
1.405	-2.05523
1.41	-1.99266
1.415	-1.9299
1.42	-1.86696
1.425	-1.80384
1.43	-1.74057
1.435	-1.67714
1.44	-1.61356
1.445	-1.54983
1.45	-1.48598
1.455	-1.422
1.46	-1.3579
1.465	-1.29368
1.47	-1.22936
1.475	-1.16494
1.48	-1.10042
1.485	-1.03582
1.49	-0.971133
1.495	-0.906369
1.5	-0.841534
1.505	-0.776633
1.51	-0.711672
1.515	-0.646656
1.52	-0.581591
1.525	-0.51648
1.53	-0.451331
1.535	-0.386147
1.54	-0.320934
1.545	-0.255697
1.55	-0.190441
1.555	-0.12517
1.56	-0.0598904
1.565	0.00539416
1.57	0.0706783
1.575	0.135957
1.58	0.201226
1.585	0.266479
1.59	0.331713
1.595	0.396921
1.6	0.462099
1.605	0.527243
1.61	0.592346
1.615	0.657404
1.62	0.722411
1.625	0.787362
1.63	0.852253
1.635	0.917076
1.64	0.981828
1.645	1.0465
1.65	1.11109
1.655	1.17559
1.66	1.24
1.665	1.3043
1.67	1.3685
1.675	1.43258
1.68	1.49654
1.685	1.56037
1.69	1.62407
1.695	1.68763
1.7	1.75103
1.705	1.81428
1.71	1.87737
1.715	1.94028
1.72	2.00301
1.725	2.06555
1.73	2.12789
1.735	2.19002
1.74	2.25193
1.745	2.31361
1.75	2.37506
1.755	2.43625
1.76	2.49719
1.765	2.55785
1.77	2.61823
1.775	2.67831
1.78	2.73808
1.785	2.79752
1.79	2.85663
1.795	2.91539
1.8	2.97379
1.805	3.0318
1.81	3.08942
1.815	3.14662
1.82	3.20339
1.825	3.25972
1.83	3.31558
1.835	3.37095
1.84	3.42582
1.845	3.48017
1.85	3.53398
1.855	3.58722
1.86	3.63988
1.865	3.69193
1.87	3.74335
1.875	3.79412
1.88	3.84421
1.885	3.89361
1.89	3.94227
1.895	3.99019
1.9	4.03734
1.905	4.08368
1.91	4.1292
1.915	4.17386
1.92	4.21764
1.925	4.26052
1.93	4.30246
1.935	4.34344
1.94	4.38343
1.945	4.42241
1.95	4.46034
1.955	4.4972
1.96	4.53296
1.965	4.56759
1.97	4.60107
1.975	4.63336
1.98	4.66445
1.985	4.69431
1.99	4.72291
1.995	4.75023
2	4.77624
2.005	4.80092
2.01	4.82425
2.015	4.8462
2.02	4.86676
2.025	4.88591
2.03	4.90362
2.035	4.91989
2.04	4.93469
2.045	4.948
2.05	4.95983
2.055	4.97015
2.06	4.97895
2.065	4.98623
2.07	4.99197
2.075	4.99618
2.08	4.99884
2.085	4.99996
2.09	4.99953
2.095	4.99756
2.1	4.99404
2.105	4.98898
2.11	4.98239
2.115	4.97426
2.12	4.96462
2.125	4.95347
2.13	4.94081
2.135	4.92667
2.14	4.91106
2.145	4.89399
2.15	4.87548
2.155	4.85555
2.16	4.83422
2.165	4.8115
2.17	4.78742
2.175	4.762
2.18	4.73526
2.185	4.70723
2.19	4.67793
2.195	4.64739
2.2	4.61563
2.205	4.58267
2.21	4.54855
2.215	4.51329
2.22	4.47692
2.225	4.43947
2.23	4.40096
2.235	4.36142
2.24	4.32087
2.245	4.27936
2.25	4.23689
2.255	4.19351
2.26	4.14924
2.265	4.1041
2.27	4.05812
2.275	4.01133
2.28	3.96376
2.285	3.91542
2.29	3.86635
2.295	3.81656
2.3	3.76609
2.305	3.71496
2.31	3.66319
2.315	3.6108
2.32	3.55782
2.325	3.50426
2.33	3.45015
2.335	3.39551
2.34	3.34035
2.345	3.28471
2.35	3.22859
2.355	3.17201
2.36	3.115
2.365	3.05757
2.37	2.99973
2.375	2.9415
2.38	2.88291
2.385	2.82395
2.39	2.76465
2.395	2.70502
2.4	2.64508
2.405	2.58483
2.41	2.5243
2.415	2.46348
2.42	2.4024
2.425	2.34107
2.43	2.27949
2.435	2.21768
2.44	2.15564
2.445	2.0934
2.45	2.03095
2.455	1.9683
2.46	1.90547
2.465	1.84246
2.47	1.77928
2.475	1.71595
2.48	1.65246
2.485	1.58882
2.49	1.52505
2.495	1.46114
2.5	1.39711
2.505	1.33297
2.51	1.26871
2.515	1.20435
2.52	1.13989
2.525	1.07534
2.53	1.0107
2.535	0.945986
2.54	0.881194
2.545	0.816333
2.55	0.751408
2.555	0.686425
2.56	0.621389
2.565	0.556306
2.57	0.49118
2.575	0.426016
2.58	0.360821
2.585	0.295598
2.59	0.230353
2.595	0.16509
2.6	0.0998154
2.605	0.034533
2.61	-0.0307519
2.615	-0.0960346
2.62	-0.16131
2.625	-0.226573
2.63	-0.29182
2.635	-0.357044
2.64	-0.422241
2.645	-0.487407
2.65	-0.552535
2.655	-0.617621
2.66	-0.68266
2.665	-0.747646
2.67	-0.812574
2.675	-0.877439
2.68	-0.942236
2.685	-1.00696
2.69	-1.0716
2.695	-1.13616
2.7	-1.20062
2.705	-1.26499
2.71	-1.32925
2.715	-1.3934
2.72	-1.45744
2.725	-1.52135
2.73	-1.58513
2.735	-1.64878
2.74	-1.71227
2.745	-1.77562
2.75	-1.83881
2.755	-1.90182
2.76	-1.96467
2.765	-2.02732
2.77	-2.08979
2.775	-2.15205
2.78	-2.21409
2.785	-2.27592
2.79	-2.33751
2.795	-2.39886
2.8	-2.45995
2.805	-2.52078
2.81	-2.58133
2.815	-2.6416
2.82	-2.70156
2.825	-2.76121
2.83	-2.82052
2.835	-2.8795
2.84	-2.93812
2.845	-2.99637
2.85	-3.05423
2.855	-3.11169
2.86	-3.16872
2.865	-3.22532
2.87	-3.28147
2.875	-3.33714
2.88	-3.39233
2.885	-3.447
2.89	-3.50114
2.895	-3.55473
2.9	-3.60775
2.905	-3.66017
2.91	-3.71198
2.915	-3.76315
2.92	-3.81366
2.925	-3.86348
2.93	-3.9126
2.935	-3.96098
2.94	-4.0086
2.945	-4.05543
2.95	-4.10146
2.955	-4.14665
2.96	-4.19097
2.965	-4.23441
2.97	-4.27692
2.975	-4.3185
2.98	-4.35909
2.985	-4.39869
2.99	-4.43727
2.995	-4.47478
3	-4.51122
3.005	-4.54654
3.01	-4.58073
3.015	-4.61375
3.02	-4.64558
3.025	-4.6762
3.03	-4.70557
3.035	-4.73368
3.04	-4.76049
3.045	-4.78599
3.05	-4.81014
3.055	-4.83294
3.06	-4.85436
3.065	-4.87437
3.07	-4.89296
3.075	-4.91011
3.08	-4.92581
3.085	-4.94003
3.09	-4.95277
3.095	-4.96401
3.1	-4.97375
3.105	-4.98196
3.11	-4.98864
3.115	-4.99379
3.12	-4.9974
3.125	-4.99946
3.13	-4.99998
3.135	-4.99895
3.14	-4.99638
3.145	-4.99226
3.15	-4.9866
3.155	-4.97941
3.16	-4.9707
3.165	-4.96047
3.17	-4.94873
3.175	-4.9355
3.18	-4.92078
3.185	-4.9046
3.19	-4.88697
3.195	-4.86791
3.2	-4.84743
3.205	-4.82556
3.21	-4.80231
3.215	-4.77771
3.22	-4.75177
3.225	-4.72453
3.23	-4.696
3.235	-4.66622
3.24	-4.6352
3.245	-4.60297
3.25	-4.56956
3.255	-4.53499
3.26	-4.4993
3.265	-4.4625
3.27	-4.42463
3.275	-4.38572
3.28	-4.34579
3.285	-4.30486
3.29	-4.26297
3.295	-4.22015
3.3	-4.17642
3.305	-4.13181
3.31	-4.08634
3.315	-4.04004
3.32	-3.99294
3.325	-3.94507
3.33	-3.89644
3.335	-3.84709
3.34	-3.79704
3.345	-3.74631
3.35	-3.69493
3.355	-3.64291
3.36	-3.59029
3.365	-3.53708
3.37	-3.48331
3.375	-3.42899
3.38	-3.37414
3.385	-3.3188
3.39	-3.26297
3.395	-3.20667
3.4	-3.14992
3.405	-3.09274
3.41	-3.03515
3.415	-2.97716
3.42	-2.91879
3.425	-2.86005
3.43	-2.80096
3.435	-2.74153
3.44	-2.68178
3.445	-2.62171
3.45	-2.56135
3.455	-2.50071
3.46	-2.43979
3.465	-2.37861
3.47	-2.31718
3.475	-2.25551
3.48	-2.19361
3.485	-2.13149
3.49	-2.06916
3.495	-2.00664
3.5	-1.94392
3.505	-1.88102
3.51	-1.81794
3.515	-1.7547
3.52	-1.6913
3.525	-1.62776
3.53	-1.56407
3.535	-1.50024
3.54	-1.43629
3.545	-1.37221
3.55	-1.30802
3.555	-1.24373
3.56	-1.17933
3.565	-1.11483
3.57	-1.05025
3.575	-0.985576
3.58	-0.920829
3.585	-0.856009
3.59	-0.791122
3.595	-0.726174
3.6	-0.66117
3.605	-0.596115
3.61	-0.531014
3.615	-0.465873
3.62	-0.400697
3.625	-0.33549
3.63	-0.270258
3.635	-0.205006
3.64	-0.139738
3.645	-0.0744593
3.65	-0.00917534
3.655	0.0561093
3.66	0.12139
3.665	0.186661
3.67	0.251918
3.675	0.317157
3.68	0.382371
3.685	0.447557
3.69	0.512708
3.695	0.577821
3.7	0.642889
3.705	0.707908
3.71	0.772872
3.715	0.837777
3.72	0.902616
3.725	0.967384
3.73	1.03208
3.735	1.09669
3.74	1.16121
3.745	1.22563
3.75	1.28996
3.755	1.35418
3.76	1.41829
3.765	1.48228
3.77	1.54614
3.775	1.60987
3.78	1.67346
3.785	1.7369
3.79	1.80018
3.795	1.8633
3.8	1.92626
3.805	1.98903
3.81	2.05161
3.815	2.11399
3.82	2.17617
3.825	2.23813
3.83	2.29987
3.835	2.36137
3.84	2.42262
3.845	2.48361
3.85	2.54433
3.855	2.60478
3.86	2.66492
3.865	2.72477
3.87	2.78429
3.875	2.84347
3.88	2.90231
3.885	2.96079
3.89	3.01889
3.895	3.07659
3.9	3.13389
3.905	3.19076
3.91	3.24719
3.915	3.30315
3.92	3.35864
3.925	3.41362
3.93	3.46809
3.935	3.52202
3.94	3.57539
3.945	3.62818
3.95	3.68037
3.955	3.73193
3.96	3.78285
3.965	3.83309
3.97	3.88264
3.975	3.93148
3.98	3.97956
3.985	4.02688
3.99	4.07341
3.995	4.11911
4	4.16397
4.005	4.20795
4.01	4.25103
4.015	4.29318
4.02	4.33438
4.025	4.3746
4.03	4.4138
4.035	4.45197
4.04	4.48907
4.045	4.52507
4.05	4.55996
4.055	4.5937
4.06	4.62626
4.065	4.65762
4.07	4.68776
4.075	4.71664
4.08	4.74425
4.085	4.77055
4.09	4.79553
4.095	4.81916
4.1	4.84142
4.105	4.8623
4.11	4.88176
4.115	4.8998
4.12	4.91638
4.125	4.93151
4.13	4.94516
4.135	4.95732
4.14	4.96797
4.145	4.97712
4.15	4.98474
4.155	4.99082
4.16	4.99537
4.165	4.99838
4.17	4.99985
4.175	4.99976
4.18	4.99813
4.185	4.99496
4.19	4.99024
4.195	4.98399
4.2	4.97621
4.205	4.9669
4.21	4.95609
4.215	4.94377
4.22	4.92996
4.225	4.91467
4.23	4.89793
4.235	4.87974
4.24	4.86012
4.245	4.8391
4.25	4.81669
4.255	4.79291
4.26	4.76779
4.265	4.74134
4.27	4.7136
4.275	4.68458
4.28	4.65431
4.285	4.62282
4.29	4.59013
4.295	4.55627
4.3	4.52126
4.305	4.48514
4.31	4.44792
4.315	4.40964
4.32	4.37033
4.325	4.33001
4.33	4.28871
4.335	4.24645
4.34	4.20327
4.345	4.15919
4.35	4.11425
4.355	4.06845
4.36	4.02184
4.365	3.97444
4.37	3.92627
4.375	3.87736
4.38	3.82773
4.385	3.77742
4.39	3.72643
4.395	3.6748
4.4	3.62254
4.405	3.56969
4.41	3.51626
4.415	3.46227
4.42	3.40775
4.425	3.35271
4.43	3.29717
4.435	3.24115
4.44	3.18468
4.445	3.12776
4.45	3.07042
4.455	3.01267
4.46	2.95453
4.465	2.89601
4.47	2.83714
4.475	2.77791
4.48	2.71836
4.485	2.65848
4.49	2.5983
4.495	2.53783
4.5	2.47708
4.505	2.41606
4.51	2.35478
4.515	2.29325
4.52	2.23149
4.525	2.16951
4.53	2.10731
4.535	2.0449
4.54	1.9823
4.545	1.91951
4.55	1.85654
4.555	1.7934
4.56	1.7301
4.565	1.66664
4.57	1.60303
4.575	1.53929
4.58	1.47542
4.585	1.41141
4.59	1.34729
4.595	1.28306
4.6	1.21872
4.605	1.15429
4.61	1.08975
4.615	1.02514
4.62	0.960436
4.625	0.89566
4.63	0.830814
4.635	0.765902
4.64	0.700932
4.645	0.635907
4.65	0.570834
4.655	0.505717
4.66	0.440562
4.665	0.375373
4.67	0.310156
4.675	0.244915
4.68	0.179656
4.685	0.114383
4.69	0.0491023
4.695	-0.0161825
4.7	-0.0814661
4.705	-0.146744
4.71	-0.21201
4.715	-0.277261
4.72	-0.34249
4.725	-0.407694
4.73	-0.472867
4.735	-0.538004
4.74	-0.6031
4.745	-0.66815
4.75	-0.733148
4.755	-0.79809
4.76	-0.862969
4.765	-0.927782
4.77	-0.992521
4.775	-1.05718
4.78	-1.12176
4.785	-1.18624
4.79	-1.25063
4.795	-1.31492
4.8	-1.3791
4.805	-1.44316
4.81	-1.5071
4.815	-1.57091
4.82	-1.63458
4.825	-1.69812
4.83	-1.7615
4.835	-1.82472
4.84	-1.88778
4.845	-1.95066
4.85	-2.01336
4.855	-2.07586
4.86	-2.13817
4.865	-2.20026
4.87	-2.26214
4.875	-2.32378
4.88	-2.38519
4.885	-2.44634
4.89	-2.50723
4.895	-2.56785
4.9	-2.62817
4.905	-2.6882
4.91	-2.74792
4.915	-2.80732
4.92	-2.86637
4.925	-2.92507
4.93	-2.9834
4.935	-3.04135
4.94	-3.0989
4.945	-3.15603
4.95	-3.21273
4.955	-3.26898
4.96	-3.32476
4.965	-3.38006
4.97	-3.43484
4.975	-3.4891
4.98	-3.54282
4.985	-3.59597
4.99	-3.64852
4.995	-3.70047
5	-3.75179
5.005	-3.80245
5.01	-3.85242
5.015	-3.9017
5.02	-3.95024
5.025	-3.99804
5.03	-4.04505
5.035	-4.09126
5.04	-4.13664
5.045	-4.18116
5.05	-4.22479
5.055	-4.26752
5.06	-4.3093
5.065	-4.35012
5.07	-4.38995
5.075	-4.42875
5.08	-4.4665
5.085	-4.50318
5.09	-4.53876
5.095	-4.5732
5.1	-4.60648
5.105	-4.63858
5.11	-4.66947
5.115	-4.69913
5.12	-4.72752
5.125	-4.75462
5.13	-4.78041
5.135	-4.80487
5.14	-4.82797
5.145	-4.8497
5.15	-4.87003
5.155	-4.88894
5.16	-4.90641
5.165	-4.92243
5.17	-4.93699
5.175	-4.95006
5.18	-4.96164
5.185	-4.97171
5.19	-4.98026
5.195	-4.98728
5.2	-4.99277
5.205	-4.99673
5.21	-4.99913
5.215	-5
5.22	-4.99931
5.225	-4.99708
5.23	-4.99331
5.235	-4.988
5.24	-4.98115
5.245	-4.97277
5.25	-4.96288
5.255	-4.95148
5.26	-4.93858
5.265	-4.9242
5.27	-4.90834
5.275	-4.89103
5.28	-4.87229
5.285	-4.85212
5.29	-4.83056
5.295	-4.80762
5.3	-4.78331
5.305	-4.75767
5.31	-4.73072
5.315	-4.70248
5.32	-4.67297
5.325	-4.64223
5.33	-4.61026
5.335	-4.57712
5.34	-4.5428
5.345	-4.50736
5.35	-4.47081
5.355	-4.43318
5.36	-4.39449
5.365	-4.35478
5.37	-4.31408
5.375	-4.2724
5.38	-4.22979
5.385	-4.18626
5.39	-4.14184
5.395	-4.09656
5.4	-4.05044
5.405	-4.00352
5.41	-3.95582
5.415	-3.90736
5.42	-3.85817
5.425	-3.80827
5.43	-3.75769
5.435	-3.70645
5.44	-3.65457
5.445	-3.60208
5.45	-3.549
5.455	-3.49535
5.46	-3.44116
5.465	-3.38643
5.47	-3.33119
5.475	-3.27547
5.48	-3.21927
5.485	-3.16262
5.49	-3.10554
5.495	-3.04804
5.5	-2.99013
5.505	-2.93185
5.51	-2.87319
5.515	-2.81417
5.52	-2.75482
5.525	-2.69514
5.53	-2.63514
5.535	-2.57485
5.54	-2.51427
5.545	-2.45341
5.55	-2.39228
5.555	-2.33091
5.56	-2.26929
5.565	-2.20744
5.57	-2.14537
5.575	-2.08309
5.58	-2.02061
5.585	-1.95793
5.59	-1.89507
5.595	-1.83203
5.6	-1.76883
5.605	-1.70547
5.61	-1.64195
5.615	-1.57829
5.62	-1.5145
5.625	-1.45057
5.63	-1.38652
5.635	-1.32236
5.64	-1.25808
5.645	-1.19371
5.65	-1.12923
5.655	-1.06467
5.66	-1.00001
5.665	-0.935285
5.67	-0.870481
5.675	-0.805608
5.68	-0.740674
5.685	-0.675681
5.69	-0.610637
5.695	-0.545546
5.7	-0.480414
5.705	-0.415245
5.71	-0.350044
5.715	-0.284818
5.72	-0.219569
5.725	-0.154304
5.73	-0.0890279
5.735	-0.0237448
5.74	0.0415401
5.745	0.106822
5.75	0.172096
5.755	0.237357
5.76	0.3026
5.765	0.36782
5.77	0.433012
5.775	0.498172
5.78	0.563293
5.785	0.628372
5.79	0.693402
5.795	0.75838
5.8	0.823298
5.805	0.888152
5.81	0.952936
5.815	1.01765
5.82	1.08227
5.825	1.14682
5.83	1.21126
5.835	1.27561
5.84	1.33986
5.845	1.40399
5.85	1.46801
5.855	1.5319
5.86	1.59566
5.865	1.65928
5.87	1.72275
5.875	1.78607
5.88	1.84923
5.885	1.91222
5.89	1.97503
5.895	2.03766
5.9	2.10009
5.905	2.16231
5.91	2.22432
5.915	2.28611
5.92	2.34766
5.925	2.40897
5.93	2.47002
5.935	2.53081
5.94	2.59131
5.945	2.65153
5.95	2.71144
5.955	2.77103
5.96	2.83029
5.965	2.88921
5.97	2.94777
5.975	3.00596
5.98	3.06375
5.985	3.12114
5.99	3.17811
5.995	3.23463
6	3.2907
6.005	3.3463
6.01	3.4014
6.015	3.45598
6.02	3.51003
6.025	3.56353
6.03	3.61645
6.035	3.66878
6.04	3.72048
6.045	3.77154
6.05	3.82194
6.055	3.87165
6.06	3.92064
6.065	3.9689
6.07	4.01639
6.075	4.0631
6.08	4.10898
6.085	4.15403
6.09	4.19821
6.095	4.2415
6.1	4.28386
6.105	4.32527
6.11	4.36571
6.115	4.40514
6.12	4.44354
6.125	4.48088
6.13	4.51713
6.135	4.55227
6.14	4.58627
6.145	4.61909
6.15	4.65073
6.155	4.68114
6.16	4.7103
6.165	4.7382
6.17	4.76479
6.175	4.79007
6.18	4.81401
6.185	4.83658
6.19	4.85776
6.195	4.87754
6.2	4.8959
6.205	4.91281
6.21	4.92826
6.215	4.94224
6.22	4.95474
6.225	4.96573
6.23	4.97521
6.235	4.98317
6.24	4.9896
6.245	4.99449
6.25	4.99784
6.255	4.99965
6.26	4.99992
6.265	4.99863
6.27	4.9958
6.275	4.99143
6.28	4.98552
6.285	4.97808
6.29	4.96911
6.295	4.95863
6.3	4.94665
6.305	4.93317
6.31	4.91821
6.315	4.90179
6.32	4.88392
6.325	4.86462
6.33	4.84391
6.335	4.82181
6.34	4.79834
6.345	4.77351
6.35	4.74736
6.355	4.7199
6.36	4.69117
6.365	4.66118
6.37	4.62995
6.375	4.59753
6.38	4.56392
6.385	4.52917
6.39	4.49329
6.395	4.45632
6.4	4.41827
6.405	4.37919
6.41	4.33909
6.415	4.29801
6.42	4.25596
6.425	4.21299
6.43	4.16911
6.435	4.12435
6.44	4.07874
6.445	4.03231
6.45	3.98509
6.455	3.93709
6.46	3.88834
6.465	3.83887
6.47	3.7887
6.475	3.73786
6.48	3.68637
6.485	3.63426
6.49	3.58154
6.495	3.52823
6.5	3.47437
6.505	3.41996
6.51	3.36503
6.515	3.3096
6.52	3.25369
6.525	3.19732
6.53	3.1405
6.535	3.08325
6.54	3.02559
6.545	2.96754
6.55	2.90911
6.555	2.85031
6.56	2.79116
6.565	2.73168
6.57	2.67187
6.575	2.61176
6.58	2.55135
6.585	2.49066
6.59	2.4297
6.595	2.36847
6.6	2.307
6.605	2.2453
6.61	2.18336
6.615	2.12121
6.62	2.05884
6.625	1.99628
6.63	1.93354
6.635	1.87061
6.64	1.8075
6.645	1.74424
6.65	1.68081
6.655	1.61724
6.66	1.55353
6.665	1.48968
6.67	1.42571
6.675	1.36161
6.68	1.29741
6.685	1.23309
6.69	1.16867
6.695	1.10416
6.7	1.03956
6.705	0.974882
6.71	0.910122
6.715	0.845291
6.72	0.780394
6.725	0.715436
6.73	0.650423
6.735	0.58536
6.74	0.520253
6.745	0.455105
6.75	0.389923
6.755	0.324712
6.76	0.259476
6.765	0.194221
6.77	0.128951
6.775	0.0636714
6.78	-0.00161299
6.785	-0.0668973
6.79	-0.132177
6.795	-0.197446
6.8	-0.2627
6.805	-0.327935
6.81	-0.393145
6.815	-0.458325
6.82	-0.523471
6.825	-0.588576
6.83	-0.653637
6.835	-0.718647
6.84	-0.783602
6.845	-0.848496
6.85	-0.913324
6.855	-0.97808
6.86	-1.04276
6.865	-1.10735
6.87	-1.17186
6.875	-1.23627
6.88	-1.30058
6.885	-1.36478
6.89	-1.42887
6.895	-1.49284
6.9	-1.55668
6.905	-1.62039
6.91	-1.68395
6.915	-1.74737
6.92	-1.81062
6.925	-1.87372
6.93	-1.93664
6.935	-1.99938
6.94	-2.06193
6.945	-2.12428
6.95	-2.18643
6.955	-2.24835
6.96	-2.31005
6.965	-2.37151
6.97	-2.43272
6.975	-2.49367
6.98	-2.55434
6.985	-2.61474
6.99	-2.67483
6.995	-2.73462
7	-2.79409
7.005	-2.85322
7.01	-2.912
7.015	-2.97042
7.02	-3.02845
7.025	-3.08609
7.03	-3.14332
7.035	-3.20012
7.04	-3.25647
7.045	-3.31236
7.05	-3.36776
7.055	-3.42266
7.06	-3.47704
7.065	-3.53088
7.07	-3.58416
7.075	-3.63685
7.08	-3.68893
7.085	-3.74039
7.09	-3.7912
7.095	-3.84133
7.1	-3.89076
7.105	-3.93947
7.11	-3.98744
7.115	-4.03463
7.12	-4.08102
7.125	-4.12658
7.13	-4.1713
7.135	-4.21513
7.14	-4.25806
7.145	-4.30006
7.15	-4.3411
7.155	-4.38115
7.16	-4.42018
7.165	-4.45817
7.17	-4.49509
7.175	-4.53091
7.18	-4.56561
7.185	-4.59916
7.19	-4.63152
7.195	-4.66269
7.2	-4.69262
7.205	-4.72129
7.21	-4.74868
7.215	-4.77477
7.22	-4.79953
7.225	-4.82294
7.23	-4.84497
7.235	-4.86561
7.24	-4.88484
7.245	-4.90264
7.25	-4.91898
7.255	-4.93387
7.26	-4.94727
7.265	-4.95918
7.27	-4.96959
7.275	-4.97848
7.28	-4.98585
7.285	-4.99168
7.29	-4.99598
7.295	-4.99873
7.3	-4.99994
7.305	-4.9996
7.31	-4.99772
7.315	-4.99429
7.32	-4.98932
7.325	-4.98281
7.33	-4.97478
7.335	-4.96522
7.34	-4.95415
7.345	-4.94159
7.35	-4.92753
7.355	-4.91201
7.36	-4.89502
7.365	-4.8766
7.37	-4.85675
7.375	-4.83549
7.38	-4.81285
7.385	-4.78885
7.39	-4.76351
7.395	-4.73685
7.4	-4.70889
7.405	-4.67967
7.41	-4.64919
7.415	-4.6175
7.42	-4.58461
7.425	-4.55056
7.43	-4.51537
7.435	-4.47906
7.44	-4.44167
7.445	-4.40322
7.45	-4.36373
7.455	-4.32325
7.46	-4.28179
7.465	-4.23938
7.47	-4.19605
7.475	-4.15183
7.48	-4.10674
7.485	-4.06081
7.49	-4.01406
7.495	-3.96653
7.5	-3.91824
7.505	-3.86921
7.51	-3.81947
7.515	-3.76904
7.52	-3.71794
7.525	-3.6662
7.53	-3.61385
7.535	-3.5609
7.54	-3.50738
7.545	-3.4533
7.55	-3.39869
7.555	-3.34356
7.56	-3.28794
7.565	-3.23185
7.57	-3.1753
7.575	-3.11831
7.58	-3.06091
7.585	-3.00309
7.59	-2.94489
7.595	-2.88631
7.6	-2.82737
7.605	-2.76809
7.61	-2.70848
7.615	-2.64856
7.62	-2.58833
7.625	-2.52781
7.63	-2.46701
7.635	-2.40595
7.64	-2.34463
7.645	-2.28306
7.65	-2.22127
7.655	-2.15924
7.66	-2.09701
7.665	-2.03457
7.67	-1.97193
7.675	-1.90911
7.68	-1.84612
7.685	-1.78295
7.69	-1.71962
7.695	-1.65614
7.7	-1.59251
7.705	-1.52874
7.71	-1.46485
7.715	-1.40083
7.72	-1.33669
7.725	-1.27244
7.73	-1.20808
7.735	-1.14363
7.74	-1.07908
7.745	-1.01445
7.75	-0.949737
7.755	-0.884949
7.76	-0.820091
7.765	-0.75517
7.77	-0.69019
7.775	-0.625157
7.78	-0.560076
7.785	-0.494953
7.79	-0.429791
7.795	-0.364598
7.8	-0.299376
7.805	-0.234132
7.81	-0.168871
7.815	-0.103596
7.82	-0.0383142
7.825	0.0269708
7.83	0.0922537
7.835	0.15753
7.84	0.222794
7.845	0.288041
7.85	0.353267
7.855	0.418466
7.86	0.483633
7.865	0.548764
7.87	0.613853
7.875	0.678894
7.88	0.743884
7.885	0.808816
7.89	0.873684
7.895	0.938485
7.9	1.00321
7.905	1.06786
7.91	1.13242
7.915	1.19689
7.92	1.26126
7.925	1.32553
7.93	1.38969
7.935	1.45373
7.94	1.51765
7.945	1.58144
7.95	1.64509
7.955	1.7086
7.96	1.77196
7.965	1.83515
7.97	1.89818
7.975	1.96103
7.98	2.0237
7.985	2.08617
7.99	2.14844
7.995	2.2105
8	2.27234
8.005	2.33395
8.01	2.39531
8.015	2.45642
8.02	2.51727
8.025	2.57784
8.03	2.63812
8.035	2.69809
8.04	2.75776
8.045	2.8171
8.05	2.87609
8.055	2.93473
8.06	2.993
8.065	3.05089
8.07	3.10837
8.075	3.16543
8.08	3.22206
8.085	3.27823
8.09	3.33393
8.095	3.38914
8.1	3.44385
8.105	3.49802
8.11	3.55164
8.115	3.60469
8.12	3.65715
8.125	3.709
8.13	3.7602
8.135	3.81075
8.14	3.86062
8.145	3.90977
8.15	3.95819
8.155	4.00586
8.16	4.05274
8.165	4.09882
8.17	4.14405
8.175	4.18843
8.18	4.23192
8.185	4.27449
8.19	4.31611
8.195	4.35677
8.2	4.39643
8.205	4.43506
8.21	4.47264
8.215	4.50914
8.22	4.54453
8.225	4.57878
8.23	4.61187
8.235	4.64377
8.24	4.67446
8.245	4.7039
8.25	4.73208
8.255	4.75897
8.26	4.78455
8.265	4.80878
8.27	4.83166
8.275	4.85315
8.28	4.87325
8.285	4.89192
8.29	4.90916
8.295	4.92494
8.3	4.93925
8.305	4.95208
8.31	4.96341
8.315	4.97322
8.32	4.98152
8.325	4.9883
8.33	4.99353
8.335	4.99723
8.34	4.99938
8.345	4.99999
8.35	4.99905
8.355	4.99657
8.36	4.99254
8.365	4.98697
8.37	4.97987
8.375	4.97124
8.38	4.9611
8.385	4.94945
8.39	4.9363
8.395	4.92168
8.4	4.90558
8.405	4.88804
8.41	4.86905
8.415	4.84866
8.42	4.82686
8.425	4.80369
8.43	4.77917
8.435	4.75331
8.44	4.72614
8.445	4.69769
8.45	4.66798
8.455	4.63703
8.46	4.60487
8.465	4.57152
8.47	4.53703
8.475	4.5014
8.48	4.46466
8.485	4.42686
8.49	4.388
8.495	4.34813
8.5	4.30726
8.505	4.26543
8.51	4.22266
8.515	4.17898
8.52	4.13441
8.525	4.08899
8.53	4.04275
8.535	3.99569
8.54	3.94786
8.545	3.89928
8.55	3.84997
8.555	3.79996
8.56	3.74927
8.565	3.69792
8.57	3.64594
8.575	3.59335
8.58	3.54018
8.585	3.48644
8.59	3.43215
8.595	3.37733
8.6	3.32202
8.605	3.26621
8.61	3.20994
8.615	3.15322
8.62	3.09607
8.625	3.0385
8.63	2.98053
8.635	2.92218
8.64	2.86346
8.645	2.80439
8.65	2.74498
8.655	2.68525
8.66	2.6252
8.665	2.56486
8.67	2.50423
8.675	2.44332
8.68	2.38216
8.685	2.32074
8.69	2.25909
8.695	2.1972
8.7	2.1351
8.705	2.07278
8.71	2.01026
8.715	1.94756
8.72	1.88466
8.725	1.8216
8.73	1.75837
8.735	1.69498
8.74	1.63144
8.745	1.56776
8.75	1.50394
8.755	1.44
8.76	1.37593
8.765	1.31174
8.77	1.24745
8.775	1.18306
8.78	1.11857
8.785	1.05399
8.79	0.989324
8.795	0.924581
8.8	0.859765
8.805	0.794882
8.81	0.729938
8.815	0.664936
8.82	0.599884
8.825	0.534786
8.83	0.469647
8.835	0.404473
8.84	0.339267
8.845	0.274037
8.85	0.208785
8.855	0.143518
8.86	0.0782403
8.865	0.0129565
8.87	-0.0523282
8.875	-0.117609
8.88	-0.182881
8.885	-0.248139
8.89	-0.313379
8.895	-0.378595
8.9	-0.443782
8.905	-0.508936
8.91	-0.574051
8.915	-0.639122
8.92	-0.704144
8.925	-0.769111
8.93	-0.834019
8.935	-0.898862
8.94	-0.963635
8.945	-1.02833
8.95	-1.09295
8.955	-1.15747
8.96	-1.2219
8.965	-1.28624
8.97	-1.35046
8.975	-1.41458
8.98	-1.47857
8.985	-1.54244
8.99	-1.60618
8.995	-1.66978
9	-1.73323
9.005	-1.79652
9.01	-1.85965
9.015	-1.92261
9.02	-1.9854
9.025	-2.04799
9.03	-2.11039
9.035	-2.17258
9.04	-2.23455
9.045	-2.2963
9.05	-2.35781
9.055	-2.41908
9.06	-2.48009
9.065	-2.54083
9.07	-2.60128
9.075	-2.66145
9.08	-2.72131
9.085	-2.78085
9.09	-2.84005
9.095	-2.89891
9.1	-2.95741
9.105	-3.01553
9.11	-3.07326
9.115	-3.13058
9.12	-3.18748
9.125	-3.24393
9.13	-3.29992
9.135	-3.35544
9.14	-3.41045
9.145	-3.46495
9.15	-3.51891
9.155	-3.57232
9.16	-3.62514
9.165	-3.67736
9.17	-3.72896
9.175	-3.77992
9.18	-3.8302
9.185	-3.87979
9.19	-3.92867
9.195	-3.9768
9.2	-4.02416
9.205	-4.07074
9.21	-4.11649
9.215	-4.16139
9.22	-4.20543
9.225	-4.24856
9.23	-4.29077
9.235	-4.33202
9.24	-4.37229
9.245	-4.41156
9.25	-4.44978
9.255	-4.48695
9.26	-4.52302
9.265	-4.55797
9.27	-4.59177
9.275	-4.62441
9.28	-4.65584
9.285	-4.68605
9.29	-4.715
9.295	-4.74268
9.3	-4.76906
9.305	-4.79412
9.31	-4.81783
9.315	-4.84017
9.32	-4.86113
9.325	-4.88067
9.33	-4.89879
9.335	-4.91546
9.34	-4.93067
9.345	-4.94441
9.35	-4.95666
9.355	-4.9674
9.36	-4.97663
9.365	-4.98434
9.37	-4.99051
9.375	-4.99515
9.38	-4.99825
9.385	-4.9998
9.39	-4.99981
9.395	-4.99827
9.4	-4.99519
9.405	-4.99056
9.41	-4.98439
9.415	-4.9767
9.42	-4.96748
9.425	-4.95675
9.43	-4.94452
9.435	-4.9308
9.44	-4.9156
9.445	-4.89894
9.45	-4.88083
9.455	-4.8613
9.46	-4.84036
9.465	-4.81803
9.47	-4.79433
9.475	-4.76928
9.48	-4.74291
9.485	-4.71524
9.49	-4.6863
9.495	-4.6561
9.5	-4.62468
9.505	-4.59206
9.51	-4.55826
9.515	-4.52332
9.52	-4.48726
9.525	-4.4501
9.53	-4.41189
9.535	-4.37263
9.54	-4.33237
9.545	-4.29112
9.55	-4.24892
9.555	-4.2058
9.56	-4.16177
9.565	-4.11687
9.57	-4.07113
9.575	-4.02456
9.58	-3.97721
9.585	-3.92908
9.59	-3.88021
9.595	-3.83063
9.6	-3.78035
9.605	-3.7294
9.61	-3.6778
9.615	-3.62559
9.62	-3.57277
9.625	-3.51937
9.63	-3.46541
9.635	-3.41092
9.64	-3.35591
9.645	-3.3004
9.65	-3.24441
9.655	-3.18796
9.66	-3.13107
9.665	-3.07375
9.67	-3.01603
9.675	-2.95791
9.68	-2.89941
9.685	-2.84056
9.69	-2.78135
9.695	-2.72182
9.7	-2.66196
9.705	-2.6018
9.71	-2.54134
9.715	-2.4806
9.72	-2.4196
9.725	-2.35833
9.73	-2.29682
9.735	-2.23508
9.74	-2.1731
9.745	-2.11092
9.75	-2.04852
9.755	-1.98593
9.76	-1.92315
9.765	-1.86019
9.77	-1.79706
9.775	-1.73377
9.78	-1.67032
9.785	-1.60672
9.79	-1.54299
9.795	-1.47912
9.8	-1.41512
9.805	-1.35101
9.81	-1.28678
9.815	-1.22245
9.82	-1.15802
9.825	-1.09349
9.83	-1.02888
9.835	-0.964185
9.84	-0.899414
9.845	-0.834571
9.85	-0.769664
9.855	-0.704696
9.86	-0.639675
9.865	-0.574604
9.87	-0.50949
9.875	-0.444336
9.88	-0.379149
9.885	-0.313934
9.89	-0.248694
9.895	-0.183436
9.9	-0.118164
9.905	-0.0528834
9.91	0.0124013
9.915	0.0776851
9.92	0.142963
9.925	0.20823
9.93	0.273482
9.935	0.338713
9.94	0.403918
9.945	0.469093
9.95	0.534232
9.955	0.599331
9.96	0.664383
9.965	0.729385
9.97	0.79433
9.975	0.859214
9.98	0.92403
9.985	0.988773
9.99	1.05344
9.995	1.11802
