         180 0.0012600488 
         181 -0.0003210840531 
         182 -0.0002808375866 
         183 0.0001009748593 
         184 0.0007925232588 
         185 -0.002027126515 
         186 0.003353950188 
         187 -0.004860944642 
         188 0.007088328402 
         189 -0.01079403517 
         190 0.01695168978 
         191 -0.0268130553 
         192 0.04231813243 
         193 -0.06666257737 
         194 0.1049239778 
         195 -0.1649164781 
         196 0.2577035719 
         197 -0.3965698253 
         198 0.5878040992 
         199 -0.7984415272 
         200 0.9059082564 
         201 -0.7984415272 
         202 0.5878040992 
         203 -0.3965698253 
         204 0.2577035719 
         205 -0.1649164781 
         206 0.1049239778 
         207 -0.06666257737 
         208 0.04231813243 
         209 -0.0268130553 
         210 0.01695168978 
         211 -0.01079403517 
         212 0.007088328403 
         213 -0.004860944642 
         214 0.003353950188 
         215 -0.002027126515 
         216 0.0007925232586 
         217 0.0001009748589 
         218 -0.0002808375864 
         219 -0.0003210840531 
         220 0.0012600488 
         221 -0.001789459095 
         222 0.001316988858 
         223 4.931752318e-05 
         224 -0.001506383298 
         225 0.001996775031 
         226 -0.001002801633 
         227 -0.0009812221163 
         228 0.002667032531 
         229 -0.002793954536 
         230 0.00109160979 
         231 0.001428124192 
         232 -0.003055792582 
         233 0.002565696468 
         234 -0.0001492896409 
         235 -0.002637758578 
         236 0.003891722479 
         237 -0.002708354575 
         238 -0.0001404913514 
         239 0.002736179476 
