 16.71254775 
 16.70997316 
 16.71032269 
 16.70873901 
 16.70713838 
 16.70606288 
 16.71150425 
 16.70565318 
 16.70602413 
 16.71241321 
 16.70694189 
 16.70719675 
 16.70723598 
 16.71298758 
 16.70682598 
 16.70654953 
 16.70634827 
 16.71217945 
 16.70634913 
 16.70652321 
 16.70673583 
 16.7128138 
 16.7069965 
 16.70696233 
 16.70682756 
 16.7125506 
 16.70648675 
 16.70639612 
 16.70640864 
 16.71242778 
 16.7066799 
 16.70684531 
 16.70692244 
 16.71282202 
 16.70683121 
 16.70667944 
 16.70652899 
 16.71233844 
 16.70643684 
 16.70652356 
 16.70666544 
 16.71271255 
 16.70690917 
 16.70691356 
 16.70681628 
 16.7125701 
 16.70655044 
 16.70646358 
 16.71235379 
 16.70650929 
 16.70668688 
 16.70683048 
 16.71283559 
 16.7068972 
 16.70681657 
 16.70664281 
 16.70648073 
 16.71232209 
 16.70653689 
 16.70671576 
 16.71255744 
 16.70658371 
 16.70698678 
 16.70714579 
 16.70648252 
 16.71261995 
 16.70685056 
 16.70596081 
 16.71286558 
 16.70626722 
 16.70675963 
 16.70699187 
 16.70654511 
 16.71326074 
 16.70623969 
 16.70723866 
 16.70597919 
 16.71284578 
 16.70616676 
 16.70666551 
