         180 0.003104844106 
         181 -0.004600831517 
         182 0.00644064918 
         183 -0.008645215539 
         184 0.01146512814 
         185 -0.01542444371 
         186 0.02123426494 
         187 -0.02964633118 
         188 0.04140099112 
         189 -0.05735186658 
         190 0.07877193698 
         191 -0.1076991782 
         192 0.1471771994 
         193 -0.2012859157 
         194 0.2749099619 
         195 -0.3730954539 
         196  0.499372127 
         197 -0.6516892164 
         198 0.8144529911 
         199 -0.9496825148 
         200  1.004122927 
         201 -0.9496825148 
         202 0.8144529911 
         203 -0.6516892164 
         204  0.499372127 
         205 -0.373095454 
         206 0.2749099619 
         207 -0.2012859157 
         208 0.1471771994 
         209 -0.1076991782 
         210 0.07877193699 
         211 -0.05735186658 
         212 0.04140099112 
         213 -0.02964633118 
         214 0.02123426494 
         215 -0.01542444371 
         216 0.01146512814 
         217 -0.008645215539 
         218 0.00644064918 
         219 -0.004600831517 
         220 0.003104844106 
         221 -0.002016085578 
         222 0.001335895962 
         223 -0.0009607995793 
         224 0.0007388684781 
         225 -0.0005678876089 
         226 0.0004311524385 
         227 -0.0003517579382 
         228 0.0003139725487 
         229 -0.0002360064965 
         230 3.662457537e-05 
         231 0.0002673630349 
         232 -0.0005231412128 
         233 0.0005335806934 
         234 -0.00022210613 
         235 -0.0002577372204 
         236 0.0005806351933 
         237 -0.0004684538354 
         238 -8.442369801e-05 
         239 0.0007561986798 
