 12.19532618 
 12.19653804 
 12.19275961 
 12.19717622 
 12.1927314 
 12.19686682 
 12.19233837 
 12.1964926 
 12.19203508 
 12.19628422 
 12.19625503 
 12.19194113 
 12.19631703 
 12.19206027 
 12.19647092 
 12.19222607 
 12.19662807 
 12.19235741 
 12.19672124 
 12.19673361 
 12.19239491 
 12.19669107 
 12.1923164 
 12.1965876 
 12.19220032 
 12.19647225 
 12.19209757 
 12.19639253 
 12.19204809 
 12.19637694 
 12.19639523 
 12.19209907 
 12.1964689 
 12.19218897 
 12.19656534 
 12.19228134 
 12.19664444 
 12.1923396 
 12.19667675 
 12.19667116 
 12.19232326 
 12.19661987 
 12.19225506 
 12.19653944 
 12.1921682 
 12.19646159 
 12.19210247 
 12.1964139 
 12.19208114 
 12.19641542 
 12.19643835 
 12.19213701 
 12.1965036 
 12.19221132 
 12.1965784 
 12.19228296 
 12.19663652 
 12.19232614 
 12.19664743 
 12.19231229 
 12.19662825 
 12.19659611 
 12.19222498 
 12.19653498 
 12.19215842 
 12.19645766 
 12.19212477 
 12.19640582 
 12.19645722 
 12.19207635 
 12.19649234 
 12.19211949 
 12.19655901 
 12.1921751 
 12.19662827 
 12.19224696 
 12.19664164 
 12.19232611 
 12.19658843 
 12.19670173 
