           1           88  1.668499794
           2           91  2.139732496
           3           93   1.42584066
           4          229  3.116767749
           5          232  2.144108927
           6          293  2.578614231
           7          296  3.843119845
           8          421  5.778538789
           9          515  5.635329953
          10          533   4.48949227
          11          740   1.39980574
          12          817   4.85446571
          13          830  3.525911382
          14          838  2.340862278
          15          955  5.340883265
          16          998   3.23069192
