 0 0.01431095799
 1 0.03983547896
 2 0.01787188121
 3 0.03597663464
 4 0.03166021237
 5 0.03087144727
 6 0.05472461442
 7 0.01862538349
 8 0.01480215412
 9 0.04696851618
 10 0.08936964955
 11 0.04733508889
 12 0.08587407492
 13 0.05079636701
 14 0.07877014046
 15 0.06638986114
 16 0.02358301398
 17 0.01662296511
 18 0.02486295015
 19 0.03792670923
 20 0.03316540667
 21 0.04690818953
 22 0.04883514017
 23 0.04462089278
 24 0.05633470944
 25 0.04108820741
 26 0.04062456213
 27 0.06766136194
 28 0.01192291658
 29 0.06192927372
 30 0.06952854194
 31 0.1171373344
 32 0.2299169689
 33 0.2957290159
 34 0.4447630606
 35 0.4199870604
 36 0.180832451
 37 0.3449148149
 38 0.1766767654
 39 0.1423951867
 40 0.1370132768
 41 0.1557893488
 42 0.09464364374
 43 0.02646905228
 44 0.04886770219
 45 0.01717632251
 46 0.0147038554
 47 0.006136809631
 48 0.01901425553
 49 0.07190363506
 50 0.1906647139
 51 0.08731992305
 52 0.1897448783
 53 0.04209665957
 54 0.0421290481
 55 0.06855197006
 56 0.04942504803
 57 0.06654516083
 58 0.1955942564
 59 0.06017695567
 60 0.1549596813
 61 0.4099330094
 62 0.35888886
 63 0.4549098783
 64 0.2826026431
 65 0.507822859
 66 0.3869328709
 67 0.1116182514
 68 0.03024298221
 69 0.03374228061
 70 0.00681073212
 71 0.004176023732
 72 0.06454234214
 73 0.09823834107
 74 0.07942268665
 75 0.1108835343
 76 0.2018705575
 77 0.1356512898
 78 0.1203593987
 79 0.146909269
 80 0.1050697502
 81 0.05894368241
 82 0.04862621489
 83 0.1047952465
 84 0.1004463218
 85 0.02215220586
 86 0.04906185449
 87 0.2331307473
 88 0.2163332562
 89 0.3067408547
 90 0.1800859901
 91 0.4182098845
 92 0.512887446
 93 0.2855572063
 94 0.1593425128
 95 0.2339180518
 96 0.1440465546
 97 0.03027328016
 98 0.01886581146
 99 0.01940176347
 100 0.002427844132
 101 0.01639983326
 102 0.0262026194
 103 0.04318126801
 104 0.05988003999
 105 0.07026210217
 106 0.07776265885
 107 0.03222209047
 108 0.01987192515
 109 0.07527840348
 110 0.2827184593
 111 0.742954809
 112 0.6390714257
 113 0.8755001539
 114 0.9127216567
 115 0.641954147
 116 0.4049376743
 117 0.1266837115
 118 0.04326707727
 119 0.1052327859
 120 0.02655278026
 121 0.01439825154
 122 0.01221642306
 123 0.00668112495
 124 0.06472306627
 125 0.01100848563
 126 0.02206574417
 127 0.03236042846
 128 0.08279429942
 129 0.0272849708
 130 0.04776496688
 131 0.1049831622
 132 0.1101122434
 133 0.242469278
 134 0.5502340964
 135 0.7130334891
 136 0.972590082
 137 0.835244866
 138 0.7820162695
 139 0.5063413539
 140 0.3960223544
 141 0.2103271215
 142 0.3269359722
 143 0.0922061348
 144 0.02042222306
 145 0.02447183665
 146 0.01796111155
 147 0.007008339074
 148 0.02481099788
 149 0.02874357778
 150 0.02254399425
 151 0.02433925852
 152 0.03504160105
 153 0.09868631577
 154 0.04555198003
 155 0.01677421657
 156 0.03206572362
 157 0.01717214369
 158 0.005384877319
 159 0.1417360776
 160 0.03258197747
 161 0.06334289845
 162 0.04899333375
 163 0.05773555401
 164 0.1339066695
 165 0.09275470919
 166 0.1845723375
 167 0.2843978197
 168 0.3439598495
 169 0.2755002841
 170 0.307781986
 171 0.1446039491
 172 0.1079758448
 173 0.05435726904
 174 0.04053813204
 175 0.006420071376
 176 0.01059453574
 177 0.03279373263
 178 0.0271724152
 179 0.05649939985
 180 0.04066627526
 181 0.05991474577
 182 0.03661083961
 183 0.1627913009
 184 0.06248441967
 185 0.02944757865
 186 0.02247704542
 187 0.05122878627
 188 0.01747471894
 189 0.0344473408
 190 0.08237616625
 191 0.08777616183
 192 0.1494512846
 193 0.1228182834
 194 0.06357193047
 195 0.053472708
 196 0.03196401808
 197 0.0515132034
 198 0.01690237853
 199 0.02868562517
 200 0.008515651616
 201 0.00604997309
 202 0.06478894124
 203 0.056054063
 204 0.03559839507
 205 0.02761757209
 206 0.03217876928
 207 0.05392043601
 208 0.06547535323
 209 0.08751822411
 210 0.02278754096
 211 0.008785974794
 212 0.01048903613
 213 0.05389691801
 214 0.06014207215
 215 0.1513314911
 216 0.09623059692
 217 0.02188993231
 218 0.111921139
 219 0.02648704238
 220 0.007204332634
 221 0.02255498748
 222 0.03918120375
 223 0.04552875322
 224 0.02379127204
 225 0.04930418117
 226 0.006951379706
 227 0.0005711977969
 228 0.04142158673
 229 0.136986672
 230 0.07122362996
 231 0.03378240132
 232 0.0246786724
 233 0.03863440116
 234 0.06669524382
 235 0.026382394
 236 0.02400943034
 237 0.01341273352
 238 0.01806988409
 239 0.06979286124
 240 0.031443596
 241 0.01078057831
 242 0.009342129262
 243 0.00921752669
 244 0.0235826217
 245 0.0245335889
 246 0.05808305989
 247 0.09439992615
 248 0.02028753954
 249 0.00683211905
 250 0.01236049126
 251 0.03756240166
 252 0.08106762496
 253 0.2730290374
 254 0.5590069499
 255 0.8185405253
 256 1.186878343
 257 1.147358294
 258 1.281924609
 259 0.5789386364
 260 0.1862621785
 261 0.2335032673
 262 0.09901811426
 263 0.08162731163
 264 0.05641706098
 265 0.05289470159
 266 0.02484023603
 267 0.00716781164
 268 0.02108520481
 269 0.01216708481
 270 0.02751902107
 271 0.07725808528
 272 0.04219173201
 273 0.008931284125
 274 0.01696534598
 275 0.0285921237
 276 0.01975581892
 277 0.03057369426
 278 0.01614374298
 279 0.06563049786
 280 0.1581309628
 281 0.06228991443
 282 0.06046444848
 283 0.03639972712
 284 0.0245296491
 285 0.02331161219
 286 0.0748467266
 287 0.0717904215
 288 0.04544112195
 289 0.1165351928
 290 0.1243883139
 291 0.05046223165
 292 0.0252173489
 293 0.03475827743
 294 0.05905236783
 295 0.02711488034
 296 0.04520705415
 297 0.1072814181
 298 0.04557110346
 299 0.1042961178
 300 0.1309162451
 301 0.04788425102
 302 0.1247396157
 303 0.4886646771
 304 0.3931956556
 305 0.6655103674
 306 0.5468129771
 307 0.3477224079
 308 0.3645429679
 309 0.3659773327
 310 0.2480720323
 311 0.3324130913
 312 0.1428537442
 313 0.1422027759
 314 0.07520479604
 315 0.1166027825
 316 0.08639379525
 317 0.03173592551
 318 0.03322610978
 319 0.04991267752
 320 0.1176780781
 321 0.0749570698
 322 0.1348664959
 323 0.1418909394
 324 0.08154667587
 325 0.03764732789
 326 0.08293464945
 327 0.1194805189
 328 0.0947316562
 329 0.02808617966
 330 0.005769669239
 331 0.004343395904
 332 0.07385476574
 333 0.004743629237
 334 0.01786122036
 335 0.09569472296
 336 0.06737079491
 337 0.03414758593
 338 0.03879014444
 339 0.06255171492
 340 0.1906544646
 341 0.2439831021
 342 0.2240228667
 343 0.3707541788
 344 0.5174893105
 345 0.261022005
 346 0.3240475051
 347 0.1025789767
 348 0.08317121909
 349 0.08937338477
 350 0.04391837581
 351 0.01386726554
 352 0.001302777219
 353 0.01000253605
 354 0.006441251151
 355 0.008191337341
 356 0.006691054144
 357 0.01621029222
 358 0.001768880798
 359 0.0005930840717
 360 0.01578312764
 361 0.3695493288
 362 0.4440756723
 363 1.165501404
 364 1.490373509
 365 0.797257664
 366 0.7812698643
 367 0.3242013587
 368 0.0786545481
 369 0.01139228619
 370 0.0186629952
 371 0.02777354941
 372 0.01963298209
 373 0.03276158342
 374 0.04510000203
 375 0.001587958258
 376 0.003534317086
 377 0.005995171994
 378 0.01501911929
 379 0.01242430053
 380 0.05679653513
 381 0.03793468917
 382 0.08822923388
 383 0.126487594
 384 0.1665153228
 385 0.1386657699
 386 0.1429216086
 387 0.07908226679
 388 0.01464810065
 389 0.1114668541
 390 0.1342737503
 391 0.0850716122
 392 0.2086030845
 393 0.09998806007
 394 0.1861559049
 395 0.1425363879
 396 0.1469921432
 397 0.08689694158
 398 0.003250850234
 399 0.008370156706
 400 0.01309285539
 401 0.0784356136
 402 0.04544976123
 403 0.02082516213
 404 0.09187522412
 405 0.1472782622
 406 0.04019990693
 407 0.02590072459
 408 0.01296039407
 409 0.03215614963
 410 0.01147893581
 411 0.01351560696
 412 0.006817449771
 413 0.01271376731
 414 0.04981788946
 415 0.002243454505
 416 0.01662551619
 417 0.04113474609
 418 0.04105862613
 419 0.05849017605
 420 0.1126198233
 421 0.1370882074
 422 0.1305863444
 423 0.1842313833
 424 0.09263576692
 425 0.2686855023
 426 0.1949821151
 427 0.2246052146
 428 0.3089510057
 429 0.1792186599
 430 0.2064818895
 431 0.01945246502
 432 0.02416404799
 433 0.01716273424
 434 0.0162228881
 435 0.04421202895
 436 0.06383174385
 437 0.05942446405
 438 0.1288258543
 439 0.1606389439
 440 0.1190238614
 441 0.2352916753
 442 0.2561859402
 443 0.5197997671
 444 0.3125006217
 445 0.2971777723
 446 0.3340579569
 447 0.4968659434
 448 0.5723997259
 449 0.6418284676
 450 0.296755624
 451 0.5054595274
 452 0.4931885136
 453 0.4060060046
 454 0.2954692293
 455 0.3442112687
 456 0.2610539111
 457 0.1700101802
 458 0.1864637522
 459 0.07793917912
 460 0.2102705606
 461 0.2959108845
 462 0.6682837243
 463 0.6924032623
 464 0.5640208965
 465 0.6902998444
 466 0.5226118468
 467 0.2647719196
 468 0.4041953133
 469 0.2659113811
 470 0.1768049693
 471 0.5161657353
 472 0.2586425467
 473 0.3671058308
 474 0.7519789712
 475 1.014905351
 476 0.6764101586
 477 0.2664067152
 478 0.2319375346
 479 0.1330035181
 480 0.06538539312
 481 0.03776266141
 482 0.00909963224
 483 0.001878060486
 484 0.006605056763
 485 0.006790985015
 486 0.03788848842
 487 0.01484421536
 488 0.01606039968
 489 0.08494890974
 490 0.1110411329
 491 0.237112552
 492 0.3140152758
 493 0.5044300036
 494 0.8389958265
 495 0.4768374961
 496 0.5083894727
 497 0.6297768823
 498 0.4441494522
 499 0.2482825611
 500 0.1591713844
 501 0.2010612353
 502 0.1781820255
 503 0.1586327113
 504 0.0911877022
 505 0.03852994905
 506 0.05776655442
 507 0.1012997746
 508 0.02376036863
 509 0.02123215664
 510 0.04780677081
 511 0.04202542677
 512 0.1711117649
 513 0.1562919191
 514 0.3027541442
 515 0.2066306184
 516 0.2252764227
 517 0.1956629161
 518 0.09049547762
 519 0.1963640865
 520 0.1553399557
 521 0.1234485658
 522 0.07849085908
 523 0.1278490897
 524 0.1813172625
 525 0.1694462078
 526 0.2288300567
 527 0.08919440496
 528 0.08988547328
 529 0.08227942181
 530 0.04203644024
 531 0.04391392051
 532 0.06380632313
 533 0.0542831565
 534 0.01794700967
 535 0.05067526013
 536 0.01214066436
 537 0.03186237041
 538 0.0400503127
 539 0.003397611659
 540 0.002790179797
 541 0.04657803324
 542 0.02483372741
 543 0.1024463715
 544 0.1386913363
 545 0.07894685329
 546 0.09389698081
 547 0.05109033683
 548 0.05558678528
 549 0.04358440085
 550 0.04272688786
 551 0.01199135367
 552 0.04355329185
 553 0.05405494812
 554 0.0637753958
 555 0.04096647423
 556 0.009684736772
 557 0.0307327993
 558 0.06049541406
 559 0.05339292367
 560 0.02148935033
 561 0.02200947484
 562 0.02549974687
 563 0.01256045206
 564 0.0895336163
 565 0.05419446238
 566 0.1866047997
 567 0.1197217655
 568 0.02731815052
 569 0.02859777836
 570 0.05834010604
 571 0.05905293967
 572 0.05116433882
 573 0.04317268366
 574 0.07231205627
 575 0.04236940073
 576 0.007742542224
 577 0.01505890035
 578 0.01784660051
 579 0.0706526864
 580 0.2071487899
 581 0.2578765424
 582 0.122257119
 583 0.3299276151
 584 0.4618746364
 585 0.9320911122
 586 1.181298049
 587 1.856379132
 588 1.722458027
 589 0.9655737219
 590 0.3927706521
 591 0.2710897725
 592 0.1047005756
 593 0.3289112468
 594 0.05390360142
 595 0.09269811311
 596 0.2348311686
 597 0.1139539594
 598 0.1024035049
 599 0.1104686133
 600 0.08481785186
 601 0.1691581123
 602 0.09790793712
 603 0.1845113368
 604 0.3583141246
 605 0.3357171375
 606 0.1735210344
 607 0.3450447634
 608 0.1969972592
 609 0.07721295994
 610 0.0973430325
 611 0.02753398651
 612 0.07435312164
 613 0.07109770961
 614 0.1484379319
 615 0.2347442485
 616 0.345933459
 617 0.5911963385
 618 0.6827722355
 619 0.5058452537
 620 0.467704937
 621 0.1713707989
 622 0.3786376968
 623 0.06795010828
 624 0.09078254405
 625 0.04784968541
 626 0.05691559505
 627 0.03414893403
 628 0.03253558404
 629 0.0562011835
 630 0.0601358693
 631 0.08783642425
 632 0.07930150722
 633 0.05234470346
 634 0.02563989596
 635 0.07923687759
 636 0.0803185667
 637 0.09019684678
 638 0.1534231002
 639 0.06059985638
 640 0.06786787165
 641 0.05727260297
 642 0.08626926038
 643 0.1118391031
 644 0.06526272129
 645 0.09641521934
 646 0.1303826712
 647 0.03953639143
 648 0.07181706147
 649 0.06065011589
 650 0.01855735213
 651 0.004645450407
 652 0.03141161584
 653 0.08277581847
 654 0.03051189785
 655 0.2098516721
 656 0.1168155569
 657 0.2392915034
 658 0.2228448337
 659 0.5172114749
 660 0.3802658889
 661 0.6234112641
 662 0.3136803058
 663 0.1368849778
 664 0.1734471559
 665 0.02847865307
 666 0.003116487294
 667 0.06047876647
 668 0.1188549155
 669 0.1310403066
 670 0.189268065
 671 0.2261909473
 672 0.3688249072
 673 0.3652649506
 674 0.4437967512
 675 0.2791352065
 676 0.227514323
 677 0.1620321754
 678 0.07787708779
 679 0.08530579305
 680 0.0598147185
 681 0.01669496077
 682 0.01624614955
 683 0.03543582538
 684 0.05038637091
 685 0.01422797013
 686 0.05399132403
 687 0.03533848324
 688 0.02239395708
 689 0.04208856132
 690 0.07094514641
 691 0.05257501784
 692 0.178628187
 693 0.06009569808
 694 0.05260068644
 695 0.01303860021
 696 0.01635700468
 697 0.02869641776
 698 0.02371952232
 699 0.04645858907
 700 0.03724318887
 701 0.04355424778
 702 0.04207521726
 703 0.05108707499
 704 0.112308701
 705 0.1477251924
 706 0.1515298576
 707 0.1047439093
 708 0.1844251901
 709 0.08970905298
 710 0.08839690594
 711 0.03689643838
 712 0.02361343969
 713 0.1412817575
 714 0.2507218842
 715 0.2371936853
 716 0.3002346317
 717 0.5275249267
 718 0.6086714587
 719 0.7148116801
 720 0.5392863674
 721 0.671317934
 722 0.1808149587
 723 0.133451872
 724 0.1908423009
 725 0.2415142058
 726 0.1788973255
 727 0.1598552459
 728 0.0948550297
 729 0.09558672034
 730 0.1813856844
 731 0.1356825114
 732 0.0325890239
 733 0.01902188016
 734 0.03395918099
 735 0.06988418154
 736 0.1497687104
 737 0.1818614971
 738 0.08794932088
 739 0.1433734286
 740 0.02267138112
 741 0.02591127385
 742 0.005141339228
 743 0.03533972425
 744 0.02882572382
 745 0.09771171365
 746 0.06002555988
 747 0.02952698115
 748 0.05764962156
 749 0.05455773556
 750 0.01777762948
 751 0.02341173119
 752 0.03390896169
 753 0.02233064507
 754 0.02509752435
 755 0.007128627665
 756 0.02632939737
 757 0.007438076672
 758 0.04530175581
 759 0.013198737
 760 0.0123607036
 761 0.02657021324
 762 0.02290606389
 763 0.03988797184
 764 0.01391706516
 765 0.01045254446
 766 0.01564305923
 767 0.02695465558
 768 0.05076524938
 769 0.03735693024
 770 0.05643830221
 771 0.03408395467
 772 0.03261946593
 773 0.01786556386
 774 0.01325527399
 775 0.004017248025
 776 0.1476912433
 777 0.04005577899
 778 0.01076816972
 779 0.02458529189
 780 0.01247703949
 781 0.02090601777
 782 0.104849636
 783 0.01876379153
 784 0.04409598126
 785 0.03293144578
 786 0.06716105207
 787 0.09468508882
 788 0.06977142322
 789 0.0281803548
 790 0.1331836344
 791 0.06283869699
 792 0.08138474331
 793 0.2012066047
 794 0.1912952082
 795 0.2611844533
 796 0.2640692842
 797 0.2168981885
 798 0.2822262021
 799 0.2959091608
 800 0.3601615349
 801 0.2137531049
 802 0.1439661654
 803 0.1081362514
 804 0.207451143
 805 0.1408052931
 806 0.1447308433
 807 0.05094505598
 808 0.08977756817
 809 0.09938532659
 810 0.097651664
 811 0.04485646588
 812 0.05597302441
 813 0.04925723378
 814 0.05257529654
 815 0.02094886977
 816 0.008696737014
 817 0.01934240156
 818 0.0481914886
 819 0.02180913213
 820 0.00582269475
 821 0.002589890474
 822 0.0008905135355
 823 0.1335041159
 824 0.03221874384
 825 0.01585494046
 826 0.009135603486
 827 0.01404427922
 828 0.02989508486
 829 0.01364234273
 830 0.03091591048
 831 0.007941543652
 832 0.01763333388
 833 0.06004600475
 834 0.0380200623
 835 0.06434803499
 836 0.02243321174
 837 0.05146055222
 838 0.0677852415
 839 0.1596531103
 840 0.1316200859
 841 0.2507463019
 842 0.3520447063
 843 0.3912939411
 844 0.2433848006
 845 0.1784698774
 846 0.126042629
 847 0.07149438829
 848 0.04447964932
 849 0.03037586902
 850 0.0450684526
 851 0.02465423903
 852 0.02633749558
 853 0.01274332166
 854 0.03421222124
 855 0.05760139445
 856 0.05140961929
 857 0.09039675829
 858 0.1520612774
 859 0.09178920497
 860 0.1915031195
 861 0.5366622366
 862 0.832709019
 863 1.248899844
 864 1.387069499
 865 1.2975986
 866 0.8075233296
 867 0.415418378
 868 0.1591600579
 869 0.04392596839
 870 0.08669960436
 871 0.03217500304
 872 0.08141082167
 873 0.01656990763
 874 0.04301737114
 875 0.0212410677
 876 0.02704440494
 877 0.04014906894
 878 0.02672011129
 879 0.02989312099
 880 0.09037553084
 881 0.117900788
 882 0.03157738099
 883 0.03246291389
 884 0.018362796
 885 0.03755907126
 886 0.02555974037
 887 0.06718046005
 888 0.145797924
 889 0.2109141664
 890 0.1230764736
 891 0.1825863666
 892 0.1220234301
 893 0.05924919537
 894 0.0323076808
 895 0.03174231586
 896 0.07919387053
 897 0.03255601413
 898 0.03756366489
 899 0.09316833761
 900 0.02461880715
 901 0.01089739717
 902 0.1432708808
 903 0.1098644517
 904 0.1091011024
 905 0.03718576602
 906 0.1037642761
 907 0.05664167068
 908 0.03787871333
 909 0.03327593756
 910 0.05207819487
 911 0.09032241442
 912 0.2307854059
 913 0.1528340059
 914 0.2190423702
 915 0.14607484
 916 0.1594007533
 917 0.1221299472
 918 0.2019762731
 919 0.0321255334
 920 0.018985598
 921 0.02393580551
 922 0.03240412672
 923 0.1345695879
 924 0.1281740913
 925 0.1558699791
 926 0.2105697045
 927 0.1707238629
 928 0.2045610396
 929 0.08463933148
 930 0.189234663
 931 0.1967325434
 932 0.2095579909
 933 0.06331512903
 934 0.03875582287
 935 0.05527615509
 936 0.04662109594
 937 0.03956578785
 938 0.02106875906
 939 0.05124997198
 940 0.408718081
 941 0.08824663712
 942 0.1358391584
 943 0.1141363128
 944 0.1729780974
 945 0.07059696883
 946 0.1082959589
 947 0.03541658506
 948 0.1262541614
 949 0.06666994031
 950 0.1265654919
 951 0.04915968647
 952 0.06479731978
 953 0.09018241966
 954 0.0206908028
 955 0.03799941912
 956 0.06960859665
 957 0.1249054749
 958 0.1492772577
 959 0.2003867581
 960 0.1261138808
 961 0.1213549127
 962 0.02292677624
 963 0.02137821067
 964 0.02053323358
 965 0.04860594981
 966 0.0302109498
 967 0.04086473365
 968 0.008404090014
 969 0.00584022813
 970 0.005351206281
 971 0.02570686153
 972 0.02668892775
 973 0.02158498489
 974 0.06797730414
 975 0.09319921366
 976 0.1251213577
 977 0.1022034916
 978 0.08976029741
 979 0.03536399631
 980 0.06105812705
 981 0.01877537789
 982 0.02990838082
 983 0.02080057997
 984 0.02844764951
 985 0.01323923553
 986 0.05795616358
 987 0.1842827139
 988 0.213650659
 989 0.3421186888
 990 0.3318465569
 991 0.5406495032
 992 0.6515635312
 993 1.011731423
 994 0.7558384849
 995 0.6684165149
 996 0.4155871821
 997 0.2936761961
 998 0.1468229204
 999 0.06332504322
