 0 0.5761005136
 1 0.02985265452
 2 0.4219027573
 3 0.2296542552
 4 0.1980898018
 5 0.1789288777
 6 0.2935581022
 7 0.4584144943
 8 0.1627521005
 9 0.2242661955
 10 1.139180802
 11 1.053075101
 12 0.3214540022
 13 0.4095498238
 14 0.1437749219
 15 0.4425056754
 16 0.5435826246
 17 0.3507885655
 18 0.3516472696
 19 0.5356675411
 20 0.4785767483
 21 1.042830074
 22 0.3094580575
 23 0.5312244619
 24 0.3951399113
 25 0.5230599529
 26 1.073297991
 27 11.1687247
 28 87.84017417
 29 7.213347912
 30 0.99006748
 31 0.02551686797
 32 0.0796349342
 33 0.3737245025
 34 0.7117809891
 35 0.573440656
 36 0.9348172276
 37 0.4489756814
 38 0.3275634863
 39 0.0498029733
 40 0.3972598294
 41 0.07551181256
 42 0.9143714699
 43 1.43981814
 44 0.7071674697
 45 0.4800066914
 46 0.5489164622
 47 0.1820269936
 48 0.6543039675
 49 0.5688779894
 50 0.06272112693
 51 0.08722268271
 52 0.1554068258
 53 0.09638745787
 54 0.3649371297
 55 0.1555247424
 56 0.625422534
 57 0.7449977636
 58 0.652653319
 59 0.7414831538
 60 0.3035480811
 61 0.1142759718
 62 0.3688790219
 63 0.4141412877
 64 0.3972976476
 65 2.359054536
 66 0.04148922248
 67 0.285871494
 68 0.1312568135
 69 0.1432644194
 70 0.1378286479
 71 0.7767439037
 72 0.08141828605
 73 0.3699716598
 74 0.548853864
 75 0.7577058976
 76 0.4702513351
 77 0.5282003531
 78 1.616142319
 79 0.1566980302
 80 0.2741976383
 81 1.012280734
 82 1.939111318
 83 1.192765439
 84 0.2707177751
 85 0.4913162912
 86 0.6697642537
 87 3.165937357
 88 0.4070272326
 89 0.265157214
 90 0.4712900744
 91 0.5949714553
 92 0.3745598512
 93 0.1694667143
 94 0.3410050741
 95 0.4383803527
 96 0.4721604744
 97 0.07760972476
 98 0.1736015635
 99 0.4797139975
 100 0.4307645412
 101 0.05729018298
 102 0.5714181616
 103 0.3315687858
 104 0.2841136244
 105 0.6437289001
 106 0.2928064502
 107 0.9612504676
 108 0.4170048974
 109 0.2299801148
 110 0.5020953289
 111 1.3417869
 112 0.8854336037
 113 0.4524376399
 114 0.2303641936
 115 0.4550545316
 116 0.1114412409
 117 0.9231964759
 118 0.4257737997
 119 0.9065476335
 120 0.4940896743
 121 1.132623754
 122 1.412504045
 123 1.1224308
 124 1.001104539
 125 0.3292191328
 126 0.2387921888
 127 0.7748739362
 128 0.4721283921
 129 0.1052519066
 130 0.388304643
 131 0.562222494
 132 1.119326495
 133 1.384902734
 134 0.4750329114
 135 0.4276715431
 136 1.120257588
 137 0.4906868289
 138 0.1958526394
 139 0.2573068352
 140 0.4857417571
 141 0.8708458785
 142 1.09411553
 143 0.6661588742
 144 1.191918396
 145 0.6042380416
 146 0.2095855183
 147 0.5584259355
 148 0.7741748836
 149 0.3678732343
 150 1.359645571
 151 0.8363102165
 152 0.4066934043
 153 0.5814215945
 154 0.2468674132
 155 0.3502050571
 156 1.55953031
 157 1.313942275
 158 0.7214079837
 159 0.2523766722
 160 0.3248110098
 161 0.178320924
 162 1.145989244
 163 0.3859362501
 164 0.6479232414
 165 1.744441111
 166 2.090585131
 167 6.167419553
 168 89.24500368
 169 5.078899786
 170 0.9809998526
 171 1.235902076
 172 0.3027071654
 173 0.9722159364
 174 1.324535764
 175 1.607030249
 176 0.224238681
 177 0.1792760323
 178 0.203219234
 179 0.3505124646
 180 0.6452363266
 181 0.6118773144
 182 0.2698390989
 183 0.1109198796
 184 0.3228003692
 185 0.3391595145
 186 0.5609691337
 187 0.5218590943
 188 0.2418738248
 189 0.4039630238
 190 0.3977673882
 191 0.4393467418
 192 0.2366930319
 193 0.4599255457
 194 0.899418466
 195 0.349634459
 196 0.1859605614
 197 0.1484719386
 198 0.2762515716
 199 0.1195398692
 200 1.195892377
 201 0.3204297977
 202 0.08032327073
 203 1.02268476
 204 0.2269434142
 205 0.1293261741
 206 0.3663908009
 207 1.302578395
 208 1.829223165
 209 1.126290799
 210 0.8704856655
 211 0.01806214345
 212 0.1725444568
 213 0.4001080921
 214 0.7398723958
 215 0.2595778904
 216 0.304711216
 217 0.1050579351
 218 0.5107428241
 219 0.7963080617
 220 1.334655155
 221 0.9826865886
 222 0.1207588742
 223 0.06796701539
 224 0.3665043406
 225 0.287762763
 226 0.2793343765
 227 0.1437906527
 228 0.1976752482
 229 0.667333191
 230 3.927459999
 231 90.30284007
 232 7.447359722
 233 0.6656450463
 234 0.2796436461
 235 0.08427520588
 236 1.445063368
 237 0.2046749732
 238 0.3226474088
 239 1.223316383
 240 0.5472335632
 241 0.9284596773
 242 0.8213267149
 243 0.2024665873
 244 0.3658335508
 245 0.5022224375
 246 0.09192194381
 247 0.595682635
 248 0.449308891
 249 0.1557255125
 250 0.5762585889
 251 0.5663841276
 252 1.216885028
 253 0.4870608398
 254 0.3656771799
 255 0.2257322162
 256 0.6537484473
 257 2.817183319
 258 1.819124959
 259 1.005100551
 260 0.4537689299
 261 1.252011969
 262 0.09390746941
 263 1.117062158
 264 0.3752349804
 265 1.853781476
 266 0.8474517619
 267 0.3629795517
 268 0.1170080935
 269 0.3113299791
 270 1.288565746
 271 1.14845681
 272 1.526743186
 273 1.020726369
 274 0.8754724858
 275 0.516938264
 276 0.08401756662
 277 0.2999682425
 278 0.1842198135
 279 0.3147835977
 280 0.3323448996
 281 0.5261623516
 282 0.5544782666
 283 0.8385805321
 284 0.2247138087
 285 0.3518916725
 286 0.116999117
 287 0.4892817545
 288 0.2972387927
 289 1.130402707
 290 1.070549106
 291 1.430343276
 292 0.6049077527
 293 0.3764510969
 294 1.342928966
 295 0.965503945
 296 0.09214748304
 297 0.4482157251
 298 10.27892007
 299 76.03334894
 300 9.617633989
 301 0.777191212
 302 0.7397612842
 303 1.059528656
 304 0.3545063453
 305 0.4895375239
 306 0.744019242
 307 1.015530175
 308 0.4750241691
 309 1.402534653
 310 0.5585491853
 311 0.9895072756
 312 1.290999165
 313 0.3137326673
 314 0.2738155696
 315 0.6072823662
 316 0.4069870522
 317 0.6473667089
 318 0.5263487613
 319 0.8485099115
 320 1.532941524
 321 0.3870050791
 322 1.211474338
 323 0.1995884167
 324 0.377823777
 325 0.2366709004
 326 0.3034046552
 327 1.503913661
 328 0.6361351297
 329 0.5533189879
 330 0.762583635
 331 0.9969294379
 332 0.1149680636
 333 0.2689637854
 334 0.2831016238
 335 1.539911348
 336 0.4251352996
 337 0.6669246963
 338 0.7132321858
 339 0.2581688242
 340 0.1755949259
 341 1.069712519
 342 0.733869393
 343 0.5196711252
 344 0.0986087709
 345 0.07133302638
 346 0.1310949904
 347 0.1496451955
 348 0.7770994981
 349 1.076643758
 350 0.06250561441
 351 0.006721120484
 352 0.009843477779
 353 0.5424215863
 354 1.451230438
 355 0.5269776551
 356 0.3667034347
 357 1.624564496
 358 0.9127626106
 359 0.7125276552
 360 0.09480603791
 361 0.6522663154
 362 0.8966889441
 363 0.3828710848
 364 0.1627301952
 365 0.1916909858
 366 0.7315975487
 367 0.6333937858
 368 0.1886992938
 369 0.6778304919
 370 0.2864090225
 371 0.5998239937
 372 1.666181688
 373 0.3906455982
 374 0.2378585799
 375 0.1984592641
 376 0.4613962784
 377 0.3055536416
 378 0.283796353
 379 0.3422275604
 380 0.5566642667
 381 0.4199419947
 382 0.5346416836
 383 0.3295125341
 384 0.1273677272
 385 0.01371875794
 386 1.042819002
 387 1.415928665
 388 0.1559938096
 389 0.3361473991
 390 0.0638433374
 391 0.9308856964
 392 0.872531637
 393 1.366780122
 394 1.35624894
 395 0.06405637628
 396 0.06614159196
 397 0.06557329171
 398 0.2106069625
 399 0.5184650049
 400 0.2086793348
 401 0.3075303119
 402 0.1144052588
 403 0.3942549428
 404 0.8477105397
 405 0.2953324117
 406 0.2943519793
 407 0.6241774708
 408 0.3265965979
 409 0.1087909706
 410 0.5062485279
 411 1.162290402
 412 0.4633391966
 413 0.2769827827
 414 0.1452109727
 415 0.5463869386
 416 1.390170917
 417 0.5898542589
 418 0.3089972338
 419 2.00785073
 420 0.3140005298
 421 0.05783017925
 422 0.1708256329
 423 0.3318785852
 424 1.678223936
 425 0.4877037656
 426 1.124152019
 427 0.01602028465
 428 0.7236006778
 429 4.348085679
 430 95.6354468
 431 3.532484398
 432 0.6722461341
 433 0.1263250967
 434 0.1635930814
 435 0.5316206982
 436 0.2334749001
 437 0.4975776066
 438 0.5739594005
 439 0.2693002485
 440 0.76807354
 441 0.02001212209
 442 0.02961520298
 443 0.02408639344
 444 0.3460036443
 445 0.04466582604
 446 0.237735265
 447 0.2544714836
 448 0.1097781123
 449 0.1903757944
 450 0.9142756145
 451 1.247001289
 452 1.384677525
 453 1.393021871
 454 0.3005350043
 455 0.5559790695
 456 0.6949601925
 457 0.2193524745
 458 1.171839438
 459 0.3303994041
 460 0.06731666448
 461 0.8182074149
 462 0.5503588641
 463 0.1894090449
 464 0.2111508518
 465 1.050801938
 466 1.953470607
 467 0.5772337158
 468 0.130468719
 469 0.07908711331
 470 0.4476373765
 471 0.4649281548
 472 0.3829350726
 473 0.1084640772
 474 0.1170200731
 475 0.2250830388
 476 1.002305748
 477 2.025792068
 478 0.9497928953
 479 0.2820715512
 480 0.5011416699
 481 0.1359841505
 482 0.4130705841
 483 1.016749014
 484 1.969390323
 485 0.6352797294
 486 0.008773982205
 487 0.8641633412
 488 0.6699854004
 489 1.089435825
 490 0.9550868807
 491 0.4654355049
 492 0.05433258776
 493 0.342654845
 494 0.4727143942
 495 0.1150549642
 496 0.3102291171
 497 0.923934199
 498 0.8312497131
 499 0.09156139439
 500 0.3629858469
 501 0.8435973951
 502 0.1039667951
 503 0.6674716105
 504 0.2531642636
 505 7.551621205
 506 85.36398043
 507 5.138594358
 508 2.126175666
 509 1.184958698
 510 0.2534377866
 511 1.872589868
 512 1.051996566
 513 0.3027158664
 514 0.0205000047
 515 0.09560565303
 516 1.036723072
 517 0.03663950042
 518 0.2230266716
 519 0.6225370955
 520 0.5719454753
 521 0.172090356
 522 1.331253343
 523 0.3681305799
 524 0.1708461991
 525 0.1510095967
 526 0.3150288756
 527 0.08066630213
 528 0.2032777882
 529 0.1068715718
 530 1.167002164
 531 0.650394168
 532 0.167555504
 533 0.1754044478
 534 0.2417172992
 535 0.05977616709
 536 0.4574397738
 537 1.178220323
 538 2.252282159
 539 0.1733740752
 540 0.6307728882
 541 0.2924060333
 542 0.2071104371
 543 0.7514790413
 544 0.280541304
 545 1.086749046
 546 1.080856994
 547 0.7647006159
 548 0.1464272116
 549 0.396873174
 550 0.9377618419
 551 0.2273001945
 552 0.108386668
 553 0.3246934191
 554 1.106820836
 555 0.3726039898
 556 0.480650822
 557 0.3109582126
 558 0.5338368007
 559 1.384331903
 560 1.477414878
 561 0.9959289018
 562 0.6483044267
 563 0.2003435762
 564 0.05197348622
 565 0.8877777754
 566 0.6616818891
 567 0.3961864627
 568 1.066450859
 569 0.2795710333
 570 0.05519900273
 571 0.4557818584
 572 0.2452663105
 573 1.607339476
 574 0.2539017895
 575 0.1791178243
 576 0.28575293
 577 0.4230055193
 578 0.08794399003
 579 0.1432679263
 580 0.6796913755
 581 0.5849551044
 582 0.8506630055
 583 0.3192799546
 584 0.7302687093
 585 0.681397929
 586 0.8566289046
 587 0.4661125369
 588 1.710224462
 589 0.3906439133
 590 0.1187202821
 591 1.081679063
 592 0.2710815998
 593 0.2687640921
 594 1.298745391
 595 2.527245348
 596 0.6549333707
 597 0.6265404355
 598 0.2766048208
 599 0.3893944127
 600 0.8948948397
 601 0.7627775631
 602 1.07608251
 603 1.420108756
 604 0.8495586516
 605 4.816369111
 606 94.19627797
 607 4.275416959
 608 0.1489158172
 609 0.1918689417
 610 0.4441316762
 611 0.159709264
 612 0.06203059698
 613 0.4143966881
 614 0.5429200039
 615 0.1444730333
 616 1.349475652
 617 2.81561639
 618 2.505038339
 619 0.7828509407
 620 0.2428022113
 621 1.315247038
 622 0.222056225
 623 0.3158051726
 624 0.5067454166
 625 0.16627772
 626 1.16494872
 627 0.5023074932
 628 0.6619483968
 629 0.08678749003
 630 0.7249271892
 631 0.330240899
 632 0.6848558725
 633 0.5744489786
 634 1.735843636
 635 1.57812594
 636 0.622407207
 637 0.7851447394
 638 0.4822445133
 639 0.5829358168
 640 2.127236939
 641 0.4650465882
 642 1.262830145
 643 0.5732082887
 644 0.9175018946
 645 0.4901069981
 646 0.2917586961
 647 0.5741610207
 648 0.9883307688
 649 1.519055121
 650 0.316207007
 651 0.7188200404
 652 0.2863167179
 653 0.5876425852
 654 0.04690417633
 655 1.033576793
 656 2.474157808
 657 0.9066376406
 658 0.6091857799
 659 0.5534178456
 660 0.1144514983
 661 0.3723597408
 662 0.05797133078
 663 0.1803859569
 664 0.3729381464
 665 0.3243960202
 666 0.6616822169
 667 3.196036496
 668 0.8318433392
 669 1.908019527
 670 1.326134515
 671 2.766233543
 672 0.8190293936
 673 0.1805120189
 674 0.3773206128
 675 0.3925273069
 676 0.6183198796
 677 0.2303551055
 678 0.03062840356
 679 0.08095763413
 680 1.068880341
 681 0.5644726971
 682 2.485829666
 683 0.7258502431
 684 0.2753177669
 685 0.9062621431
 686 0.2423717231
 687 0.3540251277
 688 0.3016989611
 689 0.5106073196
 690 0.6396094941
 691 0.3573992229
 692 0.2760611143
 693 0.9537597247
 694 2.194389392
 695 0.7841796461
 696 0.386315458
 697 1.323831907
 698 0.5390363457
 699 0.4836102315
 700 1.112485122
 701 0.04239068072
 702 0.140069438
 703 0.1742121575
 704 0.3685346756
 705 0.3544753493
 706 0.9304062017
 707 1.442652501
 708 0.3018350663
 709 0.9723910464
 710 0.05807088048
 711 0.1491222222
 712 0.4515026019
 713 0.8790973389
 714 0.855498636
 715 0.3479211075
 716 0.1854013796
 717 0.7461584353
 718 0.1827238612
 719 0.1708350616
 720 0.5683985446
 721 0.3725600352
 722 0.1433605198
 723 0.1738942145
 724 0.2098766477
 725 0.7567555145
 726 0.9274322173
 727 2.02010297
 728 0.2310454964
 729 1.154458631
 730 0.44123852
 731 9.781978477
 732 92.1164824
 733 6.935963933
 734 1.469570743
 735 1.765402478
 736 0.1854418746
 737 0.4403157969
 738 2.189516982
 739 0.3597180797
 740 0.1689437138
 741 0.5676953676
 742 0.341342378
 743 0.7658433012
 744 0.4103055523
 745 0.1806680165
 746 0.1857753767
 747 0.1112053414
 748 0.1171337052
 749 0.09846796115
 750 0.01724087215
 751 0.09591369873
 752 0.1612152605
 753 0.2619726308
 754 0.3385819781
 755 0.5140441399
 756 1.127114655
 757 0.3869969643
 758 0.2773590344
 759 0.7050634657
 760 1.462270893
 761 1.136247919
 762 0.3044524079
 763 0.2167893003
 764 0.1681553317
 765 1.109872224
 766 1.660899508
 767 1.234857267
 768 1.185399194
 769 0.9701871576
 770 0.7704575546
 771 0.09557931034
 772 0.359102119
 773 0.1973337416
 774 0.5512203697
 775 0.3700092814
 776 0.4996723014
 777 0.4379299737
 778 0.9173575592
 779 0.8191331251
 780 0.5815026327
 781 0.1578847008
 782 0.0898846548
 783 0.9998775472
 784 0.3934301708
 785 0.5261220131
 786 0.35825654
 787 0.0757994903
 788 3.167094585
 789 1.252280782
 790 0.4196705818
 791 1.073684354
 792 2.000800129
 793 1.36671786
 794 1.677274213
 795 0.9123994305
 796 0.2924811542
 797 0.07159279628
 798 0.5792257626
 799 0.77200244
 800 0.1188491204
 801 1.127227305
 802 2.067941831
 803 0.5900003682
 804 3.275965331
 805 102.9216844
 806 7.402853117
 807 0.7493617414
 808 0.3866070747
 809 0.2899223755
 810 0.2337945906
 811 1.386686852
 812 0.4330391772
 813 0.9701137679
 814 0.4568496035
 815 1.410171678
 816 0.7006149942
 817 0.2498570183
 818 0.4462333557
 819 0.4901831818
 820 0.2926814375
 821 2.313086383
 822 0.7035651935
 823 0.5815746079
 824 0.1173708436
 825 0.7172458183
 826 0.5288722487
 827 1.508353154
 828 0.1524693009
 829 0.07701073907
 830 0.2159998064
 831 0.4961610277
 832 1.145918321
 833 3.155103646
 834 0.9148864932
 835 0.2394239578
 836 0.08891928165
 837 0.06951114118
 838 1.33082694
 839 0.1339725354
 840 0.4022454827
 841 0.4237231388
 842 0.6178700311
 843 0.09505058476
 844 0.5292405059
 845 1.522663601
 846 0.4025132662
 847 1.82295165
 848 1.192074133
 849 0.4492925856
 850 0.1852424483
 851 0.7725883923
 852 0.6237691977
 853 0.2213739062
 854 0.5507288828
 855 0.8293177773
 856 0.7324472538
 857 1.292578808
 858 0.7663858735
 859 1.105712263
 860 1.79422806
 861 0.82841798
 862 0.1078230116
 863 0.2362775296
 864 0.4941410843
 865 1.668963225
 866 0.4705822309
 867 1.228457642
 868 0.2203446045
 869 1.110774151
 870 0.1199612455
 871 0.8348271617
 872 0.4860948311
 873 0.408718357
 874 0.5181813997
 875 0.2386772535
 876 0.4339893838
 877 0.5543555226
 878 0.5700349817
 879 1.026764166
 880 0.4446934158
 881 0.1665090732
 882 1.990934329
 883 1.479076474
 884 0.1553063804
 885 0.1277847117
 886 0.1547032436
 887 0.3289490075
 888 1.34488045
 889 0.9822180097
 890 0.4129789984
 891 0.1723427893
 892 0.2397499905
 893 0.6394305231
 894 0.8458185882
 895 1.150221811
 896 0.3029395501
 897 0.805799128
 898 0.03682607156
 899 0.299975304
 900 0.1935630823
 901 0.1243062784
 902 0.05472650964
 903 0.1358713182
 904 0.2815521029
 905 0.1353593077
 906 0.4227878452
 907 0.1373539681
 908 0.228823586
 909 0.1992018412
 910 0.3147937146
 911 0.1046923023
 912 0.098216428
 913 0.6213277849
 914 0.6269849202
 915 0.5275842741
 916 0.5064732048
 917 4.256304979
 918 89.17670058
 919 5.695833222
 920 0.5014207603
 921 0.7424736321
 922 0.300635426
 923 0.5876837064
 924 0.3207552434
 925 0.619714544
 926 0.6395789886
 927 0.3686215657
 928 1.282203325
 929 0.2328161026
 930 0.4957992973
 931 0.1852974585
 932 0.5203462143
 933 0.1422809014
 934 0.5248285265
 935 0.9223022651
 936 0.6817398199
 937 0.518107014
 938 0.003559446278
 939 0.275433983
 940 1.574455229
 941 0.6294717627
 942 0.451538558
 943 0.6882982402
 944 0.3878562414
 945 0.2022593771
 946 0.6791433491
 947 0.123127729
 948 0.02702222993
 949 0.05942803518
 950 0.1601417243
 951 1.391976276
 952 1.567020564
 953 0.2871997822
 954 0.6850076678
 955 0.005954622302
 956 0.1580987838
 957 0.2523473683
 958 0.1058666
 959 0.1848837278
 960 0.6817738876
 961 1.000404467
 962 0.1794167457
 963 1.408876786
 964 0.4442561518
 965 0.8313619479
 966 0.1854762764
 967 0.03501155345
 968 0.4690613811
 969 0.6469310382
 970 0.1491875654
 971 0.9212773519
 972 0.3168475915
 973 0.7707913484
 974 1.226592987
 975 0.9258601274
 976 0.3535629557
 977 0.08956297667
 978 0.8835871355
 979 0.6970016343
 980 0.5538365807
 981 0.2844051722
 982 0.5002543287
 983 0.5698105622
 984 0.2816338042
 985 0.9483929144
 986 0.5115542327
 987 0.1612645533
 988 0.04137261452
 989 0.04347537594
 990 0.1000715429
 991 0.2626607112
 992 0.1438938706
 993 0.2767161831
 994 0.07252941634
 995 0.0626903312
 996 0.1749215832
 997 0.490680048
 998 0.2689237028
 999 1.820839225
