         180 0.01042409644 
         181 -0.007335209163 
         182 -0.0006396342677 
         183 0.00855586171 
         184 -0.0106921088 
         185 0.005382847033 
         186 0.003806898285 
         187 -0.01133931947 
         188 0.01168551642 
         189 -0.005583168171 
         190 -0.002691873162 
         191 0.00543556361 
         192 0.002298658155 
         193 -0.02147435026 
         194 0.05175029278 
         195 -0.09574262143 
         196 0.1703380053 
         197 -0.312657601 
         198 0.5920020468 
         199 -1.084210929 
         200  1.605416327 
         201 -1.084210929 
         202 0.5920020468 
         203 -0.3126576011 
         204 0.1703380053 
         205 -0.09574262143 
         206 0.05175029278 
         207 -0.02147435026 
         208 0.002298658156 
         209 0.00543556361 
         210 -0.002691873162 
         211 -0.005583168171 
         212 0.01168551642 
         213 -0.01133931947 
         214 0.003806898285 
         215 0.005382847033 
         216 -0.0106921088 
         217 0.00855586171 
         218 -0.0006396342674 
         219 -0.007335209163 
         220 0.01042409644 
         221 -0.006389425323 
         222 -0.001185086965 
         223 0.007261922612 
         224 -0.007849248805 
         225 0.003067365607 
         226 0.003123413048 
         227 -0.006788940815 
         228 0.005597588632 
         229 -0.001319460658 
         230 -0.002653697735 
         231 0.003744147288 
         232 -0.001686477713 
         233 -0.0007562393177 
         234 0.001719594591 
         235 -0.0006392463291 
         236 -0.0006130546247 
         237 -6.508622824e-05 
         238 0.002119579616 
         239 -0.004233729616 
