 21.56158207 
 21.54888204 
 21.5228539 
 21.51749826 
 21.5212391 
 21.53168708 
 21.52894568 
 21.53638624 
 21.53925574 
 21.52403023 
 21.51874208 
 21.52102115 
 21.53727426 
 21.5378835 
 21.5376888 
 21.52940968 
 21.52082012 
 21.51858995 
 21.52369303 
 21.53993565 
 21.53851598 
 21.53667912 
 21.52021429 
 21.51822896 
 21.52382854 
 21.53251909 
 21.53810769 
 21.53585183 
 21.5348509 
 21.51994435 
 21.51915056 
 21.52557917 
 21.53451685 
 21.53840659 
 21.53464648 
 21.52514931 
 21.51791289 
 21.52616896 
 21.53516663 
 21.53848743 
 21.53376122 
 21.52490524 
 21.51910794 
 21.52050383 
 21.5353324 
 21.53585057 
 21.53796048 
 21.53192072 
 21.52473082 
 21.5162354 
 21.5307878 
 21.52869744 
 21.53839465 
 21.53440773 
 21.53261778 
 21.52016059 
 21.52314294 
 21.53128645 
 21.5381743 
 21.53779268 
 21.52956998 
 21.5200186 
 21.51754514 
 21.52572418 
 21.54518793 
 21.54098669 
 21.52580419 
 21.52634427 
 21.52485425 
 21.52496123 
 21.51911163 
 21.54396947 
 21.54720173 
 21.52019658 
 21.52718407 
 21.51980396 
 21.51985848 
 21.54441754 
 21.53088251 
 21.54112119 
 21.52480417 
 21.51513721 
