           1           63   106.953076
           2          163  116.2589324
           3          256  98.13794544
           4          324  94.42455399
           5          359  89.50183956
           6          466  91.03664446
           7          498  94.99680396
           8          607  113.2197885
           9          641  85.44103475
          10          716  103.0418836
          11          770  91.94044937
          12          866  117.7449339
          13          972  115.1279329
