           0 0.4760374358
           1 0.2273691273
           2 0.4352086442
           3 0.3415291208
           4  1.129425859
           5  1.942810567
           6 0.4390291462
           7 0.2525824941
           8  0.540686648
           9  2.300593732
          10  1.701241809
          11  5.914323257
          12  2.846053093
          13 0.9289503381
          14 0.6416358678
          15  1.216674639
          16 0.8112156477
          17 0.5220947561
          18 0.9141598391
          19 0.2295198654
          20 0.1698272722
          21 0.7984578503
          22 0.5287342321
          23  0.773363031
          24 0.8937028474
          25 0.6705442936
          26  1.856845749
          27 0.5846853826
          28   2.87964313
          29 0.8263311955
          30 0.3511637176
          31 0.8325335236
          32 0.5285756582
          33  1.160193713
          34  2.204981842
          35  1.210232617
          36 0.3812979651
          37 0.8265475862
          38 0.2211732511
          39  2.905323857
          40 0.1729023327
          41 0.5288076336
          42 0.08129536547
          43 0.3148616842
          44 0.2623245311
          45 0.9632332903
          46  0.560821452
          47   1.37182426
          48 0.4659767397
          49  1.092266705
          50  1.627423491
          51  1.894232557
          52 0.9707734902
          53 0.1770895456
          54  1.119110424
          55 0.9551555373
          56  1.437813552
          57 0.3156980284
          58 0.2953965406
          59 0.9101931423
          60 0.8191469535
          61 0.5908390993
          62  5.486526727
          63   84.4203798
          64  12.05671874
          65   3.29478401
          66 0.9822156573
          67 0.1216119549
          68 0.5130096298
          69 0.7125311255
          70 0.2788250854
          71 0.3496356032
          72 0.3994753676
          73 0.2075523513
          74 0.6533213669
          75 0.07059270241
          76 0.04924119902
          77 0.1171478372
          78 0.4963240134
          79  1.228049131
          80  1.312779405
          81 0.4595126462
          82 0.3216055816
          83  1.776909704
          84  2.070545191
          85  1.493257398
          86 0.6645724922
          87 0.2251640373
          88 0.7662197576
          89  1.709596874
          90 0.4219295345
          91 0.2615993457
          92 0.5790992515
          93 0.7256460896
          94 0.2573095568
          95  1.315542999
          96 0.4704905939
          97 0.3019227654
          98 0.5850243253
          99  0.655642256
         100 0.1321734491
         101  1.579574357
         102 0.1957789905
         103  1.373849253
         104 0.3927097718
         105 0.1840134534
         106 0.4057988119
         107 0.7353789637
         108 0.4309504704
         109  1.541635575
         110 0.3191942016
         111  1.648692125
         112  1.481351238
         113 0.0474800639
         114 0.1308816873
         115 0.9317580171
         116 0.3408655144
         117  1.324071513
         118 0.6245451637
         119 0.3922913671
         120 0.6218567402
         121 0.2810849155
         122 0.3315075435
         123 0.6131647394
         124  2.355862279
         125  1.027502692
         126 0.9274549277
         127  0.915758899
         128 0.2283793962
         129 0.2519632789
         130  2.251762875
         131 0.9634018029
         132 0.5665590866
         133  2.127286321
         134  1.086092693
         135 0.09746812668
         136  1.005579971
         137  1.641359285
         138 0.9176090826
         139 0.3041848447
         140 0.1543938036
         141 0.4335702099
         142  1.366826476
         143 0.1259899571
         144 0.3289816488
         145 0.2857845419
         146 0.5305724054
         147  0.393589812
         148 0.1959217235
         149 0.6792397041
         150  1.902421531
         151 0.9877909239
         152 0.7495205289
         153  5.652957869
         154  1.426861549
         155 0.5795614808
         156  1.097176245
         157  1.549012764
         158 0.2721435569
         159  0.708440574
         160  0.675549864
         161 0.8901160757
         162  4.054802246
         163  99.98737883
         164   8.79110595
         165   1.22521934
         166 0.6347600853
         167  7.217983372
         168 0.4950405729
         169 0.5083812018
         170 0.1825014547
         171  2.472251114
         172  1.912387885
         173 0.4519543978
         174   1.03935427
         175 0.5267444093
         176  0.247895746
         177  0.340382052
         178 0.2871479797
         179  0.121635333
         180 0.2014843537
         181  0.518860402
         182 0.2110279908
         183 0.4839541836
         184 0.1131151266
         185 0.3156371329
         186  1.136219208
         187 0.4155430914
         188  1.253508009
         189 0.3418595963
         190 0.05021351162
         191 0.7252866374
         192 0.4721917508
         193  1.082513153
         194  0.517786576
         195  1.004365372
         196 0.3092807193
         197  0.644496964
         198 0.5819184084
         199  1.542164817
         200  1.075160096
         201 0.3553442165
         202   1.25100079
         203 0.5449736877
         204 0.4599764897
         205  1.346528793
         206  1.387700592
         207 0.9936414137
         208 0.6534961833
         209 0.5064486973
         210 0.1605185502
         211  2.893004871
         212  1.273816215
         213 0.7537045234
         214 0.7870371299
         215   1.37945952
         216 0.1867515174
         217 0.4203425785
         218  1.191237357
         219 0.8628952961
         220  1.702862415
         221  3.952240125
         222 0.06993183536
         223 0.4604663981
         224  1.627362247
         225  2.121819937
         226  4.049236859
         227 0.6411102428
         228 0.3839803264
         229   1.22947687
         230 0.6885246241
         231  2.341817163
         232  1.668916118
         233 0.4113208521
         234 0.6427600652
         235 0.3205462551
         236 0.01948719499
         237 0.0421782876
         238    0.3851789
         239  1.758463125
         240   2.01392847
         241  3.675281384
         242  1.674361043
         243  1.445228309
         244 0.2543938222
         245 0.3398358157
         246 0.8877698457
         247 0.4621785008
         248 0.6380927083
         249 0.7116475824
         250  1.341461978
         251 0.8806632506
         252 0.3317693382
         253  1.376998843
         254  1.779968054
         255  7.117842134
         256  81.57679546
         257  5.625532627
         258 0.3290389831
         259 0.9474352754
         260  3.411734843
         261  2.824911961
         262 0.7338061596
         263  1.679501932
         264  1.254130029
         265  1.119294576
         266  1.516683767
         267   1.86614179
         268  1.338555449
         269 0.4295500878
         270 0.3489235783
         271 0.08496682273
         272 0.4367100511
         273  1.030636519
         274 0.1372545478
         275 0.1895026991
         276 0.2937850737
         277  1.817275309
         278 0.4869187719
         279 0.09678176055
         280 0.07630404815
         281 0.2806220816
         282 0.7413682718
         283 0.3838393128
         284 0.4378855129
         285  1.539663678
         286  1.503920502
         287  2.979997468
         288 0.6838836809
         289  0.994537644
         290 0.7330630772
         291 0.3271733446
         292  1.410851135
         293 0.5136032583
         294   1.00341873
         295  1.531444902
         296 0.4315184307
         297 0.9335494776
         298 0.1854468454
         299 0.2375700128
         300 0.2435640313
         301 0.1106145899
         302 0.2158689953
         303 0.1705685771
         304 0.8646503062
         305  1.053850776
         306 0.8309993235
         307 0.07720767379
         308 0.04991439719
         309 0.3143737276
         310 0.5573859076
         311 0.5030907498
         312 0.5635484264
         313 0.2559960106
         314 0.7685281489
         315 0.8641782358
         316 0.2090305892
         317 0.0847976904
         318 0.1638909379
         319 0.3747764294
         320  2.206182994
         321 0.2060463943
         322  2.185512226
         323  11.69401948
         324   70.8678555
         325  9.197960861
         326 0.2731595252
         327 0.2800731658
         328 0.5608157028
         329 0.4848668926
         330  0.466739771
         331  1.756808824
         332 0.9283017277
         333  0.288290057
         334 0.3068112306
         335 0.2522537006
         336 0.1037306684
         337 0.0169002315
         338 0.4579303101
         339   0.70482235
         340 0.1114175563
         341 0.3035411994
         342 0.3551596848
         343 0.3495464064
         344 0.4893670104
         345 0.1893691084
         346 0.9944070472
         347  1.292086816
         348  0.901607165
         349  1.453393548
         350 0.7384737175
         351 0.2350294875
         352  0.112168758
         353 0.2260836165
         354 0.3421895299
         355 0.5597320296
         356  1.760669041
         357 0.3381041576
         358  7.593192921
         359  65.63623431
         360  14.70368677
         361 0.5286853577
         362 0.4425411855
         363 0.2593948598
         364 0.5437335052
         365 0.3144941286
         366 0.06361127915
         367  1.485340551
         368 0.5133541611
         369 0.4082990299
         370  1.314862626
         371  2.072875709
         372  1.899187291
         373 0.9873203717
         374 0.9544567243
         375  1.823339284
         376  2.421714154
         377  2.945094306
         378 0.3317419188
         379 0.2293429497
         380  1.708439764
         381 0.2064608308
         382 0.5086472301
         383 0.1360231998
         384 0.2124244107
         385 0.7188536284
         386 0.2959071021
         387 0.08055728796
         388 0.3580903048
         389 0.01054241861
         390 0.2874098447
         391  1.083131683
         392 0.8289261115
         393 0.2898406562
         394 0.6211176576
         395  1.597377463
         396 0.6407807462
         397 0.2366016499
         398 0.0929848404
         399 0.6943531897
         400 0.9811947532
         401 0.5373751123
         402 0.07487373339
         403 0.3714691954
         404  1.076270742
         405  1.900129038
         406 0.04338201093
         407 0.2658142862
         408 0.3369916415
         409 0.03489327626
         410 0.6878209475
         411 0.2377457532
         412  1.262903221
         413 0.1952148225
         414 0.5403935919
         415  0.862293507
         416 0.2276109771
         417 0.03768958576
         418 0.2790931212
         419 0.2709710666
         420 0.4427294961
         421  0.152101657
         422 0.7404243124
         423  2.336208174
         424  0.370521883
         425 0.1753345373
         426 0.4564569054
         427 0.3836599228
         428  1.999987412
         429  1.067768915
         430  2.094895286
         431  2.027508312
         432 0.7658711108
         433 0.5789352644
         434 0.7794012839
         435 0.2993960741
         436 0.6952038579
         437  1.689377087
         438  1.563439775
         439 0.5554877941
         440 0.1329885373
         441 0.6527947294
         442 0.6445748377
         443  1.379434328
         444 0.1451446912
         445 0.9302274793
         446 0.1495705908
         447 0.3944905277
         448 0.1081777317
         449 0.9190050407
         450 0.2259054565
         451 0.4733153734
         452 0.7300654122
         453 0.5214154356
         454   0.14565657
         455  1.546584015
         456  1.770639598
         457  1.940323168
         458  1.123715511
         459 0.02218946153
         460 0.1892121232
         461 0.5528785928
         462 0.1911739591
         463  0.691916886
         464  2.668349821
         465   7.62834405
         466   70.4135148
         467  8.667836146
         468 0.4173623795
         469 0.3581464125
         470  0.864938817
         471 0.6193435589
         472 0.7160764834
         473  1.003984033
         474 0.3935854924
         475 0.09085482677
         476 0.2121467377
         477 0.1749160313
         478 0.5102055019
         479  1.030058615
         480  0.948647175
         481 0.8327624625
         482 0.7529459129
         483  1.393766936
         484  1.382075208
         485 0.4018374784
         486 0.2455100906
         487 0.4961573789
         488 0.3769670945
         489  1.366655746
         490 0.5341233631
         491  0.689396882
         492  0.733102914
         493    1.0237921
         494 0.3465801235
         495   1.06935431
         496  1.152859116
         497  4.520611727
         498  85.31607047
         499  2.326348354
         500  0.264979856
         501 0.6865854689
         502 0.2523456747
         503 0.5264135726
         504 0.1862215273
         505  1.442402469
         506  2.388250479
         507 0.5551868743
         508 0.2364961349
         509 0.09618062035
         510 0.3161014229
         511 0.6469636431
         512  2.525410863
         513  1.108826099
         514 0.1600144148
         515 0.1604586378
         516 0.2660149445
         517 0.1470432864
         518 0.3391983324
         519 0.2595442737
         520 0.5209127233
         521  1.286686723
         522 0.6095573721
         523 0.8974798947
         524  1.614633641
         525  2.385376025
         526   0.18243067
         527 0.09796421997
         528 0.5035557895
         529 0.5430435591
         530 0.2132759553
         531 0.2445006946
         532 0.3147326658
         533 0.4668873589
         534 0.7044815684
         535  2.127224033
         536 0.3673839429
         537 0.3285453304
         538 0.1940907381
         539 0.09418298648
         540  1.410664159
         541 0.04770397387
         542 0.6094051062
         543 0.7475485311
         544 0.1462890981
         545  0.183063107
         546 0.3277000931
         547 0.1757920329
         548  0.867294142
         549  1.510392249
         550 0.1970068654
         551 0.1619402948
         552 0.8666336321
         553 0.1579214287
         554  1.648992897
         555  1.028510972
         556 0.3737234421
         557 0.8280583111
         558  1.271191751
         559 0.1125406757
         560 0.3774887042
         561  0.330108283
         562  0.492492395
         563 0.4315276205
         564 0.1493859471
         565 0.3451474866
         566 0.2554063257
         567 0.3091949294
         568 0.1853653427
         569 0.2256205651
         570 0.1854277587
         571 0.2314543003
         572 0.07822981485
         573  1.183105268
         574 0.9781874442
         575 0.7875111887
         576  0.885228994
         577 0.3146103088
         578  1.556599245
         579 0.1797476399
         580 0.2419693027
         581 0.6686610814
         582  2.697213609
         583 0.8183307556
         584  1.033179136
         585 0.4396360736
         586 0.9778419437
         587  2.785196169
         588 0.9732296337
         589 0.05332240412
         590 0.1227225583
         591  2.735278563
         592  0.591463675
         593 0.1865218884
         594 0.2439197059
         595 0.2833886473
         596 0.4662355538
         597 0.3992807912
         598  0.766033234
         599  1.410408955
         600 0.4005003155
         601 0.4383225399
         602 0.3627238175
         603 0.6498264506
         604  1.755357341
         605  2.705368919
         606    8.7491947
         607  90.34368561
         608   5.89136522
         609  1.960774892
         610 0.8014915665
         611  1.203120461
         612  1.511575191
         613 0.5951851943
         614 0.9478641487
         615 0.6999743981
         616 0.8748380839
         617 0.1697867263
         618 0.7948630964
         619 0.9884213658
         620 0.6200929661
         621  1.507525982
         622  0.464941206
         623 0.005919326903
         624 0.2782861217
         625 0.3147886357
         626 0.1043029993
         627 0.3568179595
         628 0.9781541619
         629 0.8922333568
         630 0.3163746679
         631 0.5047494449
         632 0.5532134551
         633 0.1093495537
         634  1.940768969
         635  2.552337046
         636 0.4162318078
         637 0.3713781732
         638 0.1950303315
         639 0.7269268397
         640  3.799110149
         641  76.31287859
         642  3.986701515
         643 0.4203873283
         644 0.4584912613
         645 0.5288520081
         646 0.2055550713
         647 0.6344233457
         648  1.302502227
         649  0.492461011
         650  1.446333475
         651 0.6927834399
         652 0.6769329288
         653 0.5044113062
         654 0.05548257013
         655  1.817719883
         656  1.194302629
         657  0.694830846
         658  2.778131166
         659  2.574920608
         660 0.8938024171
         661 0.8224597305
         662 0.7199722008
         663 0.4902906349
         664 0.7342803199
         665 0.4454537101
         666 0.3186306729
         667   1.18094568
         668 0.2830393898
         669 0.4259331296
         670  1.245114127
         671     1.365591
         672 0.9399185735
         673 0.4402090659
         674 0.09576314794
         675 0.3613914172
         676   0.82601323
         677  0.535569673
         678 0.2859914312
         679 0.2428892147
         680  0.498648399
         681 0.2819220575
         682 0.5542690303
         683 0.2246904324
         684 0.4900097757
         685  1.679125221
         686  0.163399388
         687  0.100662056
         688  1.754914828
         689  1.429927449
         690 0.2986256254
         691 0.7035279246
         692  1.797066166
         693 0.9135294629
         694 0.09487905598
         695  1.290741893
         696 0.3647723051
         697 0.2927658582
         698  1.579058778
         699 0.7963911041
         700 0.4694872802
         701 0.1232899577
         702 0.3742113345
         703  1.461415037
         704  1.002053506
         705 0.3017365236
         706 0.6173546186
         707  1.374265372
         708 0.5159283885
         709 0.0009339612576
         710 0.09786265865
         711 0.3303440023
         712 0.3940755643
         713 0.7042086481
         714  0.194911496
         715  4.834213219
         716  95.02898427
         717  1.702678242
         718 0.8111383519
         719 0.4699579838
         720  0.575940844
         721    1.1885182
         722 0.08180679155
         723 0.4527989857
         724  2.014916642
         725  2.307370006
         726 0.7937205227
         727 0.8877521745
         728  1.190887529
         729  1.529905928
         730  0.841504955
         731  1.665126483
         732 0.3519916865
         733  1.313459368
         734  1.345779148
         735 0.1603759363
         736  0.908521212
         737  1.978319135
         738 0.9490589497
         739 0.4605777207
         740 0.2075216837
         741  0.574388337
         742 0.4356502444
         743  2.167092983
         744  1.942286335
         745 0.5311149374
         746 0.3562644196
         747 0.2802329259
         748 0.5497311881
         749 0.2316003762
         750 0.5368309032
         751 0.1407305129
         752 0.1714343049
         753  0.155688392
         754 0.7102377724
         755 0.1418525453
         756 0.1270954491
         757 0.3791983764
         758 0.7806908267
         759 0.4705050029
         760 0.6903621461
         761 0.4318209343
         762 0.2402513693
         763  0.182189841
         764 0.1695309404
         765 0.4470577411
         766 0.6540981732
         767 0.2322953813
         768 0.4214157602
         769  8.781355903
         770  74.16980718
         771  7.707364298
         772 0.6282108491
         773  1.398806655
         774 0.5803216097
         775 0.05504046492
         776  2.181335537
         777  1.749478612
         778 0.1449434682
         779  2.988628702
         780  1.162418154
         781 0.4204802372
         782 0.4615999626
         783 0.9922298071
         784 0.6008231137
         785 0.2391442306
         786 0.5052956959
         787 0.7429978401
         788 0.6663356763
         789 0.3041618571
         790 0.03364386055
         791 0.02237740222
         792 0.1540970723
         793  1.993245798
         794  1.807292122
         795 0.7574387226
         796  1.042522728
         797 0.8050804356
         798 0.7197506788
         799  1.554089826
         800 0.1928092524
         801 0.7986578144
         802  2.663877721
         803  1.288636438
         804  2.636023863
         805  1.771731425
         806  1.385516258
         807 0.5083623616
         808  3.195789467
         809  1.623702701
         810 0.05846671922
         811 0.2168062011
         812 0.7037551719
         813 0.7650112234
         814  1.068619713
         815 0.4460004787
         816 0.9678253384
         817 0.6696988112
         818 0.5110051299
         819   1.58337615
         820 0.6662214861
         821 0.5758955694
         822 0.5864784492
         823  1.291291748
         824 0.3926881854
         825 0.2807497415
         826 0.2823791991
         827  1.311706508
         828 0.9446133221
         829  1.703861938
         830 0.2450994936
         831 0.1370309667
         832 0.5304523105
         833 0.7096823574
         834 0.7096294147
         835 0.2610369207
         836 0.07379943823
         837 0.7678271822
         838  1.002576006
         839 0.9882547276
         840 0.4330646464
         841 0.2542121136
         842 0.3382859854
         843 0.4672119808
         844 0.4185164415
         845  1.535964964
         846  1.561580422
         847 0.5391927464
         848 0.1211111518
         849  0.934182314
         850  1.283732343
         851 0.8471982268
         852  1.205989146
         853 0.8003195573
         854 0.4228417604
         855 0.0943231528
         856 0.6921657097
         857  2.743718454
         858 0.3591795627
         859 0.6146200226
         860  2.488465892
         861 0.3765500501
         862 0.1504521644
         863 0.2505731823
         864  1.549241881
         865  9.636223669
         866  95.29794135
         867  8.130107765
         868  2.467582232
         869 0.2628116598
         870 0.4234558472
         871 0.4836004219
         872 0.1462887685
         873 0.4467042617
         874 0.1203189214
         875 0.4275077367
         876 0.0570754267
         877 0.02395877074
         878 0.8005969398
         879 0.07095513623
         880  0.265337588
         881 0.1871260254
         882 0.9476526484
         883  1.717167156
         884  1.146759752
         885 0.6423013551
         886 0.6108405424
         887 0.8217287749
         888  1.146435934
         889  2.078062871
         890 0.4581199438
         891   1.69670795
         892 0.3333406343
         893 0.4169330009
         894 0.9966564745
         895 0.1762556511
         896 0.8442143526
         897  1.392389279
         898 0.3332034461
         899 0.1466832309
         900  1.763064183
         901 0.8161285086
         902 0.3699004611
         903  0.122008265
         904 0.8436519204
         905  1.465185319
         906 0.2852050867
         907  1.650030839
         908  1.965440426
         909  1.720438453
         910 0.5337899991
         911 0.4337175314
         912  1.689026948
         913  1.474808661
         914  1.137350773
         915 0.3851060659
         916  2.655068951
         917 0.1130619075
         918 0.3614833601
         919  2.450390169
         920  1.222254235
         921  1.553261752
         922  1.565782207
         923 0.5361202652
         924  1.742197204
         925 0.9916612447
         926 0.3083811061
         927 0.06652046779
         928 0.3540156295
         929 0.2703116346
         930  0.874876733
         931 0.4071404948
         932 0.3483636012
         933 0.3151479414
         934 0.1115521483
         935 0.7826077015
         936 0.8153481144
         937  0.737031702
         938 0.4576960718
         939 0.3794226772
         940  0.712525491
         941  1.261689249
         942  1.155486473
         943  1.068364754
         944  1.006720983
         945 0.5352770733
         946 0.2211789584
         947  0.778174057
         948 0.4196598931
         949  1.633950649
         950  1.057906147
         951 0.4464927925
         952 0.1705904519
         953 0.3186563248
         954  1.619369522
         955  2.532920938
         956  1.589448473
         957  3.464758564
         958 0.7022108105
         959  0.625873184
         960  1.612420826
         961 0.4255712758
         962 0.2699993821
         963  1.390163962
         964  2.968614411
         965  0.962008923
         966  1.954333154
         967   3.46704682
         968 0.6698185353
         969 0.3381063847
         970  1.121742786
         971  6.911289595
         972   100.182271
         973  4.679952189
         974  1.095495275
         975 0.7990757482
         976  1.288359622
         977 0.2868583563
         978 0.1221114568
         979 0.03929908372
         980 0.1199424909
         981 0.7264149933
         982  2.174465039
         983 0.1655042374
         984  2.607276387
         985 0.2649861725
         986  0.500004346
         987 0.3290837696
         988 0.7767509208
         989 0.5762444427
         990 0.1851497248
         991 0.08054043413
         992 0.1149594164
         993 0.1886111598
         994 0.4580703674
         995 0.6873922343
         996 0.4610146201
         997  2.315829635
         998 0.2934461651
         999 0.1860155056
