           1           76  2.790100285
           2          272  8.014822188
           3          339  2.334293325
           4          383  3.304972081
           5          401   5.32365749
           6          454  2.084397568
           7          482  5.535459785
           8          550  4.337053868
           9          552  2.761193833
          10          610  5.197755269
          11          755  2.120529659
          12          863  7.469022071
          13          875  1.968471923
          14          878  3.083703466
