        2500  33.48993217  88.92784409  61.16745231  122.4177763 0.001656708756 0.8174168995 
        5000  46.46833759  75.94943644  59.98668388   122.417774 0.001867599626 0.6724965349 
        7500  57.01345481  65.40432052  60.30091257  122.4177753 0.002425309309  1.033066194 
       10000  58.45527248  63.96250166  60.32814193  122.4177741 0.002226071847 0.9691661134 
       12500  59.93216226  62.48561156   59.8937059  122.4177738 0.002240133527 0.8871638792 
       15000  57.37685451  65.04091875  60.36789631  122.4177733 0.00202201625 0.8317092968 
       17500  57.14406258   65.2737106  60.54100946  122.4177732 0.002076294348 0.9979486546 
       20000  75.04431434  47.37345915  60.12598308  122.4177735 0.002464410042  1.112991871 
       22500  66.92678284  55.49099071  59.53436874  122.4177735 0.002500749526  1.321005929 
       25000  59.31445879   63.1033149  60.29314871  122.4177737 0.002034965645  0.674656122 
       27500  57.09028838  65.32748483  60.04097501  122.4177732 0.002357130997 0.9918864507 
       30000  55.99540363   66.4223701  59.99817016  122.4177737 0.002359478936 0.8242868414 
       32500  56.90656078  65.51121256  60.29704426  122.4177733 0.002297690242  1.200426944 
       35000  63.63004647   58.7877266  59.97789876  122.4177731 0.002080102784 0.7525386825 
       37500  64.35155001  58.06622358    60.078932  122.4177736 0.002511598122  1.063232029 
       40000  65.14396282  57.27380986  59.97791284  122.4177727 0.002649939213  1.124208299 
       42500  54.81327522  67.60449762  59.66390434  122.4177728 0.002285233828  1.026103736 
       45000  58.78192877  63.63584428   59.9773258   122.417773 0.002340377139   1.15684868 
 47499.99999  58.14984706  64.26792541  60.08525803  122.4177725 0.002206212842 0.8197456497 
 49999.99999  61.09685136  61.32092035  59.85079964  122.4177717 0.002124333317 0.7282611301 
 52499.99999  62.04882271  60.36894955  60.45631659  122.4177723 0.002413807121  1.129021935 
 54999.99999  54.13844471  68.27932756  60.08210166  122.4177723 0.002223556027 0.7848389699 
 57499.99999  53.13200405  69.28576818  60.14620204  122.4177722 0.002484209901 0.8050168559 
 59999.99999  60.73272592  61.68504613  60.26668037   122.417772 0.001894680149 0.6830362541 
 62499.99999  56.85052511  65.56724721  60.17584853  122.4177723 0.002280027387  1.208178658 
 64999.99999  55.84263349  66.57513834   60.0770007  122.4177718 0.002518393443  1.052062528 
 67499.99999  67.08010131   55.3376715  60.26575309  122.4177728 0.002424297116  1.184740078 
 69999.99999  67.57793371  54.83983792   60.0747163  122.4177716 0.002422204055 0.8709771557 
 72499.99999  48.71935467  73.69841622  60.00242367  122.4177709 0.00270628546  1.203700763 
 74999.99999  72.55200892   49.8657631  59.78486509   122.417772 0.002764114659  1.077018104 
       77500   59.9772286  62.44054345  59.77984783  122.4177721 0.002330754058 0.8535010088 
       80000  70.40363794  52.01413455   60.1590134  122.4177725 0.002378422842 0.8746497073 
       82500  66.24340867  56.17436265  59.95999074  122.4177713 0.002707846375  1.093535887 
       85000  72.89785266  49.51991819  59.90988432  122.4177708 0.0026818727  1.019262188 
 87500.00001  65.27452365  57.14324796  59.96197315  122.4177716 0.0025636609  1.192249916 
 90000.00001  60.85224572  61.56552529  59.81977631   122.417771 0.00261729373 0.9446783539 
 92500.00001  65.70227268  56.71549829  59.77803632   122.417771 0.002364369215  0.962929866 
 95000.00001  67.80242301  54.61534843  59.80523177  122.4177714 0.002589954838  1.358289553 
 97500.00001  60.84529976   61.5724719  60.01001142  122.4177717 0.002624958315  1.223664605 
      100000  59.44930322  62.96846771  59.79586131  122.4177709 0.002676997578  1.119354497 
      102500  65.03935575   57.3784155  60.01365091  122.4177713 0.002378827476 0.9659129497 
      105000  64.50963983  57.90813097  60.18896806  122.4177708 0.002653831535  1.115966844 
      107500  52.20258783  70.21518381  59.46671811  122.4177716 0.002496643337  1.004740017 
      110000  70.45970573  51.95806564  59.74869942  122.4177714 0.002380112385  1.080952392 
      112500  67.50556795  54.91220278  59.91599144  122.4177707 0.002531637926  1.124440829 
      115000  66.88664642  55.53112397  59.81177257  122.4177704 0.002767898783  1.246262042 
      117500  68.23763519  54.18013516  60.08738482  122.4177703 0.00235218387 0.7287394417 
      120000  49.46322702  72.95454432  59.72193048  122.4177713 0.00311299739  1.547255969 
      122500  53.73645561  68.68131407  60.21503459  122.4177697 0.002413675681  0.894551285 
      125000  59.08222084   63.3355495   59.6875975  122.4177703 0.002713437298  1.081897516 
      127500  68.19640881  54.22136249   60.0175833  122.4177713 0.002428425973   1.19855712 
      130000  63.82579046  58.59197963  60.14599561  122.4177701 0.002093765029 0.8488174433 
      132500  55.60743703  66.81033412  59.59304596  122.4177712 0.002733136678  1.669413623 
      135000  46.93089339   75.4868758  59.89458586  122.4177692 0.002626868695  1.060124795 
 137500.0001  75.62663514  46.79113535  59.80932222  122.4177705 0.002467874368   1.01539248 
 140000.0001  66.81341281   55.6043581  59.91877499  122.4177709 0.00280146188 0.9988078686 
 142500.0001  59.76852788  62.64924219   60.2754749  122.4177701 0.00235366736  1.086460857 
 145000.0001  60.00931609   62.4084537  59.84126455  122.4177698 0.002485633496  0.857261884 
 147500.0001   63.8108276  58.60694267  59.77621977  122.4177703 0.002684614789  1.463820654 
 150000.0001  64.11600925  58.30176078  60.07729788    122.41777 0.002706043536  1.107436372 
 152500.0001  63.77164543  58.64612446  59.82244549  122.4177699 0.002498939823 0.8194343726 
 155000.0001  55.59010759  66.82766159  59.78338906  122.4177692 0.002579979828 0.7963036086 
 157500.0001  65.91949796  56.49827108  60.30059095   122.417769 0.002420439979  1.117213604 
 160000.0001  63.39872609  59.01904339  59.98956026  122.4177695 0.002654105701 0.8794944985 
 162500.0001  60.27268041  62.14508864  59.59716117  122.4177691 0.002633525828  1.313180072 
 165000.0001  64.28610123  58.13166785  59.47588837  122.4177691 0.002697815259  1.052317708 
 167500.0001  59.03626012  63.38150923  59.89334783  122.4177694 0.002445711814 0.8974594201 
 170000.0001  60.28352609  62.13424339  59.96081815  122.4177695 0.002959564696  1.186292011 
 172500.0001  66.36350174  56.05426727  59.84438547   122.417769 0.002679854255  1.131059823 
 175000.0001  59.99625822  62.42151062  60.00650853  122.4177688 0.002462033236  1.022683797 
 177500.0001  68.19844148  54.21932629  59.58696931  122.4177678 0.00307468595  1.280393745 
 180000.0001  50.93808679  71.47968239  60.11995609  122.4177692 0.003053771718  1.397890843 
 182500.0001  67.55504268  54.86272585  59.95146527  122.4177685 0.002463285604 0.8857867554 
 185000.0001    64.562863  57.85490681  59.94976378  122.4177698 0.002743477549 0.9024361968 
 187500.0001  70.65446035  51.76330752  60.21758138  122.4177679 0.0029075557  1.076219357 
 190000.0001  52.16567068   70.2520971  59.61955258  122.4177678 0.002878547353  1.145817709 
 192500.0001  60.25644194  62.16132586  60.03478001  122.4177678 0.002696665104  1.082030385 
 195000.0001  72.22789424  50.18987386  59.99609272  122.4177681 0.002526431523  1.200094578 
 197500.0001  72.78904148  49.62872664  59.70085196  122.4177681 0.002671411217  1.094091253 
 200000.0001  50.68027718  71.73749206  59.90965192  122.4177692 0.00254962215  1.193721736 
 202500.0001  66.00918592  56.40858209  59.92356583   122.417768 0.002737848287  1.024854952 
 205000.0001  62.86715308   59.5506153  60.04172314  122.4177684 0.002741635901   0.94031647 
 207500.0001  70.83794452   51.5798236  59.87072243  122.4177681 0.002807250773  1.000492366 
 210000.0001   64.6942875  57.72348086  59.90107149  122.4177684 0.002959555423  1.105150036 
 212500.0001  60.75831302  61.65945461  59.83473903  122.4177676 0.002537706393  1.193468623 
 215000.0001   61.7738457   60.6439223  59.87131259   122.417768 0.002970417284  1.086469199 
 217500.0001  62.42553215  59.99223435   59.9665635  122.4177665 0.002880158985  1.583529126 
 220000.0001  79.97931823  42.43844848  59.67685266  122.4177667 0.002748960307  1.221867384 
 222500.0001  55.90567504  66.51209286  60.16027511  122.4177679 0.002618671287  1.138503118 
 225000.0001  72.16149863  50.25626816  60.12351665  122.4177668 0.002632659349 0.9831349211 
 227500.0001  70.73485965  51.68290772  59.89342194  122.4177674 0.00274961865 0.9694114711 
 230000.0001  63.83753994  58.58022712  59.58966127  122.4177671 0.003566742019  2.258055223 
 232500.0001   59.6614541  62.75631346  59.21867343  122.4177676 0.002871854645  1.126965901 
 235000.0001  68.73327049  53.68449605   60.0405494  122.4177665 0.002795819753  1.135407116 
 237500.0001  62.29653938  60.12122928  59.85875084  122.4177687 0.00283599316  1.023863983 
 240000.0001  61.43143968  60.98632736  60.06763997   122.417767 0.002973984302  1.233101756 
 242500.0001  72.93821848  49.47954789  59.75633955  122.4177664 0.002484850942  0.921753587 
 245000.0002   66.2767473  56.14101898  59.69719551  122.4177663 0.002736274613  0.948184377 
 247500.0002  57.34488039  65.07288609  59.25846437  122.4177665 0.002998377603  1.203023754 
 250000.0002  76.65849424  45.75927164  59.53639003  122.4177659 0.003237807134  1.646500692 
 252500.0002  62.38727702  60.03049003  59.49571045  122.4177671 0.002597154678 0.9995426629 
 255000.0002  56.75519722  65.66256962  59.70533067  122.4177668 0.002638189259 0.8595214199 
 257500.0002   74.9876508  47.43011569  59.54075357  122.4177665 0.003012978829  1.321875229 
 260000.0002  68.48493131  53.93283513   59.8128788  122.4177664 0.00303165162  1.106107378 
 262500.0002  75.28838089  47.12938552  59.83473668  122.4177664 0.002918038302  1.533830218 
 265000.0002  58.31179181  64.10597469  60.02898901  122.4177665 0.003293340359  1.564684631 
 267500.0002  50.78909108  71.62867445  59.95363955  122.4177655 0.002788565448   1.37043414 
 270000.0002  69.57493382  52.84283305  59.87480201  122.4177669 0.002552014052 0.8430317362 
 272500.0002  63.85629128  58.56147429  59.74016007  122.4177656 0.002737784843  1.176886684 
 275000.0002  60.32603218  62.09173312  59.92775529  122.4177653 0.002618451698 0.8586523689 
 277500.0002  60.04198918   62.3757774  59.73136178  122.4177666 0.003232267931  1.486026798 
 280000.0002  79.82179933  42.59596648  59.70025355  122.4177658 0.002993718757  1.313530556 
 282500.0002   58.5884688  63.82929682  59.60814862  122.4177656 0.003311902405   1.84360604 
 285000.0002  62.05763254  60.36013281  59.90642355  122.4177654 0.003140155372  1.265063539 
 287500.0002  65.19340596  57.22436067  59.90576828  122.4177666 0.002972247628  1.170671772 
 290000.0002   72.8395145  49.57825184  59.58895741  122.4177663 0.00312540752  1.339479694 
 292500.0002  55.14020798   67.2775575  59.79238398  122.4177655 0.003137190868  1.089780657 
 295000.0002  66.37433979  56.04342659  59.00354403  122.4177664 0.003821784521  2.183450374 
 297500.0002  54.44548218  67.97228307  59.65388152  122.4177652 0.003100522108  1.376358072 
 300000.0002  59.00625324  63.41151227  59.24755196  122.4177655 0.002781134296  1.205439374 
 302500.0002  68.17079777  54.24696837  59.67189777  122.4177661 0.002853672088  1.425182422 
 305000.0002  70.32657162   52.0911932  59.82202397  122.4177648 0.003030793873  1.142506674 
 307500.0002  61.07627535  61.34148828  59.70128103  122.4177636 0.003269249858  1.210531362 
 310000.0002  62.53640005  59.88136499  59.39871178   122.417765 0.003453163324  1.701240284 
 312500.0002  72.77184313  49.64592089  59.87738453   122.417764 0.003529625362  1.448887495 
 315000.0002  64.15260207  58.26516231  59.36276043  122.4177644 0.002804631868  1.198795675 
 317500.0002  67.54413313  54.87363155  59.84964324  122.4177647 0.002951386211  1.342064177 
 320000.0002  57.10998133   65.3077841   59.9544477  122.4177654 0.003024159254   1.30105752 
 322500.0002  59.30105867  63.11670609  59.48504645  122.4177648 0.003119200339  1.319074626 
 325000.0002  51.02086872  71.39689568  59.76933214  122.4177644 0.0029748218  1.316807288 
 327500.0002  51.54934999  70.86841553  59.84434277  122.4177655 0.00320889375  1.178980176 
 330000.0002  70.51124003  51.90652424  59.54729877  122.4177643 0.002970922723  1.121527853 
 332500.0002  67.07091592  55.34684836  59.60841348  122.4177643 0.002946268415  1.009195705 
 335000.0002  66.04988349  56.36788109   59.3952196  122.4177646 0.002756527306  1.187071417 
 337500.0002  66.58047898  55.83728563  59.26369484  122.4177646 0.003066530056  1.125095713 
 340000.0002  63.49006417  58.92769887  59.76226146   122.417763 0.003344450544  1.104039895 
 342500.0002  72.04296098  50.37480357  59.97928526  122.4177645 0.003305984226  1.389603616 
 345000.0002  67.33841482  55.07934906   60.0559172  122.4177639 0.003111242654  1.256980738 
 347500.0002  66.95966267  55.45810078  59.56753251  122.4177635 0.003225641092  1.154727214 
 350000.0002  61.74972274  60.66804117   59.8769968  122.4177639 0.003342069717  1.245441707 
 352500.0003  60.16031604  62.25744723  59.48390412  122.4177633 0.003080038148  1.152436164 
 355000.0003  62.63747992  59.78028389  59.72825798  122.4177638 0.003338690388  1.718586465 
 357500.0003   55.5767427  66.84102119  59.50310665  122.4177639 0.003527358943  2.069847186 
 360000.0003  66.28361661  56.13414733  59.86899837  122.4177639 0.003449475905  1.395701775 
 362500.0003  49.84849225   72.5692708  59.39528991   122.417763 0.003306651207  1.453598881 
 365000.0003  53.83717131   68.5805917  59.90718863   122.417763 0.003370087644  1.573217495 
 367500.0003  68.24266599  54.17509736   59.3685522  122.4177634 0.003136339405  1.073457964 
 370000.0003  68.12083874  54.29692487  59.45921594  122.4177636 0.003039858488  1.304736885 
 372500.0003  62.18298515  60.23477773  59.83653188  122.4177629 0.00323841768  1.401758478 
 375000.0003  75.71320285  46.70456084   59.1054347  122.4177637 0.002882592884  1.297383968 
 377500.0003  61.07547606  61.34228467  59.81700825  122.4177607 0.003455748901   1.82095477 
 380000.0003   69.3801529  53.03760936  59.71968889  122.4177623 0.003417195329   1.40686425 
 382500.0003  52.38952549  70.02823785  59.61965742  122.4177633 0.003247413895  1.432135463 
 385000.0003  73.37925658  49.03850518  59.80221944  122.4177618 0.003308053284  1.309087967 
 387500.0003  55.71267815  66.70508251  59.58748734  122.4177607 0.003169868421  1.351472287 
 390000.0003   52.0692216  70.34854058  59.54448411  122.4177622 0.003521314851  1.579361653 
 392500.0003  55.15506193  67.26270092  59.60227588  122.4177628 0.003321925241  1.194839884 
 395000.0003  58.61446235  63.80329953  59.68088545  122.4177619  0.003303511  1.333049795 
 397500.0003  44.19805573  78.21970647  59.37475944  122.4177622 0.003202399101  1.235640247 
 400000.0003  69.24134254  53.17641859  59.59785876  122.4177611 0.003336945702  1.762577135 
 402500.0003  68.28612864  54.13163353  59.40674321  122.4177622 0.003247496178  1.198276509 
 405000.0003   55.8290968  66.58866454  59.11173004  122.4177613 0.004253449459  1.905981141 
 407500.0003   60.5198371  61.89792477  59.62077173  122.4177619 0.002834255445 0.9257599827 
 410000.0003   62.2287281  60.18903236  59.36901404  122.4177605 0.003315686254  1.232649747 
 412500.0003  72.46355967  49.95420225  59.56807786  122.4177619 0.003217195423  1.519022952 
 415000.0003  52.57022745  69.84753352  59.49126751   122.417761 0.00349873042  1.435658319 
 417500.0003  69.01731584  53.40044655  60.19935877  122.4177624 0.003243167571  1.124909041 
 420000.0003  61.41411952  61.00364126  59.77395709  122.4177608 0.004066681498  2.034391563 
 422500.0003  64.48254385  57.93521688  59.62189523  122.4177607 0.003667053769  1.968377994 
 425000.0003  61.41742877  61.00033292  59.38032504  122.4177617 0.003601042883  1.532999276 
 427500.0003  51.71775525  70.70000514  59.67438677  122.4177604 0.003799838987  2.015695791 
 430000.0003  59.23046475  63.18729569  59.57825936  122.4177604 0.003303932183  1.410753892 
 432500.0003  58.12108793  64.29667346  59.30878775  122.4177614 0.003754080473  1.771298013 
 435000.0003  55.07004924  67.34771071  59.52245396  122.4177599 0.003601598344  1.485987239 
 437500.0003  51.48544571  70.93231495  59.68224272  122.4177607 0.003848290952  1.941564387 
 440000.0003  65.84497087  56.57278889  59.32323811  122.4177598 0.00339135567  1.626110936 
 442500.0003  71.60218475  50.81557626  59.62579694   122.417761 0.003461628922  1.861432745 
 445000.0003  56.67867357  65.73908632  59.45865456  122.4177599 0.003600795185  1.875578401 
 447500.0003  64.04829079  58.36946945  59.07879158  122.4177602 0.002958008509   1.13106698 
 450000.0003  59.43345898  62.98430147  59.78334163  122.4177605 0.003398960202   1.63091601 
 452500.0003  76.32841864  46.08934088  59.61047498  122.4177595 0.003169249761  1.340183939 
 455000.0003   68.3362715  54.08148842  59.67542697  122.4177599 0.003511533674   1.74773784 
 457500.0004  71.44605811  50.97170157  59.81334062  122.4177597 0.003266508508  1.515452363 
 460000.0004  74.41103571  48.00672425  59.33716222    122.41776 0.003445080327  1.905733315 
 462500.0004  64.17875345  58.23900564  59.03826074  122.4177591 0.004279374019   3.45188574 
 465000.0004  74.58016537  47.83759371  59.36280317  122.4177591 0.003372222558  1.683601736 
 467500.0004   74.1154327  48.30232698  59.79533174  122.4177597 0.00381797367   1.90208187 
 470000.0004  60.54147514  61.87628501  59.31471558  122.4177602 0.003226108874  1.769888048 
 472500.0004   59.6530676  62.76469114  59.10677918  122.4177587 0.003255997184   1.30658169 
 475000.0004  72.83942127  49.57833789  59.57030237  122.4177592 0.003317666638  1.562020817 
 477500.0004  47.51219714  74.90556314  58.94839987  122.4177603 0.004107977419  2.450861097 
 480000.0004  61.54723225  60.87052633  59.66281439  122.4177586 0.00306173326  1.231536556 
 482500.0004  75.58621268   46.8315458   59.5857863  122.4177585 0.003361440448  1.576670996 
 485000.0004  60.05673115  62.36102826  59.31023479  122.4177594 0.003267916924  1.496989883 
 487500.0004  56.63855151  65.77920702  59.71485591  122.4177585 0.00398521169  2.016313732 
 490000.0004  59.65575429  62.76200452  59.53903005  122.4177588 0.0034757181  1.881989681 
 492500.0004  59.93103386  62.48672461  59.80907208  122.4177585 0.003506290159  2.205074931 
 495000.0004  65.89085879  56.52689915  59.59654667  122.4177579 0.003408854773  2.548386018 
 497500.0004  58.76066154  63.65709658  59.81769922  122.4177581 0.003430022058  1.771634763 
 500000.0004  59.16664665  63.25111201  59.83690011  122.4177587 0.003033697703  1.351906891 
 502500.0004  71.79088681  50.62687102  59.92882209  122.4177578 0.003121707002  1.592700928 
 505000.0004  57.69053297   64.7272244  59.67288143  122.4177574 0.00322969999    2.4326973 
 507500.0004   58.8990597    63.518697  59.73337243  122.4177567 0.003312717879  2.094743646 
 510000.0004  55.14299016   67.2747677  59.68717802  122.4177579 0.003610045384  2.294850483 
 512500.0004  59.34815716  63.06959957  59.59867974  122.4177567 0.003539123757  1.851713636 
 515000.0004  66.64699491  55.77076312  59.53622328   122.417758 0.003263156739  1.448939115 
 517500.0004  65.66459273  56.75316429  59.36006598   122.417757 0.00291802885  1.227955437 
 520000.0004  62.72995187  59.68780504  59.39828536  122.4177569 0.003567791418  2.272959402 
 522500.0004  61.72556814  60.69218898  59.37606608  122.4177571 0.003280973282  1.982415166 
 525000.0004  64.22647898  58.19127734  59.91844214  122.4177563 0.003296514946  1.743808298 
 527500.0004  58.73357608  63.68418005  59.75810428  122.4177561 0.003174834883  1.825180168 
 530000.0004  63.40706548  59.01069013  59.73084618  122.4177556 0.003781201634  2.424656211 
 532500.0004  63.99658419  58.42117164  59.38430477  122.4177558 0.003096525926  1.234030717 
 535000.0004  70.28237896  52.13537618  59.67769985  122.4177551 0.002910376122   1.57439448 
 537500.0004   65.3756366  57.04211922  59.87338568  122.4177558 0.003227158849  2.258242638 
 540000.0004  58.20032292  64.21743277  59.74728629  122.4177557 0.003348241222  1.934251852 
 542500.0004  62.09216672  60.32558756  59.85343446  122.4177543 0.00393762035  1.996172312 
 545000.0004  61.76703863    60.650716  60.10448582  122.4177546 0.003320682537  2.313197606 
 547500.0004  60.48146056  61.93629428  59.75423431  122.4177548 0.003485701749  3.186482574 
 550000.0004  64.27213953  58.14561551  59.76722742   122.417755 0.003037719492  2.206698853 
 552500.0004  52.71222219  69.70553218  59.59943769  122.4177544 0.003611947399  2.249022116 
 555000.0004  58.23503711  64.18271784  59.62760494  122.4177549 0.00279099135  1.664479045 
 557500.0004  61.54002302  60.87773071  59.65713842  122.4177537 0.003477922206  2.512395565 
 560000.0004  54.97268892  67.44506431  59.65620208  122.4177532 0.003214046113  2.107221837 
 562500.0004  63.46094611  58.95680755  59.47649018  122.4177537 0.003373259216  2.446804436 
 565000.0005  53.78404031  68.63371288  59.62246876  122.4177532 0.003461264223  2.466989171 
 567500.0005  67.69225892  54.72549435  59.81474767  122.4177533 0.002883246057  1.578880684 
 570000.0005  60.03521402  62.38253806  59.51877803  122.4177521 0.003259527868  1.681096622 
 572500.0005   60.1527516       62.265  59.81849851  122.4177516 0.002873395348  1.326259599 
 575000.0005  69.87737963  52.54037277  60.01538757  122.4177524 0.003194974136  1.593830055 
 577500.0005  65.20781553   57.2099359  59.69945867  122.4177514 0.00299470062   2.19227377 
 580000.0005  63.31855772  59.09919389   59.7133607  122.4177516 0.002888173674   1.71615817 
 582500.0005  63.45156151  58.96619009  59.77738782  122.4177516 0.002889276477  1.780375887 
 585000.0005  67.92835532  54.48939587  59.69199302  122.4177512 0.002733320441  1.945467009 
 587500.0005  68.72054358  53.69720701  60.14723542  122.4177506 0.002944360212  1.250036454 
 590000.0005  61.81635352  60.60139661  59.71466587  122.4177501 0.00323285412  2.846029801 
 592500.0005  67.38351783  55.03423164  59.97155447  122.4177495 0.003452117261  1.634528986 
 595000.0005  53.35192631  69.06582304   59.7318638  122.4177494 0.003280532712  2.601332879 
 597500.0005   50.2530073   72.1647427  59.55432542    122.41775 0.002966400931  1.236098807 
 600000.0005  53.74432232   68.6734265  59.83219631  122.4177488 0.002980558029  1.521033415 
 602500.0005  69.65009453  52.76765481  59.51836582  122.4177493 0.002637915454  1.055204477 
 605000.0005  60.96367703  61.45407204  59.53716963  122.4177491 0.002961799127  1.705071724 
 607500.0005  67.33639311  55.08135484  59.72223841   122.417748 0.003440340234  1.805805908 
 610000.0005  56.07817812  66.33956945  60.24980408  122.4177476 0.003356110087  1.901379241 
 612500.0005  75.41444818  47.00329956  60.07103593  122.4177477 0.002876169217  1.485459477 
 615000.0005  61.65804564  60.75970195  60.03414278  122.4177476 0.003090595322  1.201459657 
 617500.0005  62.86364104  59.55410703  59.68441761  122.4177481 0.002638205065  1.115181668 
 620000.0005  64.86885178  57.54889502  60.25006178  122.4177468 0.003202538728  1.833072239 
 622500.0005  59.60447858  62.81326786  59.93085381  122.4177464 0.003424176999  1.684972013 
 625000.0005  52.45684888  69.96089761  59.57254772  122.4177465 0.003108666741  1.925746858 
 627500.0005  78.58202912  43.83571695  60.01551847  122.4177461 0.002655237275   1.48928663 
 630000.0005  61.64039307  60.77735343  59.64860963  122.4177465 0.00351407279  1.690065252 
 632500.0005  63.24787853  59.16986658  59.61611085  122.4177451 0.003081305226  1.348082338 
 635000.0005  59.59980511  62.81793908  59.75936157  122.4177442 0.002920185735  1.296033266 
 637500.0005  50.58373596  71.83400965  59.71145229  122.4177456 0.003068874301  1.335753338 
 640000.0005   69.0117342   53.4060105  59.67547546  122.4177447 0.003196322829  1.586670259 
 642500.0005  66.35999229  56.05775204  59.57321538  122.4177443 0.002938926038  1.088802003 
 645000.0005  71.23799907  51.17974564  59.93149345  122.4177447 0.002853494735  1.252170649 
 647500.0005   52.2669633  70.15078096  60.20206479  122.4177443 0.002738947213  1.426825268 
 650000.0005  64.61325478  57.80448868  59.25062789  122.4177435 0.002603407609  1.108084656 
 652500.0005   66.2662777  56.15146569   59.7497752  122.4177434 0.003019298567  2.073713692 
 655000.0005    63.708306  58.70943703   59.9703497   122.417743 0.003270168386  1.338877403 
 657500.0005  55.82516714  66.59257494  59.97416435  122.4177421 0.003261265562   1.49351211 
 660000.0005  67.49078513   54.9269576  59.67840404  122.4177427 0.002936367739  1.470002397 
 662500.0005  69.34878733  53.06895481  59.58339831  122.4177421 0.002939717942  1.345034534 
 665000.0005   60.1377363  62.28000545   59.8525955  122.4177417 0.003029824915  1.493667777 
 667500.0005  53.88608336  68.53165749  59.95633615  122.4177409 0.002704276418  1.248237562 
 670000.0005  63.79640424   58.6213372  59.61621158  122.4177414 0.003331682709  1.323266615 
 672500.0006  64.31819613   58.0995449  59.62701373   122.417741 0.003276195145  2.112675979 
 675000.0006  61.81951902  60.59822114  59.51421706  122.4177402 0.002671768247  1.165265537 
 677500.0006  63.39232889  59.02541158   59.7176883  122.4177405 0.002855532792  1.252960357 
 680000.0006  71.76454417  50.65319593  59.50084514  122.4177401 0.002971578362  1.786289456 
 682500.0006  55.30528498  67.11245555  59.26557231  122.4177405 0.003298111677  1.581997165 
 685000.0006  68.08771717  54.33002194  59.72165279  122.4177391 0.002612334519  1.199349975 
 687500.0006   63.6805534  58.73718473   59.7584165  122.4177381 0.002938014117  1.476437898 
 690000.0006  61.20472226  61.21301728   59.7767706  122.4177395 0.002898159473  1.201153201 
 692500.0006  73.64055172  48.77718717  59.55452892  122.4177389 0.002859963204  1.567053506 
 695000.0006  65.00895233  57.40878635  59.83442804  122.4177387 0.00300266541  1.296917572 
 697500.0006  75.83757441  46.58016358   59.3511701   122.417738 0.003525200749  1.990920643 
 700000.0006  67.22728807  55.19044942  59.79929181  122.4177375 0.002996729089  1.281673316 
 702500.0006  58.99385269   63.4238848  59.64538061  122.4177375 0.002974348058  1.917558293 
 705000.0006  62.58169037  59.83604474  59.88614728  122.4177351 0.003153630918   1.41105342 
 707500.0006  66.57842805  55.83930871  59.82153739  122.4177368 0.00324985153  1.307107228 
 710000.0006  63.90114205  58.51659359  59.85129894  122.4177356 0.002821310036   1.32357564 
 712500.0006  62.99444039  59.42329543  59.55676393  122.4177358 0.003009293836  1.217147957 
 715000.0006  66.57509392  55.84264109  59.95049447   122.417735 0.002730207293  1.347441032 
 717500.0006  56.06413976  66.35359491  59.74889541  122.4177347 0.002830578483  1.228901925 
 720000.0006  66.86921713  55.54851741  60.24451027  122.4177345 0.002968189059  1.438721534 
 722500.0006  67.12367869  55.29405548  59.73724603  122.4177342 0.002933344766  1.387454657 
 725000.0006  56.93214977  65.48558541  60.08706387  122.4177352 0.003016474968  1.471184984 
 727500.0006  54.02920502  68.38852858  59.59532145  122.4177336 0.002901789323  1.196557283 
 730000.0006  60.30773965  62.10999433   59.6482214   122.417734 0.002842073872  1.592544602 
 732500.0006  61.63328237  60.78445116  59.49229178  122.4177335 0.003369786717  1.770620639 
 735000.0006   62.2476129   60.1701199  59.51293312  122.4177328 0.003006394515  1.171431682 
 737500.0006  70.77183036  51.64590268  60.01985569   122.417733 0.002827267464  1.430305939 
 740000.0006  59.82739782   62.5903341   60.0700291  122.4177319 0.003023698362  1.264692908 
 742500.0006  47.20489466  75.21283686   59.4914126  122.4177315 0.003493296108  2.070464913 
 745000.0006  69.38823251  53.02949939  59.75363109  122.4177319 0.002601566697  1.032801859 
 747500.0006  70.32039458  52.09733731   59.7024182  122.4177319 0.003142323649  1.524580623 
 750000.0006  61.89805293  60.51967856  59.77761019  122.4177315 0.003019893951  1.097753669 
 752500.0006  68.33276216  54.08496905  60.05257262  122.4177312 0.002884416868  1.558180155 
 755000.0006  52.79883598  69.61889404  59.68439471    122.41773 0.003270542002  1.580559212 
 757500.0006  59.68933177  62.72839823  59.64677206    122.41773 0.00322107849  1.752730449 
 760000.0006  56.10062437  66.31710461  59.64965298   122.417729 0.003500869808  2.481067002 
 762500.0006  70.40584361  52.01188656   59.7384446  122.4177302 0.003189823375   1.70781835 
 765000.0006  66.17924237  56.23848754  59.58877563  122.4177299 0.002971901755  1.409520942 
 767500.0006  52.83956101  69.57816834  59.82732202  122.4177294 0.002940623201  1.594324202 
 770000.0006  69.91722474  52.50050441  59.63366524  122.4177291 0.003043783306  1.506196686 
 772500.0006  56.22147421  66.19625516  59.53687459  122.4177294 0.003410219598   1.49273856 
 775000.0006  58.01165962  64.40606837  59.84600908   122.417728 0.003436807614  1.828622882 
 777500.0006  56.17193552  66.24579255  59.61609506  122.4177281 0.002926678191  1.323371474 
 780000.0007   68.4845805  53.93314791  59.77040566  122.4177284 0.002686751244  1.271309201 
 782500.0007  66.22456464   56.1931636  59.74288741  122.4177282 0.002723685043  1.335178097 
 785000.0007  66.99274897  55.42497779  60.10135463  122.4177268 0.002722564545  1.595072689 
 787500.0007  64.77588668  57.64183992  59.64249453  122.4177266 0.002990988582  1.450442689 
 790000.0007  58.29576796  64.12195751    59.925146  122.4177255 0.00361928403  2.314767252 
 792500.0007  58.82598386  63.59174267   60.0509169  122.4177265 0.003100781279  1.494864113 
 795000.0007  66.81175409  55.60597071  59.47178439  122.4177248 0.003217523037   1.43136914 
 797500.0007  69.15136023  53.26636487  59.74547153  122.4177251 0.003021052616  1.368598858 
 800000.0007  65.15870859  57.25901709  59.81021403  122.4177257 0.00325465715  1.453983975 
 802500.0007  71.46882845   50.9488958  60.07687855  122.4177242 0.002811981084  1.185107136 
 805000.0007  69.97364524  52.44407941  59.76212342  122.4177246 0.003178346739  1.421597381 
 807500.0007  58.62721626  63.79050747  59.54805437  122.4177237 0.003295815172  1.868433899 
 810000.0007  54.86357796  67.55414669  59.72028852  122.4177246 0.003325585365   1.45898268 
 812500.0007  60.01723857  62.40048479  59.49096863  122.4177234 0.003095131531  1.253812222 
 815000.0007   68.4592996  53.95842471  59.56302937  122.4177243 0.003269636538  1.542527783 
 817500.0007  59.21217075  63.20555056  59.46865787  122.4177213 0.002818043715  1.158529259 
 820000.0007  75.55288154  46.86484101   59.7760462  122.4177226 0.00305318153  1.752263781 
 822500.0007  72.03928613   50.3784361  59.74093231  122.4177222 0.003658902039  1.443761807 
 825000.0007  61.95723535  60.46048639  59.99434245  122.4177217 0.002803330117  1.162537444 
 827500.0007  59.34982428  63.06789661   59.7989451  122.4177209 0.002977040227  1.450779626 
 830000.0007  65.96140787  56.45631313  59.77978741   122.417721 0.002898825563  1.438840031 
 832500.0007  56.26943487  66.14828538  59.85427934  122.4177202 0.00315102601  1.427884034 
 835000.0007  63.79666532  58.62105527  59.86368383  122.4177206 0.002992203176  1.153821528 
 837500.0007  53.68066959  68.73704985  59.92363993  122.4177194 0.003066321224  1.323600278 
 840000.0007  68.22175828  54.19596097  59.84348356  122.4177193 0.002643461224 0.9742012862 
 842500.0007  65.81210311  56.60561706  59.90395208  122.4177202 0.002677856278  1.059230902 
 845000.0007    66.638964  55.77875618  59.61391949  122.4177202 0.003000150072  1.439419131 
 847500.0007  59.54585424  62.87186392  59.67865488  122.4177182 0.00328563936  1.424284189 
 850000.0007  70.86084605  51.55687256  59.85606083  122.4177186 0.003038302002  1.397024931 
 852500.0007   65.2089435  57.20877447  59.82708035   122.417718 0.003082111306  1.664429119 
 855000.0007  60.43556632  61.98215197  59.48231866  122.4177183 0.003635330741  1.631297667 
 857500.0007  55.71646924  66.70124859   59.7085369  122.4177178 0.003255548526  1.860483044 
 860000.0007  68.73142635  53.68629107  59.55916865  122.4177174 0.002763156057  1.036611509 
 862500.0007  66.14968159  56.26803494   59.5963796  122.4177165 0.003190078395  1.607589508 
 865000.0007  58.85381406  63.56390192  59.67732336   122.417716 0.002677189564 0.9725693531 
 867500.0007  59.90102601  62.51668962  59.68659087  122.4177156 0.002927284079   1.22895473 
 870000.0007  67.28531111  55.13240551  59.80939082  122.4177166 0.003538040536  1.386861092 
 872500.0007  70.49086505  51.92685025  60.03955953  122.4177153 0.003202430065  1.157830954 
 875000.0007  67.76408655  54.65362897  59.49212998  122.4177155 0.003106248524  1.355385931 
 877500.0007  63.73994305  58.67777269  59.46699758  122.4177157 0.003354867763   1.60476742 
 880000.0007  67.55196261  54.86575303  59.80300254  122.4177156 0.003382866061  1.635760697 
 882500.0007  72.93361065  49.48410245  59.64886418  122.4177131 0.002952180754  1.023438002 
 885000.0007  57.10094493  65.31676886  59.45913731  122.4177138 0.003103343591  1.467433146 
 887500.0008  55.80571039  66.61200315  59.71470718  122.4177135 0.003524746779  1.824186518 
 890000.0008  60.67263781  61.74507524  59.85019669  122.4177131 0.003098333592  1.462899786 
 892500.0008  73.35194105  49.06577226  59.76222954  122.4177133 0.00335765944  1.552102743 
 895000.0008  63.11803385   59.2996784  59.54551519  122.4177122 0.003118462219  1.514722673 
 897500.0008  63.72477677  58.69293547  59.57589067  122.4177122 0.003512891123  1.492643297 
 900000.0008  61.58260896  60.83510319  59.15935893  122.4177121 0.002883695328   1.12176894 
 902500.0008  67.97704405  54.44066696  59.74647636   122.417711 0.002972274486  1.251130044 
 905000.0008  61.40619168   61.0115186  59.55547404  122.4177103 0.003128273102   1.39415705 
 907500.0008  61.22741926  61.19029172  59.83156393   122.417711 0.002800761727  1.276622255 
 910000.0008  65.34853068  57.06918008  59.44418563  122.4177108 0.003054957848  1.132812051 
 912500.0008  67.56461338  54.85309709  59.75444476  122.4177105 0.004419035708  3.007579042 
 915000.0008   65.8769826  56.54072636  59.69787345   122.417709 0.003117984584  1.271925608 
 917500.0008  56.92879294  65.48891616  59.76626527  122.4177091 0.003192235354  2.016365858 
 920000.0008  65.08960488  57.32810406  59.66496407  122.4177089 0.003701927297  1.594406694 
 922500.0008  62.13028502  60.28742313  59.64812117  122.4177082 0.003024692131  1.268149869 
 925000.0008  66.91461802  55.50309078  59.47880002  122.4177088 0.003239826623  1.872840235 
 927500.0008  66.71876846  55.69894011  59.77641398  122.4177086 0.003185184982  1.314660295 
 930000.0008  72.80549407  49.61221396  59.76462925   122.417708 0.003167535493  1.768486942 
 932500.0008  70.01128905  52.40641831  59.95170319  122.4177074 0.003160346467  1.517065846 
 935000.0008  56.98677396  65.43093273   60.1569435  122.4177067 0.003136903034  1.173657066 
 937500.0008  71.42703797  50.99066935  59.85206334  122.4177073 0.002936350196  1.347026432 
 940000.0008  63.46250364  58.95520209  59.84191198  122.4177057 0.002958305861  1.277857796 
 942500.0008  62.18830552  60.22940161  59.81655331  122.4177071 0.003599733756  2.113699641 
 945000.0008  70.42696981  51.99073664  59.80142504  122.4177065 0.003069782375  1.138739189 
 947500.0008    59.008474  63.40923169  59.74898409  122.4177057 0.003051443968  1.202026029 
 950000.0008  65.32282956   57.0948752  59.56838218  122.4177048 0.002734299772  0.944204326 
 952500.0008  53.85514975  68.56255492  59.55498787  122.4177047 0.003464488791  1.299647112 
 955000.0008  58.43406867   63.9836355  59.49847664  122.4177042 0.003096531381  1.261747735 
 957500.0008  58.60724062  63.81046347  59.43993431  122.4177041 0.002987357503  1.347820923 
 960000.0008  60.84038163   61.5773217  59.92623013  122.4177033 0.002994095903  1.354747069 
 962500.0008  63.48526584  58.93243666  59.68263044  122.4177025 0.003798075857  2.421551994 
 965000.0008  57.67108371  64.74661888  59.71463229  122.4177026 0.002947286566  1.438339992 
 967500.0008  60.96418718   61.4535151  59.74397726  122.4177023 0.003019186785  1.123176867 
 970000.0008  60.25500473  62.16269737   59.6832849  122.4177021 0.003263977019   1.57894672 
 972500.0008  58.29782334  64.11987772  59.63982436  122.4177011 0.003252644694  1.435282939 
 975000.0008  57.76640797  64.65129416  59.61941845  122.4177021 0.003219858346  1.355107268 
 977500.0008  57.01012928  65.40757116  59.12287088  122.4177004 0.002724034351  1.157523148 
 980000.0008   56.6236421  65.79405935  59.74320739  122.4177015 0.003421895903  1.466357104 
 982500.0008  57.78256044  64.63513937  59.64311647  122.4176998 0.003111558788  1.150243089 
 985000.0008   55.3423534   67.0753486  59.76042271   122.417702 0.003094650116  1.350970881 
 987500.0008  61.11138492  61.30631523  59.48968973  122.4177001 0.002944585511   1.23271303 
 990000.0008  71.18290536   51.2347942  59.77476518  122.4176996 0.00283218821  1.119994908 
 992500.0008  59.60112803  62.81657058  59.89712008  122.4176986 0.003280581754  1.481736416 
 995000.0009  65.84103949  56.57665936  59.76925694  122.4176989 0.003011086094  1.367244028 
 997500.0009  71.21012057  51.20757776  59.91190119  122.4176983 0.003307895976  1.311532404 
 1000000.001  56.87573067  65.54196708  59.18853453  122.4176978 0.003337547717  1.528128193 
 1002500.001  63.39851094  59.01918737  59.80695767  122.4176983 0.003326712183  1.635775913 
 1005000.001  57.47139581  64.94630119  59.77631376   122.417697 0.003461361534  2.093947542 
 1007500.001  73.80974431   48.6079517  59.79529102   122.417696 0.002720904732 0.9789398423 
 1010000.001  68.69604371   53.7216529  59.99478011  122.4176966 0.003172183436  1.809959402 
 1012500.001  63.29754319  59.12015214  59.86720041  122.4176953 0.003020890632   1.49649886 
 1015000.001  64.51679182  57.90090333  59.35055134  122.4176951 0.003281055151  1.349274053 
 1017500.001  63.84158502  58.57610928  59.78517856  122.4176943 0.002897603824  1.259944725 
 1020000.001  60.48598539  61.93170961  59.88768118   122.417695 0.002988037782  1.139196628 
 1022500.001   73.2209845  49.19671003  59.72587296  122.4176945 0.003136064994  1.428426325 
 1025000.001  59.59977819  62.81791578  59.45984348   122.417694 0.003211572053  1.310688923 
 1027500.001  67.47656599  54.94112737  59.75334162  122.4176934 0.003015191649  1.395401905 
 1030000.001  69.54061321   52.8770806  59.70302322  122.4176938 0.003219925127  1.312846906 
 1032500.001  58.89376087  63.52393293  59.80256062  122.4176938 0.003773045447  1.456633598 
 1035000.001  63.25378522  59.16390874  59.13291391   122.417694 0.00326918531   1.78891778 
 1037500.001  69.78714814  52.63054471  59.86833475  122.4176929 0.003162108612  1.296176639 
 1040000.001  53.22579185  69.19190127  59.34580999  122.4176931 0.003480332547  2.070104625 
 1042500.001  64.46102326  57.95666801  59.52608535  122.4176913 0.003513532396  1.504471856 
 1045000.001  61.26525332  61.15243723  59.89772815  122.4176905 0.003097641171   1.66505747 
 1047500.001  63.46008692  58.95760511  60.08709164   122.417692 0.003121421682  1.377643703 
 1050000.001  58.48936095  63.92832953  59.51789668  122.4176905 0.00320570863  1.401671795 
 1052500.001  60.68797862  61.72971239  59.96959649   122.417691 0.002764157301  1.090611367 
 1055000.001  60.58695855  61.83073223  59.50493474  122.4176908 0.003476358163  1.518163174 
 1057500.001  59.74310235  62.67458768   59.8522049    122.41769 0.002991051184  1.442251447 
 1060000.001  61.07671637  61.34097313  59.83592619  122.4176895 0.002865326178   1.31061622 
 1062500.001  68.13820482  54.27948467  59.58438003  122.4176895 0.003234149159  1.423942318 
 1065000.001  66.40619823  56.01148995  59.96701237  122.4176882 0.002775694338  1.210049696 
     1067500  63.22977935  59.18790902  59.73335929  122.4176884 0.003117719459  1.246324914 
     1070000  59.29689907  63.12078924  59.53834215  122.4176883 0.003319303109  1.369161945 
     1072500  61.03382796   61.3838586  59.71691496  122.4176866 0.003383558098  1.550888966 
     1075000   71.8808772  50.53680986  59.65493872  122.4176871 0.003078662373  1.264584541 
     1077500  54.97442753  67.44325958  60.05847905  122.4176871 0.003371643917  1.237349938 
     1080000  70.00706105  52.41062646  59.46159532  122.4176875 0.003007717204  1.332045179 
     1082500  66.26916282   56.1485237  59.13591061  122.4176865 0.002991217057  1.402083412 
     1085000  69.31720416  53.10048231  59.49706959  122.4176865 0.003340108658  1.812772167 
     1087500  57.04711984  65.37056526  59.97036053  122.4176851 0.00304438811   1.19373885 
     1090000  68.29205166  54.12563266  59.81547717  122.4176843 0.003147524967  1.655924286 
     1092500  55.73712572  66.68055932  59.86630623   122.417685 0.003161612392  1.843350776 
     1095000  58.99691083   63.4207737  59.94743123  122.4176845 0.003383636865  1.162663246 
     1097500  68.57118756  53.84649637   59.4858374  122.4176839 0.003231321055  1.651508881 
     1100000  50.53676772  71.88091625  59.56624888   122.417684 0.003289677989  1.321173278 
     1102500   63.5822316  58.83545129  59.87881012  122.4176829 0.003125569014  1.429153833 
     1105000  50.12753722  72.29014556  59.76415036  122.4176828 0.002974273085  1.160847093 
     1107500  64.10228508  58.31539838  59.46463744  122.4176835 0.003549294084  1.399133984 
     1110000  66.85382621   55.5638561   59.8263526  122.4176823 0.002984634609  1.167899588 
 1112499.999  52.40869907  70.00898194  59.64696426   122.417681 0.003200696669  1.225534342 
 1114999.999  70.61765136  51.80002969  59.79687043   122.417681 0.002942711461  1.109192545 
 1117499.999  61.13654376  61.28113659  59.34026406  122.4176804 0.003143115447  1.252626372 
 1119999.999  66.47616916  55.94150996  59.31439485  122.4176791 0.003410468638  1.567183634 
 1122499.999  78.11299137  44.30468952  59.62053939  122.4176809 0.003104664992  1.341200628 
 1124999.999  63.42595546  58.99172397   59.3632619  122.4176794 0.003136577888  1.415893327 
 1127499.999  71.38998927  51.02768931  59.56566626  122.4176786 0.003319055019  1.502862276 
 1129999.999  72.85916006  49.55851813  59.57196419  122.4176782 0.003283445505  1.692810119 
 1132499.999   69.2772617  53.14041672  59.63643395  122.4176784 0.003126113673  1.520209119 
 1134999.999  58.98435604  63.43332133  59.42066515  122.4176774 0.003259893903   1.26829354 
 1137499.999  52.27549491  70.14218349  59.21412423  122.4176784 0.003874425565  1.669790064 
 1139999.999  75.48858478  46.92909236  59.46125499  122.4176771 0.003255641224  1.425867069 
 1142499.999   52.4172328  70.00044393  59.42580027  122.4176767 0.003725117185  1.761141365 
 1144999.999   64.9650016  57.45267508  59.35812643  122.4176767 0.003289423612  1.462731318 
 1147499.999  63.85114872  58.56652704  59.29959955  122.4176758 0.003221139708  1.588500049 
 1149999.999  66.75505925  55.66261718  59.31904267  122.4176764 0.003643949818  2.134851958 
 1152499.999  65.31906043  57.09861447  59.52798643  122.4176749 0.003610522367  1.420742331 
 1154999.999  53.67888792  68.73878721  59.42078695  122.4176751 0.003622438167    1.5091921 
 1157499.998  62.14040447  60.27726979   59.5612642  122.4176743 0.00375524273  2.486411925 
 1159999.998  67.37801618  55.03965913   59.4230051  122.4176753 0.003570151368  1.771067804 
 1162499.998  52.67590304  69.74177106  59.75880482  122.4176741 0.003410935091  1.476719981 
 1164999.998  59.48643763   62.9312363  59.77548623  122.4176739 0.003180943137  1.436130619 
 1167499.998  62.06956254  60.34811088  59.74397601  122.4176734 0.003476882399  1.369887413 
 1169999.998  60.31786558    62.099807  59.39083769  122.4176726 0.003622448348   1.50059608 
 1172499.998  58.65008471  63.76758765  59.62378654  122.4176724 0.003211540181  1.428115717 
 1174999.998  62.92726819  59.49040404  59.19382651  122.4176722 0.003214582834  1.287186463 
 1177499.998  62.53208002  59.88559098  59.43276121   122.417671 0.003881958287  2.564571989 
 1179999.998  53.63237015  68.78530023   59.6275821  122.4176704 0.003518809247  1.546868454 
 1182499.998  56.20835739  66.20931406  59.48708512  122.4176714 0.003366978332  1.462594264 
 1184999.998  66.69240543  55.72526505   59.2332625  122.4176705 0.003270878994  1.547832611 
 1187499.998  49.55939471  72.85827528  59.63081893    122.41767 0.00337559616  1.557601141 
 1189999.998  59.73574394  62.68192596  59.17662296  122.4176699 0.003688247335  1.894686248 
 1192499.998  61.15833982  61.25932959  59.55687824  122.4176694 0.003983615658  1.689543598 
 1194999.998  62.78868027   59.6289898  59.66881073  122.4176701 0.00316971547  1.597317676 
 1197499.998  58.21397963  64.20368791  59.75875869  122.4176675 0.003314044667  1.340627167 
 1199999.998  63.81359417   58.6040738  59.27883254   122.417668 0.003588515943  1.813724695 
 1202499.997  58.47011636  63.94755057  59.89735721  122.4176669 0.003346559099  1.260218596 
 1204999.997  60.19799794  62.21966872  59.95826894  122.4176667 0.003098681601  1.368243616 
 1207499.997  50.32417363  72.09349279  59.65165727  122.4176664 0.00340403083  1.963602814 
 1209999.997  54.12904688  68.28861942  59.41265171  122.4176663 0.004215546058  2.221752538 
 1212499.997  60.67999643  61.73766896  59.36061531  122.4176654 0.003182373828   1.44392958 
 1214999.997  60.16799582   62.2496706  59.53635279  122.4176664 0.003700739478   1.50565657 
 1217499.997  67.04495931  55.37270618   59.5357114  122.4176655 0.003557528613  1.500940884 
 1219999.997  60.60625312  61.81141247  59.79586043  122.4176656 0.003361480664  1.563835165 
 1222499.997  62.91875072  59.49891433  59.77654319   122.417665 0.003359703019  1.859406306 
 1224999.997  58.12402229   64.2936421  59.15072477  122.4176644 0.003038749231   1.26904432 
 1227499.997  57.73478276  64.68288072  59.21086623  122.4176635 0.003743721809  1.610733842 
 1229999.997  53.33601117  69.08165266  59.87109803  122.4176638 0.003376590319  1.573686405 
