 0 0.1060325058
 1 0.01644670492
 2 0.01591849123
 3 0.03063228302
 4 0.01599079124
 5 0.01690189736
 6 0.04892983509
 7 0.03545497112
 8 0.0234618734
 9 0.01370632889
 10 0.01141249147
 11 0.04078524842
 12 0.1070540546
 13 0.07365507095
 14 0.1022176899
 15 0.1713552191
 16 0.1156010523
 17 0.3358331955
 18 0.2163550431
 19 0.1722159086
 20 0.1743357026
 21 0.09583426688
 22 0.09195569456
 23 0.05185723435
 24 0.02640071752
 25 0.02950924588
 26 0.05013970139
 27 0.125560537
 28 0.09967171465
 29 0.1592580618
 30 0.1773269718
 31 0.1562381742
 32 0.0788158093
 33 0.04522061757
 34 0.03875601449
 35 0.1021534081
 36 0.03697486546
 37 0.02638659191
 38 0.06151408634
 39 0.03196452123
 40 0.01816650925
 41 0.07803592915
 42 0.1947350306
 43 0.1509063059
 44 0.1931578977
 45 0.3744506514
 46 0.2839964283
 47 0.3247506601
 48 0.2666305065
 49 0.08279126615
 50 0.09976774964
 51 0.07436490539
 52 0.09747826981
 53 0.08509457221
 54 0.08178550553
 55 0.06631997658
 56 0.1439226472
 57 0.06608284817
 58 0.02312944093
 59 0.02701801404
 60 0.05567213819
 61 0.05340378834
 62 0.04076213885
 63 0.01964877183
 64 0.006513929658
 65 0.01570762239
 66 0.003187373703
 67 0.03392414261
 68 0.05008698529
 69 0.08249842714
 70 0.04257600232
 71 0.1459955806
 72 0.1615857751
 73 0.2401534864
 74 0.4829945403
 75 0.494733816
 76 0.5857028565
 77 0.3853471664
 78 0.1751002146
 79 0.0759108469
 80 0.08233237706
 81 0.1332619306
 82 0.08204800163
 83 0.1364586063
 84 0.2949159643
 85 0.2097507644
 86 0.07212311988
 87 0.1008167899
 88 0.07233240585
 89 0.03194780376
 90 0.02773304948
 91 0.01200804651
 92 0.03011437052
 93 0.02473026786
 94 0.01979516214
 95 0.04151783354
 96 0.008164567445
 97 0.01141481081
 98 0.01959128837
 99 0.0346627065
 100 0.09043486166
 101 0.07357637714
 102 0.1062579458
 103 0.03166697648
 104 0.05262936497
 105 0.01804771524
 106 0.0272214503
 107 0.1156207538
 108 0.07943048212
 109 0.2028157879
 110 0.1750597794
 111 0.1285049412
 112 0.1239402688
 113 0.06411265331
 114 0.02163201931
 115 0.05721485692
 116 0.05102167092
 117 0.1197759793
 118 0.1339169535
 119 0.1651595352
 120 0.1610609669
 121 0.1970873134
 122 0.09416857742
 123 0.06835547357
 124 0.1126058376
 125 0.1045620352
 126 0.08523918226
 127 0.03653591224
 128 0.01675396343
 129 0.01448144196
 130 0.02799952239
 131 0.03993297961
 132 0.07764095585
 133 0.08187986713
 134 0.0565710898
 135 0.0706592322
 136 0.0339780817
 137 0.01755709962
 138 0.01608501367
 139 0.07281847465
 140 0.1514738329
 141 0.09649323463
 142 0.1326422526
 143 0.3744992821
 144 0.4168762736
 145 0.384502376
 146 0.1902316418
 147 0.3546128668
 148 0.3574577714
 149 0.4580113674
 150 0.4499974405
 151 0.3483594877
 152 0.3067013127
 153 0.1881122563
 154 0.161265389
 155 0.09988242459
 156 0.08230646843
 157 0.08142573693
 158 0.03912039988
 159 0.01073143796
 160 0.03090542734
 161 0.04300893119
 162 0.03367464335
 163 0.06520009769
 164 0.03474448885
 165 0.03651520142
 166 0.007132632614
 167 0.01112345183
 168 0.009918601443
 169 0.01921911633
 170 0.01887446759
 171 0.06984367758
 172 0.1351124613
 173 0.1102086581
 174 0.06401884489
 175 0.1553898971
 176 0.03056630993
 177 0.07392202969
 178 0.02125750129
 179 0.04438377846
 180 0.07633436979
 181 0.01324198249
 182 0.01291540001
 183 0.0005232195089
 184 0.01583358017
 185 0.008510406196
 186 0.01477744839
 187 0.008525284618
 188 0.002624622601
 189 0.04089266947
 190 0.03774444587
 191 0.04557228623
 192 0.03070701805
 193 0.04157664144
 194 0.03383407276
 195 0.04714183994
 196 0.05462143774
 197 0.04648549619
 198 0.03174193062
 199 0.07619408707
 200 0.07510159429
 201 0.02186044667
 202 0.007604113935
 203 0.01684243533
 204 0.03487164607
 205 0.01052125049
 206 0.009488133584
 207 0.01147279146
 208 0.0313898644
 209 0.1580453578
 210 0.1732464251
 211 0.1352143935
 212 0.0758241898
 213 0.1104854135
 214 0.1056576163
 215 0.05501092201
 216 0.007673489012
 217 0.01468641887
 218 0.009420800191
 219 0.01754251862
 220 0.05615370743
 221 0.04083755386
 222 0.03081743802
 223 0.01139854354
 224 0.006977719497
 225 0.01789914819
 226 0.009262174715
 227 0.04074562237
 228 0.01433092495
 229 0.0163667287
 230 0.04415342381
 231 0.04462914433
 232 0.008773814354
 233 0.0116104547
 234 0.0220426004
 235 0.01333973973
 236 0.04230138944
 237 0.08892229182
 238 0.1103575057
 239 0.1684278549
 240 0.1897333891
 241 0.2561395988
 242 0.199021622
 243 0.1450831164
 244 0.09762299857
 245 0.03487540965
 246 0.02401164548
 247 0.005873780297
 248 0.01987290773
 249 0.01541374913
 250 0.008896019147
 251 0.00534407917
 252 0.005752282779
 253 0.006121604317
 254 0.01208169714
 255 0.006466498968
 256 0.01546689576
 257 0.004086327749
 258 0.01325040018
 259 0.03651623269
 260 0.05761509172
 261 0.07897261163
 262 0.01384365558
 263 0.03008270449
 264 0.02720767235
 265 0.06298920366
 266 0.04138675395
 267 0.08489958864
 268 0.385639901
 269 0.5553849717
 270 0.8194528314
 271 1.182712372
 272 1.446014528
 273 0.9465709985
 274 0.6415252256
 275 0.5637587783
 276 0.5217418192
 277 0.2890875318
 278 0.2320964183
 279 0.153308078
 280 0.1512423911
 281 0.1515668395
 282 0.133370024
 283 0.1146496717
 284 0.06823602744
 285 0.03739052704
 286 0.1888851829
 287 0.08636431138
 288 0.07503598212
 289 0.08978448337
 290 0.107019984
 291 0.1102568142
 292 0.08601699251
 293 0.05201576819
 294 0.0206125446
 295 0.01467750824
 296 0.06250354202
 297 0.004731994501
 298 0.01256929564
 299 0.007544081848
 300 0.01779899747
 301 0.02337289806
 302 0.1283501459
 303 0.003315545794
 304 0.008962537825
 305 0.02235762071
 306 0.02840781487
 307 0.01911539076
 308 0.002132340791
 309 0.002756663668
 310 0.0272899389
 311 0.02996320085
 312 0.05942019438
 313 0.03646800159
 314 0.1274185169
 315 0.06443403459
 316 0.07165495659
 317 0.04945630638
 318 0.05519980544
 319 0.02142351147
 320 0.01440485021
 321 0.01358185356
 322 0.01796435451
 323 0.05606886929
 324 0.01521080002
 325 0.04217414692
 326 0.122815168
 327 0.11364973
 328 0.1197311798
 329 0.06608595347
 330 0.08747062528
 331 0.1093530116
 332 0.1508016559
 333 0.2204630654
 334 0.1426337958
 335 0.2002566655
 336 0.1234145063
 337 0.3442525565
 338 0.4706150606
 339 0.5826817375
 340 0.5285114377
 341 0.2848180266
 342 0.330234372
 343 0.2611968778
 344 0.1784160669
 345 0.09608679527
 346 0.09483856787
 347 0.01628845432
 348 0.01693584417
 349 0.03237196534
 350 0.03255589785
 351 0.01769629266
 352 0.06099903606
 353 0.03181522646
 354 0.007897636628
 355 0.03907387047
 356 0.006758850883
 357 0.02506399557
 358 0.01364586891
 359 0.0190481184
 360 0.03674861888
 361 0.05261021514
 362 0.03238229124
 363 0.03846064188
 364 0.02189991373
 365 0.0306148847
 366 0.02260861559
 367 0.02294802125
 368 0.02353070032
 369 0.02953758961
 370 0.01243927746
 371 0.04162737665
 372 0.08317501853
 373 0.06718829772
 374 0.02082582767
 375 0.02764938978
 376 0.07520976735
 377 0.156030562
 378 0.2281941606
 379 0.1657066376
 380 0.1983361695
 381 0.3334855042
 382 0.5715946942
 383 0.6247181467
 384 0.5129448495
 385 0.4328488324
 386 0.2511004971
 387 0.2142367502
 388 0.3126263351
 389 0.1280589578
 390 0.1257504313
 391 0.06836759827
 392 0.05633544237
 393 0.01124508917
 394 0.02792367842
 395 0.03065935542
 396 0.06621372483
 397 0.208315066
 398 0.3881634225
 399 0.703318444
 400 0.9926329397
 401 1.074762998
 402 0.7145011886
 403 0.6545440261
 404 0.2545581257
 405 0.1303858453
 406 0.06643358614
 407 0.07878184387
 408 0.06267499532
 409 0.07917545183
 410 0.09451406258
 411 0.01145051875
 412 0.006594018702
 413 0.05481062755
 414 0.006471549703
 415 0.008776689075
 416 0.0305748893
 417 0.06085498841
 418 0.09748087184
 419 0.1667510189
 420 0.2245171085
 421 0.1256422377
 422 0.1287547159
 423 0.09340612573
 424 0.01605335501
 425 0.005894444171
 426 0.02260285139
 427 0.0108362144
 428 0.004042355725
 429 0.04907442423
 430 0.04166409296
 431 0.05720879118
 432 0.03059512144
 433 0.05720417002
 434 0.06324149289
 435 0.12932584
 436 0.07252628078
 437 0.05932429979
 438 0.07149161663
 439 0.04968009279
 440 0.05248351056
 441 0.05453988355
 442 0.02880034485
 443 0.03399639826
 444 0.1015546288
 445 0.04875063446
 446 0.05413459888
 447 0.03646041152
 448 0.02943149143
 449 0.1330246675
 450 0.2147380059
 451 0.2721324413
 452 0.2863271935
 453 0.3746771815
 454 0.5737959544
 455 0.2002706323
 456 0.227892745
 457 0.2015040353
 458 0.1498926394
 459 0.1460610802
 460 0.1656160327
 461 0.162800895
 462 0.238750618
 463 0.2404521055
 464 0.2731825677
 465 0.1967522662
 466 0.1096042737
 467 0.1606364195
 468 0.2656725531
 469 0.3632948359
 470 0.3679884736
 471 0.3743500441
 472 0.4703123058
 473 0.3590797306
 474 0.3284909527
 475 0.242400294
 476 0.1997794227
 477 0.102851654
 478 0.2208826691
 479 0.2522294723
 480 0.53412421
 481 0.877317388
 482 1.115515651
 483 1.005234009
 484 0.7224178292
 485 0.3444879056
 486 0.2708191538
 487 0.08957984192
 488 0.1061302243
 489 0.05738780293
 490 0.09552500213
 491 0.1126800132
 492 0.07132903697
 493 0.04889745523
 494 0.2165849346
 495 0.1225988062
 496 0.3626696995
 497 0.1775220849
 498 0.1197684439
 499 0.07426723683
 500 0.02268044063
 501 0.02582890273
 502 0.01141558384
 503 0.01656088079
 504 0.003352813027
 505 0.0100219496
 506 0.02886564422
 507 0.05421837728
 508 0.04890717075
 509 0.04267608854
 510 0.02097333752
 511 0.1037474449
 512 0.02966656011
 513 0.08413114268
 514 0.02741341819
 515 0.117527086
 516 0.03965576655
 517 0.1060862275
 518 0.04444665874
 519 0.03101470715
 520 0.03556932154
 521 0.01813278441
 522 0.09364788865
 523 0.149052946
 524 0.1823496774
 525 0.2718385625
 526 0.2334037876
 527 0.2079457876
 528 0.1787263654
 529 0.1735577127
 530 0.1815866329
 531 0.1231178147
 532 0.1918860475
 533 0.1528799839
 534 0.1266132574
 535 0.07481099035
 536 0.01942522053
 537 0.02133297586
 538 0.01306495318
 539 0.009495143181
 540 0.01375779502
 541 0.02954022213
 542 0.1033356436
 543 0.02509449988
 544 0.005687273574
 545 0.07126069212
 546 0.2302483881
 547 0.3508071291
 548 0.6056359107
 549 0.9363754066
 550 1.165812501
 551 0.9712265667
 552 1.051345073
 553 0.3313788255
 554 0.1408651207
 555 0.1343845215
 556 0.09099485199
 557 0.03566337948
 558 0.005335493848
 559 0.08517948976
 560 0.1592169574
 561 0.1453751504
 562 0.2234259093
 563 0.2604874661
 564 0.2726454363
 565 0.2967710814
 566 0.1377436713
 567 0.05622303459
 568 0.07872702221
 569 0.03817351298
 570 0.03761122013
 571 0.04334142489
 572 0.06194168383
 573 0.1284805746
 574 0.04714865277
 575 0.1097995113
 576 0.06116693781
 577 0.02628362829
 578 0.006126779861
 579 0.0239660043
 580 0.02175817161
 581 0.0488519406
 582 0.04912969629
 583 0.07678947005
 584 0.05839907219
 585 0.0301091723
 586 0.05722580485
 587 0.07178499078
 588 0.08996232486
 589 0.1142098203
 590 0.1101241039
 591 0.08257657329
 592 0.04999457921
 593 0.03788887745
 594 0.02714952266
 595 0.006940020457
 596 0.01345392856
 597 0.005933614752
 598 0.02315350005
 599 0.04641139956
 600 0.01942955695
 601 0.02291860734
 602 0.008785129512
 603 0.007607101257
 604 0.02537373021
 605 0.0467981466
 606 0.06856323666
 607 0.2129457035
 608 0.517836099
 609 0.5854594992
 610 0.9844484636
 611 0.8450522932
 612 0.8328246073
 613 0.4359886618
 614 0.3343416772
 615 0.2403263895
 616 0.05696473317
 617 0.003224926902
 618 0.007778678585
 619 0.02743544946
 620 0.02066444941
 621 0.04156985053
 622 0.06281745643
 623 0.077884014
 624 0.02501423438
 625 0.04104922564
 626 0.1498002804
 627 0.2651218619
 628 0.2610653506
 629 0.2137406039
 630 0.1907119513
 631 0.2309908136
 632 0.3365495578
 633 0.3234044972
 634 0.05324220593
 635 0.03408098797
 636 0.03050338792
 637 0.02732666732
 638 0.007522614815
 639 0.01736449079
 640 0.05153712017
 641 0.1089420695
 642 0.05005310997
 643 0.140147984
 644 0.1159237632
 645 0.1217897991
 646 0.03701853926
 647 0.03159710814
 648 0.01325204243
 649 0.02483625141
 650 0.04496097916
 651 0.02649669104
 652 0.1000843371
 653 0.06431665885
 654 0.02307484594
 655 0.01270998635
 656 0.005875883749
 657 0.01977145621
 658 0.008457258046
 659 0.02553092753
 660 0.03129034032
 661 0.1103789354
 662 0.09997052925
 663 0.0580871078
 664 0.02112594486
 665 0.008275745912
 666 0.06332769431
 667 0.05023389671
 668 0.03003847393
 669 0.01407342217
 670 0.007952007975
 671 0.01023239557
 672 0.01805518532
 673 0.04468001571
 674 0.004074505321
 675 0.0188452843
 676 0.009372109858
 677 0.0233559442
 678 0.009204178493
 679 0.01439418348
 680 0.04186572618
 681 0.002412194552
 682 0.02287334375
 683 0.01411805104
 684 0.02900461092
 685 0.01527801907
 686 0.0003552216418
 687 0.0004433357953
 688 0.01542842681
 689 0.05976157734
 690 0.07045129506
 691 0.04513861324
 692 0.08183297487
 693 0.0672682911
 694 0.1155174773
 695 0.09239588301
 696 0.01512020159
 697 0.005144084281
 698 0.002496984028
 699 0.02120286605
 700 0.01201678576
 701 0.01781773091
 702 0.05870087961
 703 0.07896759877
 704 0.09764794864
 705 0.1209594029
 706 0.09399966646
 707 0.1288247575
 708 0.1362271474
 709 0.1211858454
 710 0.06473792858
 711 0.03709707035
 712 0.02408843644
 713 0.01699964801
 714 0.0204633275
 715 0.06899493154
 716 0.04663640833
 717 0.03853982555
 718 0.01849011419
 719 0.006046742122
 720 0.02114953035
 721 0.08422725347
 722 0.06655222439
 723 0.006627524278
 724 0.01601774681
 725 0.0261593583
 726 0.002187844288
 727 0.007168439625
 728 0.01807842693
 729 0.0486937103
 730 0.07860955448
 731 0.08474214195
 732 0.02434553009
 733 0.06370506943
 734 0.0138233672
 735 0.003671398666
 736 0.001247638463
 737 0.00521093279
 738 0.03467761174
 739 0.02532026403
 740 0.0345473483
 741 0.04527143695
 742 0.08422543922
 743 0.01597772787
 744 0.01512860796
 745 0.08360759326
 746 0.1805755746
 747 0.1707777363
 748 0.09442768534
 749 0.337662582
 750 0.2700983191
 751 0.3831829594
 752 0.4545990461
 753 0.384743391
 754 0.2905484938
 755 0.7060525248
 756 0.3418439119
 757 0.2949063635
 758 0.2158223652
 759 0.202136182
 760 0.06921981793
 761 0.1097596324
 762 0.05082518547
 763 0.1210301504
 764 0.05735690903
 765 0.04836854168
 766 0.01039975219
 767 0.005230503148
 768 0.01890086621
 769 0.06786056818
 770 0.06435627617
 771 0.04258995737
 772 0.04177618624
 773 0.09164438146
 774 0.1607810471
 775 0.08036960164
 776 0.06972298409
 777 0.08586823709
 778 0.1535826134
 779 0.181908756
 780 0.2123759411
 781 0.09689854149
 782 0.09898107203
 783 0.08705819447
 784 0.04085589559
 785 0.01751883168
 786 0.01317108024
 787 0.02667032733
 788 0.01178801952
 789 0.02070643992
 790 0.08651988689
 791 0.01344000565
 792 0.0319092185
 793 0.0384455909
 794 0.01873179642
 795 0.04523535794
 796 0.05536930407
 797 0.1063773226
 798 0.1168780797
 799 0.2070300855
 800 0.1191056896
 801 0.1055745806
 802 0.105498311
 803 0.1027737987
 804 0.05575067072
 805 0.07230273401
 806 0.06540213836
 807 0.06401061599
 808 0.2281655893
 809 0.1614928167
 810 0.2186629461
 811 0.2375519567
 812 0.1768989157
 813 0.09685724907
 814 0.02969647102
 815 0.01916994494
 816 0.01769061289
 817 0.06738831745
 818 0.00462838724
 819 0.01136798246
 820 0.01084161297
 821 0.01286888505
 822 0.02620070925
 823 0.02268523655
 824 0.03545415462
 825 0.03338903572
 826 0.09465263146
 827 0.04853990095
 828 0.07343532626
 829 0.05715203019
 830 0.07352319411
 831 0.05637772185
 832 0.01140247704
 833 0.05976831519
 834 0.01313516661
 835 0.002561316578
 836 0.003472369584
 837 0.02602468987
 838 0.02921625589
 839 0.03239948767
 840 0.05092148048
 841 0.07114744747
 842 0.04103780231
 843 0.0426063391
 844 0.0191348528
 845 0.0438530833
 846 0.04569789729
 847 0.02472912057
 848 0.009050188028
 849 0.008641161209
 850 0.005346170705
 851 0.04807510945
 852 0.0484916069
 853 0.0910114236
 854 0.01855905004
 855 0.008172518653
 856 0.01449049989
 857 0.01246658209
 858 0.02201377664
 859 0.06835147898
 860 0.5089145938
 861 1.161096125
 862 1.239220664
 863 1.574041627
 864 1.258227404
 865 0.7934552575
 866 0.3539498653
 867 0.2761962371
 868 0.1027595986
 869 0.09832886163
 870 0.1997006247
 871 0.3582643812
 872 0.396499327
 873 0.3485629928
 874 0.4407864316
 875 0.625310185
 876 0.5538123134
 877 0.8900746164
 878 0.9577997527
 879 0.5008700656
 880 0.1811467175
 881 0.1816420631
 882 0.1407686801
 883 0.02399347036
 884 0.02310034071
 885 0.02498364906
 886 0.02578850504
 887 0.005669559179
 888 0.04205166059
 889 0.03643284703
 890 0.02036786207
 891 0.01157193764
 892 0.03725825123
 893 0.02610947473
 894 0.02053830966
 895 0.04070251736
 896 0.0778532708
 897 0.09783072795
 898 0.01811174785
 899 0.03563814941
 900 0.008115815642
 901 0.02882905361
 902 0.06223542576
 903 0.00806071285
 904 0.08839303019
 905 0.05974446649
 906 0.02068779589
 907 0.08420253552
 908 0.08804131372
 909 0.04236594567
 910 0.07498079866
 911 0.0250387407
 912 0.006067073269
 913 0.01555750097
 914 0.08392407335
 915 0.1178469074
 916 0.07539889313
 917 0.07459080786
 918 0.05312952326
 919 0.02982975969
 920 0.03733351001
 921 0.03137152382
 922 0.04600502267
 923 0.0421963231
 924 0.02634508048
 925 0.01507386178
 926 0.0109858789
 927 0.01684131824
 928 0.004563285262
 929 0.005895849826
 930 0.05467604774
 931 0.01168522014
 932 0.04455243612
 933 0.01620570662
 934 0.009129485738
 935 0.0262116531
 936 0.03466232515
 937 0.02146311053
 938 0.04575686336
 939 0.02044741653
 940 0.05310293242
 941 0.07000054889
 942 0.1722335519
 943 0.09250044946
 944 0.1286733716
 945 0.05519360953
 946 0.007482323731
 947 0.01604461065
 948 0.01187864464
 949 0.01009566335
 950 0.01244456349
 951 0.007628188544
 952 0.010752519
 953 0.01798423267
 954 0.004989705711
 955 0.01908612434
 956 0.02781059432
 957 0.05311294306
 958 0.07100706454
 959 0.169847575
 960 0.1436720056
 961 0.07373951573
 962 0.07100833407
 963 0.07502948489
 964 0.03481144007
 965 0.08956508503
 966 0.06807654059
 967 0.1047971017
 968 0.1440642067
 969 0.2238364226
 970 0.1042462131
 971 0.01689747485
 972 0.03820764049
 973 0.02720473887
 974 0.04333006024
 975 0.1462683555
 976 0.07389003505
 977 0.01737236856
 978 0.063973755
 979 0.03487530408
 980 0.06587786614
 981 0.1541154292
 982 0.03590840032
 983 0.1290057127
 984 0.1327298819
 985 0.1724128194
 986 0.4334021225
 987 0.309270493
 988 0.2395661106
 989 0.1447073501
 990 0.1399755117
 991 0.03175665882
 992 0.07169646023
 993 0.07681687662
 994 0.1319578605
 995 0.09399375036
 996 0.1750917461
 997 0.1092349511
 998 0.04525010827
 999 0.02708814418
