        2500        0.004            0            0            0            0            0
        5000        0.004            0            0            0            0            0
        7500        0.009        0.001            0            0            0            0
       10000        0.008            0            0            0            0            0
       12500        0.008            0            0            0            0            0
       15000        0.005            0            0            0            0            0
       17500        0.004        0.001            0            0            0            0
       20000        0.008        0.002            0            0            0            0
       22500        0.009        0.001            0            0            0            0
       25000        0.007            0            0            0            0            0
       27500        0.009        0.001            0            0            0            0
       30000        0.009            0            0            0            0            0
       32500        0.005        0.001            0            0            0            0
       35000        0.008            0            0            0            0            0
       37500        0.005        0.003            0            0            0            0
       40000        0.009        0.002            0            0            0            0
       42500        0.007        0.001            0            0            0            0
       45000        0.008        0.001            0            0            0            0
 47499.99999        0.009            0            0            0            0            0
 49999.99999        0.009            0            0            0            0            0
 52499.99999        0.004        0.002            0            0            0            0
 54999.99999         0.01            0            0            0            0            0
 57499.99999        0.012            0            0            0            0            0
 59999.99999        0.006            0            0            0            0            0
 62499.99999        0.005        0.001            0            0            0            0
 64999.99999        0.007        0.002            0            0            0            0
 67499.99999        0.009        0.001            0            0            0            0
 69999.99999        0.012            0            0            0            0            0
 72499.99999         0.01        0.002            0            0            0            0
 74999.99999        0.011        0.001            0            0            0            0
       77500        0.011            0            0            0            0            0
       80000        0.009            0            0            0            0            0
       82500        0.008        0.003            0            0            0            0
       85000        0.011        0.001            0            0            0            0
 87500.00001        0.012        0.001            0            0            0            0
 90000.00001        0.012            0            0            0            0            0
 92500.00001        0.006            0            0            0            0            0
 95000.00001        0.012        0.001            0            0            0            0
 97500.00001         0.01        0.001            0            0            0            0
      100000        0.008        0.002            0            0            0            0
      102500        0.008            0            0            0            0            0
      105000        0.009        0.001            0            0            0            0
      107500        0.007        0.001            0            0            0            0
      110000        0.006        0.001            0            0            0            0
      112500        0.011        0.001            0            0            0            0
      115000        0.007        0.002            0            0            0            0
      117500         0.01            0            0            0            0            0
      120000         0.01        0.002            0            0            0            0
      122500        0.008            0            0            0            0            0
      125000        0.013        0.002            0            0            0            0
      127500         0.01        0.001            0            0            0            0
      130000        0.004            0            0            0            0            0
      132500        0.006        0.002            0            0            0            0
      135000        0.012        0.001            0            0            0            0
 137500.0001        0.007        0.001            0            0            0            0
 140000.0001        0.013        0.001            0            0            0            0
 142500.0001        0.006        0.001            0            0            0            0
 145000.0001         0.01            0            0            0            0            0
 147500.0001        0.008        0.002            0            0            0            0
 150000.0001        0.012        0.001            0            0            0            0
 152500.0001         0.01            0            0            0            0            0
 155000.0001        0.013            0            0            0            0            0
 157500.0001        0.005        0.002            0            0            0            0
 160000.0001        0.012            0            0            0            0            0
 162500.0001        0.006        0.002            0            0            0            0
 165000.0001         0.01        0.002            0            0            0            0
 167500.0001        0.009            0            0            0            0            0
 170000.0001        0.009        0.004            0            0            0            0
 172500.0001         0.01        0.002            0            0            0            0
 175000.0001        0.009        0.001            0            0            0            0
 177500.0001        0.007        0.005            0            0            0            0
 180000.0001         0.01        0.002            0            0            0            0
 182500.0001         0.01            0            0            0            0            0
 185000.0001        0.013            0            0            0            0            0
 187500.0001        0.013        0.001            0            0            0            0
 190000.0001         0.01        0.002            0            0            0            0
 192500.0001         0.01        0.001            0            0            0            0
 195000.0001        0.009        0.002            0            0            0            0
 197500.0001        0.009        0.001            0            0            0            0
 200000.0001        0.009        0.001            0            0            0            0
 202500.0001        0.012        0.001            0            0            0            0
 205000.0001        0.013            0            0            0            0            0
 207500.0001        0.011        0.001            0            0            0            0
 210000.0001        0.012        0.002            0            0            0            0
 212500.0001        0.007        0.002            0            0            0            0
 215000.0001         0.01        0.002            0            0            0            0
 217500.0001        0.008        0.002            0            0            0            0
 220000.0001        0.011        0.001            0            0            0            0
 222500.0001        0.012        0.001            0            0            0            0
 225000.0001         0.01        0.001            0            0            0            0
 227500.0001        0.011            0            0            0            0            0
 230000.0001        0.006        0.003        0.001            0            0            0
 232500.0001        0.009        0.003            0            0            0            0
 235000.0001        0.009        0.003            0            0            0            0
 237500.0001         0.01        0.001            0            0            0            0
 240000.0001        0.009        0.004            0            0            0            0
 242500.0001        0.012            0            0            0            0            0
 245000.0002        0.013            0            0            0            0            0
 247500.0002        0.007        0.003            0            0            0            0
 250000.0002        0.009        0.003            0            0            0            0
 252500.0002         0.01        0.001            0            0            0            0
 255000.0002        0.014            0            0            0            0            0
 257500.0002        0.011        0.002            0            0            0            0
 260000.0002        0.012        0.001            0            0            0            0
 262500.0002         0.01        0.001            0            0            0            0
 265000.0002         0.01        0.003            0            0            0            0
 267500.0002        0.008        0.002            0            0            0            0
 270000.0002        0.012            0            0            0            0            0
 272500.0002        0.012        0.001            0            0            0            0
 275000.0002        0.011            0            0            0            0            0
 277500.0002        0.009        0.004            0            0            0            0
 280000.0002        0.011        0.002            0            0            0            0
 282500.0002         0.01        0.003            0            0            0            0
 285000.0002        0.008        0.004            0            0            0            0
 287500.0002        0.013        0.002            0            0            0            0
 290000.0002        0.007        0.004            0            0            0            0
 292500.0002        0.011        0.002            0            0            0            0
 295000.0002        0.007        0.004        0.001            0            0            0
 297500.0002        0.012        0.002            0            0            0            0
 300000.0002        0.012        0.001            0            0            0            0
 302500.0002        0.008        0.001            0            0            0            0
 305000.0002        0.012        0.002            0            0            0            0
 307500.0002        0.012        0.003            0            0            0            0
 310000.0002        0.006        0.003            0            0            0            0
 312500.0002        0.008        0.004            0            0            0            0
 315000.0002        0.006        0.003            0            0            0            0
 317500.0002         0.01        0.002            0            0            0            0
 320000.0002        0.007        0.003            0            0            0            0
 322500.0002        0.011        0.002            0            0            0            0
 325000.0002        0.011        0.001            0            0            0            0
 327500.0002        0.009        0.004            0            0            0            0
 330000.0002        0.008        0.004            0            0            0            0
 332500.0002         0.01        0.001            0            0            0            0
 335000.0002        0.011        0.001            0            0            0            0
 337500.0002         0.01        0.003            0            0            0            0
 340000.0002         0.01        0.004            0            0            0            0
 342500.0002        0.004        0.005            0            0            0            0
 345000.0002        0.012        0.003            0            0            0            0
 347500.0002        0.009        0.003            0            0            0            0
 350000.0002        0.011        0.004            0            0            0            0
 352500.0003        0.012        0.003            0            0            0            0
 355000.0003        0.008        0.003            0            0            0            0
 357500.0003        0.005        0.003        0.001            0            0            0
 360000.0003        0.009        0.004            0            0            0            0
 362500.0003        0.011        0.003            0            0            0            0
 365000.0003        0.007        0.004            0            0            0            0
 367500.0003        0.012        0.002            0            0            0            0
 370000.0003        0.009        0.002            0            0            0            0
 372500.0003        0.009        0.003            0            0            0            0
 375000.0003        0.007        0.002            0            0            0            0
 377500.0003        0.008        0.004            0            0            0            0
 380000.0003        0.011        0.003            0            0            0            0
 382500.0003        0.009        0.004            0            0            0            0
 385000.0003        0.011        0.002            0            0            0            0
 387500.0003        0.012        0.003            0            0            0            0
 390000.0003        0.009        0.004            0            0            0            0
 392500.0003         0.01        0.002            0            0            0            0
 395000.0003        0.011        0.003            0            0            0            0
 397500.0003        0.006        0.004            0            0            0            0
 400000.0003         0.01        0.003            0            0            0            0
 402500.0003        0.009        0.003            0            0            0            0
 405000.0003        0.007        0.007            0            0            0            0
 407500.0003        0.011            0            0            0            0            0
 410000.0003         0.01        0.004            0            0            0            0
 412500.0003        0.009        0.002            0            0            0            0
 415000.0003        0.007        0.005            0            0            0            0
 417500.0003        0.011        0.003            0            0            0            0
 420000.0003        0.011        0.004        0.001            0            0            0
 422500.0003        0.007        0.003        0.001            0            0            0
 425000.0003        0.007        0.005            0            0            0            0
 427500.0003        0.008        0.003        0.001            0            0            0
 430000.0003        0.008        0.004            0            0            0            0
 432500.0003        0.005        0.006            0            0            0            0
 435000.0003        0.009        0.006            0            0            0            0
 437500.0003        0.005        0.005            0            0            0            0
 440000.0003        0.006        0.005            0            0            0            0
 442500.0003        0.009        0.003            0            0            0            0
 445000.0003        0.007        0.004            0            0            0            0
 447500.0003        0.007        0.003            0            0            0            0
 450000.0003        0.008        0.004            0            0            0            0
 452500.0003        0.007        0.004            0            0            0            0
 455000.0003        0.012        0.004            0            0            0            0
 457500.0004        0.006        0.004            0            0            0            0
 460000.0004        0.009        0.002            0            0            0            0
 462500.0004        0.008        0.002        0.001            0            0            0
 465000.0004        0.011        0.003            0            0            0            0
 467500.0004        0.005        0.006            0            0            0            0
 470000.0004        0.011        0.003            0            0            0            0
 472500.0004        0.013        0.003            0            0            0            0
 475000.0004        0.011        0.004            0            0            0            0
 477500.0004        0.006        0.005        0.001            0            0            0
 480000.0004        0.009        0.003            0            0            0            0
 482500.0004        0.009        0.003            0            0            0            0
 485000.0004        0.011        0.002            0            0            0            0
 487500.0004        0.009        0.004        0.001            0            0            0
 490000.0004        0.007        0.005            0            0            0            0
 492500.0004        0.008        0.003        0.001            0            0            0
 495000.0004        0.014        0.001        0.001            0            0            0
 497500.0004        0.008        0.003            0            0            0            0
 500000.0004        0.011        0.002            0            0            0            0
 502500.0004        0.008        0.003            0            0            0            0
 505000.0004        0.013        0.001        0.001            0            0            0
 507500.0004        0.011        0.003        0.001            0            0            0
 510000.0004        0.007        0.004        0.001            0            0            0
 512500.0004        0.007        0.004            0            0            0            0
 515000.0004        0.009        0.005            0            0            0            0
 517500.0004        0.013        0.002            0            0            0            0
 520000.0004        0.012        0.002        0.001            0            0            0
 522500.0004         0.01        0.002        0.001            0            0            0
 525000.0004        0.009        0.004            0            0            0            0
 527500.0004         0.01        0.002            0            0            0            0
 530000.0004        0.011        0.001        0.001            0            0            0
 532500.0004         0.01        0.005            0            0            0            0
 535000.0004        0.011        0.001            0            0            0            0
 537500.0004         0.01        0.001        0.001            0            0            0
 540000.0004        0.007        0.003            0            0            0            0
 542500.0004        0.008        0.005        0.001            0            0            0
 545000.0004         0.01        0.002        0.001            0            0            0
 547500.0004        0.013            0        0.001            0            0            0
 550000.0004         0.01            0        0.001            0            0            0
 552500.0004         0.01        0.003        0.001            0            0            0
 555000.0004        0.014        0.001            0            0            0            0
 557500.0004        0.011        0.003        0.001            0            0            0
 560000.0004        0.014        0.001        0.001            0            0            0
 562500.0004        0.008        0.002        0.001            0            0            0
 565000.0005        0.007        0.004        0.001            0            0            0
 567500.0005        0.013        0.001            0            0            0            0
 570000.0005         0.01        0.003            0            0            0            0
 572500.0005         0.01        0.003            0            0            0            0
 575000.0005        0.009        0.004            0            0            0            0
 577500.0005        0.013        0.001        0.001            0            0            0
 580000.0005         0.01        0.002            0            0            0            0
 582500.0005        0.011        0.002            0            0            0            0
 585000.0005        0.013        0.001            0            0            0            0
 587500.0005        0.011        0.004            0            0            0            0
 590000.0005        0.011            0        0.001            0            0            0
 592500.0005        0.011        0.004            0            0            0            0
 595000.0005        0.011            0        0.001            0            0            0
 597500.0005        0.006        0.005            0            0            0            0
 600000.0005        0.011        0.003            0            0            0            0
 602500.0005        0.011        0.001            0            0            0            0
 605000.0005        0.011        0.003            0            0            0            0
 607500.0005        0.013        0.003            0            0            0            0
 610000.0005         0.01        0.004            0            0            0            0
 612500.0005        0.012        0.002            0            0            0            0
 615000.0005        0.012        0.004            0            0            0            0
 617500.0005        0.012        0.001            0            0            0            0
 620000.0005        0.011        0.003            0            0            0            0
 622500.0005        0.007        0.005            0            0            0            0
 625000.0005         0.01        0.004            0            0            0            0
 627500.0005        0.014        0.002            0            0            0            0
 630000.0005        0.007        0.006            0            0            0            0
 632500.0005        0.009        0.004            0            0            0            0
 635000.0005        0.012        0.003            0            0            0            0
 637500.0005        0.012        0.005            0            0            0            0
 640000.0005        0.011        0.004            0            0            0            0
 642500.0005        0.013        0.003            0            0            0            0
 645000.0005        0.016        0.001            0            0            0            0
 647500.0005        0.008        0.004            0            0            0            0
 650000.0005         0.01        0.002            0            0            0            0
 652500.0005        0.006        0.002        0.001            0            0            0
 655000.0005        0.012        0.005            0            0            0            0
 657500.0005        0.014        0.004            0            0            0            0
 660000.0005         0.01        0.003            0            0            0            0
 662500.0005        0.013        0.004            0            0            0            0
 665000.0005        0.014        0.002            0            0            0            0
 667500.0005        0.012        0.003            0            0            0            0
 670000.0005        0.014        0.005            0            0            0            0
 672500.0006        0.009        0.003        0.001            0            0            0
 675000.0006        0.013        0.002            0            0            0            0
 677500.0006        0.012        0.004            0            0            0            0
 680000.0006        0.014        0.002            0            0            0            0
 682500.0006        0.007        0.006            0            0            0            0
 685000.0006        0.016        0.002            0            0            0            0
 687500.0006        0.011        0.003            0            0            0            0
 690000.0006        0.011        0.004            0            0            0            0
 692500.0006        0.014        0.004            0            0            0            0
 695000.0006        0.013        0.002            0            0            0            0
 697500.0006        0.009        0.003        0.001            0            0            0
 700000.0006        0.013        0.003            0            0            0            0
 702500.0006        0.012        0.002            0            0            0            0
 705000.0006         0.01        0.003            0            0            0            0
 707500.0006        0.018        0.002            0            0            0            0
 710000.0006        0.011        0.002            0            0            0            0
 712500.0006        0.012        0.003            0            0            0            0
 715000.0006        0.015        0.001            0            0            0            0
 717500.0006        0.013        0.001            0            0            0            0
 720000.0006        0.017        0.001            0            0            0            0
 722500.0006        0.011        0.003            0            0            0            0
 725000.0006        0.018        0.002            0            0            0            0
 727500.0006        0.015        0.004            0            0            0            0
 730000.0006        0.014        0.002            0            0            0            0
 732500.0006        0.005        0.006            0            0            0            0
 735000.0006        0.014        0.002            0            0            0            0
 737500.0006        0.014        0.002            0            0            0            0
 740000.0006        0.011        0.004            0            0            0            0
 742500.0006        0.012        0.003        0.001            0            0            0
 745000.0006        0.015        0.001            0            0            0            0
 747500.0006        0.014        0.004            0            0            0            0
 750000.0006        0.012        0.003            0            0            0            0
 752500.0006         0.01        0.002            0            0            0            0
 755000.0006        0.012        0.005            0            0            0            0
 757500.0006        0.013        0.003            0            0            0            0
 760000.0006         0.01        0.004        0.001            0            0            0
 762500.0006        0.016        0.003            0            0            0            0
 765000.0006        0.011        0.003            0            0            0            0
 767500.0006        0.016        0.002            0            0            0            0
 770000.0006        0.014        0.002            0            0            0            0
 772500.0006        0.014        0.004            0            0            0            0
 775000.0006        0.013        0.004            0            0            0            0
 777500.0006        0.012        0.004            0            0            0            0
 780000.0007        0.014        0.001            0            0            0            0
 782500.0007        0.005        0.003            0            0            0            0
 785000.0007        0.015        0.002            0            0            0            0
 787500.0007        0.009        0.003            0            0            0            0
 790000.0007        0.017        0.001        0.001            0            0            0
 792500.0007        0.013        0.003            0            0            0            0
 795000.0007         0.01        0.004            0            0            0            0
 797500.0007        0.012        0.004            0            0            0            0
 800000.0007        0.005        0.007            0            0            0            0
 802500.0007         0.01        0.003            0            0            0            0
 805000.0007        0.009        0.006            0            0            0            0
 807500.0007        0.011        0.003            0            0            0            0
 810000.0007        0.009        0.006            0            0            0            0
 812500.0007        0.013        0.005            0            0            0            0
 815000.0007         0.01        0.004            0            0            0            0
 817500.0007        0.014        0.003            0            0            0            0
 820000.0007        0.016        0.002            0            0            0            0
 822500.0007        0.011        0.006            0            0            0            0
 825000.0007        0.009        0.003            0            0            0            0
 827500.0007        0.008        0.003            0            0            0            0
 830000.0007        0.018        0.001            0            0            0            0
 832500.0007        0.008        0.005            0            0            0            0
 835000.0007        0.013        0.003            0            0            0            0
 837500.0007        0.012        0.003            0            0            0            0
 840000.0007         0.02            0            0            0            0            0
 842500.0007        0.015        0.001            0            0            0            0
 845000.0007        0.012        0.002            0            0            0            0
 847500.0007        0.007        0.005            0            0            0            0
 850000.0007        0.015        0.002            0            0            0            0
 852500.0007        0.017        0.003            0            0            0            0
 855000.0007        0.007        0.006            0            0            0            0
 857500.0007        0.011        0.004            0            0            0            0
 860000.0007        0.011        0.003            0            0            0            0
 862500.0007         0.01        0.005            0            0            0            0
 865000.0007        0.014            0            0            0            0            0
 867500.0007        0.011        0.004            0            0            0            0
 870000.0007        0.014        0.005            0            0            0            0
 872500.0007        0.009        0.005            0            0            0            0
 875000.0007        0.011        0.005            0            0            0            0
 877500.0007        0.008        0.004            0            0            0            0
 880000.0007        0.013        0.004            0            0            0            0
 882500.0007        0.011        0.002            0            0            0            0
 885000.0007        0.014        0.003            0            0            0            0
 887500.0008        0.008        0.006            0            0            0            0
 890000.0008        0.015        0.002            0            0            0            0
 892500.0008        0.008        0.006            0            0            0            0
 895000.0008        0.011        0.004            0            0            0            0
 897500.0008        0.013        0.004            0            0            0            0
 900000.0008        0.015        0.004            0            0            0            0
 902500.0008        0.016        0.002            0            0            0            0
 905000.0008        0.013        0.004            0            0            0            0
 907500.0008        0.013        0.002            0            0            0            0
 910000.0008        0.011        0.005            0            0            0            0
 912500.0008         0.01        0.004        0.001            0            0            0
 915000.0008        0.012        0.003            0            0            0            0
 917500.0008        0.015        0.001        0.001            0            0            0
 920000.0008        0.012        0.006            0            0            0            0
 922500.0008        0.009        0.004            0            0            0            0
 925000.0008        0.007        0.004            0            0            0            0
 927500.0008         0.01        0.006            0            0            0            0
 930000.0008        0.011        0.003            0            0            0            0
 932500.0008        0.011        0.004            0            0            0            0
 935000.0008        0.016        0.004            0            0            0            0
 937500.0008        0.017        0.002            0            0            0            0
 940000.0008        0.015        0.002            0            0            0            0
 942500.0008        0.008        0.002        0.001            0            0            0
 945000.0008        0.013        0.003            0            0            0            0
 947500.0008        0.014        0.004            0            0            0            0
 950000.0008        0.015            0            0            0            0            0
 952500.0008        0.011        0.008            0            0            0            0
 955000.0008        0.012        0.003            0            0            0            0
 957500.0008        0.014        0.003            0            0            0            0
 960000.0008        0.014        0.003            0            0            0            0
 962500.0008        0.013        0.004        0.001            0            0            0
 965000.0008        0.011        0.003            0            0            0            0
 967500.0008         0.02        0.003            0            0            0            0
 970000.0008        0.019        0.003            0            0            0            0
 972500.0008        0.011        0.006            0            0            0            0
 975000.0008        0.012        0.004            0            0            0            0
 977500.0008        0.015        0.002            0            0            0            0
 980000.0008        0.018        0.002            0            0            0            0
 982500.0008        0.016        0.003            0            0            0            0
 985000.0008        0.016        0.004            0            0            0            0
 987500.0008        0.015        0.003            0            0            0            0
 990000.0008        0.016        0.002            0            0            0            0
 992500.0008        0.012        0.004            0            0            0            0
 995000.0009        0.011        0.003            0            0            0            0
 997500.0009        0.012        0.005            0            0            0            0
 1000000.001        0.012        0.004            0            0            0            0
 1002500.001        0.011        0.005            0            0            0            0
 1005000.001        0.015        0.002        0.001            0            0            0
 1007500.001        0.021            0            0            0            0            0
 1010000.001        0.013        0.003            0            0            0            0
 1012500.001        0.013        0.004            0            0            0            0
 1015000.001        0.016        0.005            0            0            0            0
 1017500.001        0.013        0.003            0            0            0            0
 1020000.001        0.006        0.006            0            0            0            0
 1022500.001        0.016        0.003            0            0            0            0
 1025000.001         0.01        0.004            0            0            0            0
 1027500.001        0.013        0.003            0            0            0            0
 1030000.001        0.008        0.005            0            0            0            0
 1032500.001         0.01        0.007            0            0            0            0
 1035000.001        0.015        0.002            0            0            0            0
 1037500.001        0.015        0.004            0            0            0            0
 1040000.001        0.009        0.003        0.001            0            0            0
 1042500.001        0.009        0.006            0            0            0            0
 1045000.001        0.013        0.003            0            0            0            0
 1047500.001        0.015        0.004            0            0            0            0
 1050000.001        0.017        0.004            0            0            0            0
 1052500.001        0.016        0.001            0            0            0            0
 1055000.001        0.013        0.004            0            0            0            0
 1057500.001        0.017        0.004            0            0            0            0
 1060000.001        0.014        0.002            0            0            0            0
 1062500.001        0.011        0.005            0            0            0            0
 1065000.001        0.012        0.002            0            0            0            0
     1067500        0.012        0.002            0            0            0            0
     1070000        0.011        0.005            0            0            0            0
     1072500        0.016        0.004            0            0            0            0
     1075000        0.013        0.004            0            0            0            0
     1077500        0.014        0.006            0            0            0            0
     1080000        0.013        0.003            0            0            0            0
     1082500        0.013        0.003            0            0            0            0
     1085000        0.013        0.002            0            0            0            0
     1087500        0.014        0.003            0            0            0            0
     1090000        0.014        0.003            0            0            0            0
     1092500        0.011        0.004            0            0            0            0
     1095000        0.011        0.007            0            0            0            0
     1097500        0.009        0.004            0            0            0            0
     1100000        0.015        0.004            0            0            0            0
     1102500        0.013        0.003            0            0            0            0
     1105000        0.015        0.003            0            0            0            0
     1107500        0.012        0.005            0            0            0            0
     1110000        0.013        0.002            0            0            0            0
 1112499.999        0.015        0.006            0            0            0            0
 1114999.999        0.017        0.003            0            0            0            0
 1117499.999        0.011        0.005            0            0            0            0
 1119999.999        0.012        0.004            0            0            0            0
 1122499.999        0.012        0.005            0            0            0            0
 1124999.999        0.016        0.004            0            0            0            0
 1127499.999        0.011        0.003            0            0            0            0
 1129999.999        0.016        0.004            0            0            0            0
 1132499.999        0.014        0.002            0            0            0            0
 1134999.999        0.012        0.005            0            0            0            0
 1137499.999        0.008        0.009            0            0            0            0
 1139999.999        0.014        0.003            0            0            0            0
 1142499.999        0.007        0.007            0            0            0            0
 1144999.999        0.014        0.003            0            0            0            0
 1147499.999        0.009        0.005            0            0            0            0
 1149999.999        0.013        0.002        0.001            0            0            0
 1152499.999        0.011        0.007            0            0            0            0
 1154999.999        0.016        0.005            0            0            0            0
 1157499.998        0.012        0.003        0.001            0            0            0
 1159999.998        0.008        0.007            0            0            0            0
 1162499.998        0.013        0.005            0            0            0            0
 1164999.998        0.017        0.003            0            0            0            0
 1167499.998        0.013        0.006            0            0            0            0
 1169999.998        0.012        0.008            0            0            0            0
 1172499.998        0.016        0.004            0            0            0            0
 1174999.998        0.011        0.006            0            0            0            0
 1177499.998         0.01        0.003        0.001            0            0            0
 1179999.998        0.012        0.006            0            0            0            0
 1182499.998        0.013        0.006            0            0            0            0
 1184999.998        0.013        0.003            0            0            0            0
 1187499.998        0.009        0.005            0            0            0            0
 1189999.998        0.005        0.007            0            0            0            0
 1192499.998        0.005        0.009            0            0            0            0
 1194999.998         0.01        0.005            0            0            0            0
 1197499.998        0.013        0.005            0            0            0            0
 1199999.998         0.01        0.006            0            0            0            0
 1202499.997        0.009        0.005            0            0            0            0
 1204999.997        0.014        0.004            0            0            0            0
 1207499.997        0.015        0.003        0.001            0            0            0
 1209999.997        0.013        0.003        0.002            0            0            0
 1212499.997        0.009        0.003            0            0            0            0
 1214999.997         0.01        0.007            0            0            0            0
 1217499.997        0.016        0.004            0            0            0            0
 1219999.997        0.018        0.003            0            0            0            0
 1222499.997        0.012        0.005            0            0            0            0
 1224999.997         0.01        0.005            0            0            0            0
 1227499.997        0.007        0.006            0            0            0            0
 1229999.997        0.007        0.007            0            0            0            0
