 9.837967512 
 9.834718005 
  9.83490973 
 9.835003795 
 9.835029001 
 9.835012564 
 9.834972922 
  9.83492207 
 9.834867877 
 9.834815563 
  9.83476857 
 9.834729092 
 9.834698406 
 9.834677082 
 9.834665139 
 9.834662155 
 9.834667361 
 9.834679721 
 9.834698001 
 9.834720838 
 9.834746801 
 9.834774448 
 9.834802382 
 9.834829297 
 9.834854022 
 9.834875553 
 9.834893083 
 9.834906019 
 9.834914003 
 9.834916877 
 9.834914755 
 9.834907874 
 9.834896733 
 9.834881968 
  9.83486432 
 9.834844632 
 9.834823807 
 9.834802745 
 9.834782285 
 9.834763255 
 9.834746596 
 9.834732904 
 9.834722201 
  9.83471545 
 9.834712852 
 9.834713465 
 9.834718841 
 9.834726738 
 9.834738663 
 9.834752267 
 9.834768741 
 9.834785339 
 9.834803857 
 9.834820455 
 9.834837921 
 9.834852238 
 9.834865217 
 9.834876129 
 9.834882172 
 9.834886571 
 9.834887525 
 9.834884027 
 9.834878068 
 9.834870507 
 9.834857251 
 9.834845013 
 9.834831456 
 9.834813086 
 9.834800463 
 9.834782573 
 9.834772001 
 9.834754662 
 9.834748414 
 9.834739351 
  9.83473212 
  9.83473525 
 9.834726268 
 9.834743314 
 9.834739442 
