         180 -0.009817899856 
         181 0.01244354244 
         182 -0.01597646745 
         183 0.02070961255 
         184 -0.02689753996 
         185 0.03479614503 
         186 -0.04476840122 
         187 0.05740298378 
         188 -0.07358313779 
         189 0.09447789214 
         190 -0.1214802982 
         191 0.1561491168 
         192 -0.2001864483 
         193 0.2554042831 
         194 -0.3235190994 
         195 0.4055033189 
         196 -0.5001768755 
         197 0.6019151012 
         198 -0.6982101396 
         199 0.7696979805 
         200 -0.7964620961 
         201 0.7696979805 
         202 -0.6982101396 
         203 0.6019151011 
         204 -0.5001768755 
         205 0.4055033189 
         206 -0.3235190994 
         207 0.2554042831 
         208 -0.2001864483 
         209 0.1561491168 
         210 -0.1214802982 
         211 0.09447789214 
         212 -0.07358313779 
         213 0.05740298377 
         214 -0.04476840122 
         215 0.03479614503 
         216 -0.02689753996 
         217 0.02070961255 
         218 -0.01597646745 
         219 0.01244354244 
         220 -0.009817899855 
         221 0.007802551723 
         222 -0.006165289405 
         223 0.004784569971 
         224 -0.003638702076 
         225 0.002748287258 
         226 -0.002114126678 
         227 0.001690602943 
         228 -0.001403315833 
         229 0.001186491348 
         230 -0.001005648995 
         231 0.0008505371969 
         232 -0.0007126092233 
         233 0.0005743283003 
         234 -0.0004234238294 
         235 0.0002767570418 
         236 -0.0001838642366 
         237 0.0001946869196 
         238 -0.0003100980138 
         239 0.0004577627084 
