      2.2361 0.04786798087 0.01196699522 
      2.2381 0.3813131183 0.09532827956 
      2.2401 0.5371294487 0.1342823622 
      2.2421 0.6569751862 0.1642437965 
      2.2441 0.7581060255 0.1895265064 
      2.2461 0.8472503151 0.2118125788 
      2.2481 0.9278693049 0.2319673262 
      2.2501  1.002022853 0.2505057132 
      2.2521   1.07105469 0.2677636724 
      2.2541  1.135898983 0.2839747456 
      2.2561  1.197236338 0.2993090845 
      2.2581  1.255580822 0.3138952054 
      2.2601  1.311331976 0.3278329939 
      2.2621  1.364807642 0.3412019106 
      2.2641  1.416265601 0.3540664001 
      2.2661  1.465918348 0.3664795869 
      2.2681   1.51394351 0.3784858776 
      2.2701  1.560491366 0.3901228415 
      2.2721  1.605690398 0.4014225995 
      2.2741   1.64965148 0.4124128699 
      2.2761  1.692471079 0.4231177699 
      2.2781  1.734233752 0.4335584379 
      2.2801    1.7750141 0.4437535251 
      2.2821  1.814878345 0.4537195862 
      2.2841  1.853885584 0.4634713959 
      2.2861  1.892088821 0.4730222053 
      2.2881  1.929535814 0.4823839535 
      2.2901   1.96626977 0.4915674425 
      2.2921  2.002329933 0.5005824832 
      2.2941  2.037752073 0.5094380182 
      2.2961  2.072568904 0.5181422259 
      2.2981  2.106810435 0.5267026089 
      2.3001  2.140504277 0.5351260693 
      2.3021  2.173675899 0.5434189746 
      2.3041  2.206348853 0.5515872133 
      2.3061  2.238544977 0.5596362442 
      2.3081  2.270284556 0.5675711389 
      2.3101  2.301586478 0.5753966194 
      2.3121  2.332468363 0.5831170908 
      2.3141  2.362946681 0.5907366702 
      2.3161   2.39303685 0.5982592125 
      2.3181  2.422753334 0.6056883335 
      2.3201  2.452109718 0.6130274294 
      2.3221  2.481118783 0.6202796959 
      2.3241  2.509792575 0.6274481437 
      2.3261  2.538142454 0.6345356136 
      2.3281  2.566179158 0.6415447894 
      2.3301   2.59391284 0.6484782099 
      2.3321  2.621353118 0.6553382796 
      2.3341  2.648509113 0.6621272782 
      2.3361   2.67538948 0.6688473701 
      2.3381  2.702002447 0.6755006117 
      2.3401  2.728355837 0.6820889592 
      2.3421  2.754457101 0.6886142753 
      2.3441  2.780313341 0.6950783352 
      2.3461  2.805931329 0.7014828323 
      2.3481  2.831317533 0.7078293834 
      2.3501  2.856478133 0.7141195333 
      2.3521  2.881419039 0.7203547597 
      2.3541  2.906145906 0.7265364765 
      2.3561  2.930664153 0.7326660382 
      2.3581  2.954978972 0.7387447431 
      2.3601  2.979095346 0.7447738364 
      2.3621  3.003018053 0.7507545133 
      2.3641  3.026751688 0.7566879219 
      2.3661  3.050300662 0.7625751656 
      2.3681  3.073669221 0.7684173053 
      2.3701  3.096861448 0.7742153621 
      2.3721  3.119881277 0.7799703192 
      2.3741  3.142732495 0.7856831236 
      2.3761  3.165418753 0.7913546883 
      2.3781  3.187943574 0.7969858936 
      2.3801  3.210310356 0.8025775891 
      2.3821   3.23252238 0.8081305949 
      2.3841  3.254582813 0.8136457032 
      2.3861  3.276494718 0.8191236794 
      2.3881  3.298261055 0.8245652637 
      2.3901  3.319884687 0.8299711718 
      2.3921  3.341368385 0.8353420964 
      2.3941  3.362714831 0.8406787079 
      2.3961  3.383926623 0.8459816557 
      2.3981  3.405006276  0.851251569 
      2.4001   3.42595623 0.8564890575 
      2.4021   3.44677885 0.8616947125 
      2.4041   3.46747643 0.8668691074 
      2.4061  3.488051195 0.8720127988 
      2.4081  3.508505307 0.8771263268 
