           1           92  105.5387968
           2          155  122.2862257
           3          209  114.6177417
           4          265  74.19102336
           5          276  98.12376101
           6          334  93.35922105
           7          390  96.70802364
           8          423  81.31658722
           9          477  109.3154673
          10          507  124.6005293
          11          577  141.6730022
          12          666  138.9407933
          13          769  135.8625942
          14          835  109.3997991
          15          877  103.4319625
          16          945  105.3794917
          17          982  127.8859996
