         250  1493.193023  1595.304868  1580.025245  3088.497892        0.001 2.565068602e-09 
         500  3.532156676  3084.966777  1520.836256  3088.498934        0.001 2.067019038e-05 
         750  1705.153374   1383.34651  1548.380439  3088.499884 0.001000043764 0.1743525204 
        1000  1309.776983  1778.721911  1583.052714  3088.498894 0.003587176915  35.97778533 
        1250  1460.814168  1627.684513  1617.680357  3088.498681 0.005411834288  53.33565768 
        1500  1467.407318  1621.091304   1639.53757  3088.498621 0.005550905798  57.16370379 
        1750  1642.305395  1446.193249  1650.185356  3088.498645 0.006243399999   54.4772145 
        2000  1304.668293  1783.829766  1662.113604  3088.498059 0.006790697176  61.49626821 
        2250  1333.251925  1755.246233  1662.206293  3088.498158 0.007287159629  66.31011481 
        2500  1514.713779  1573.784347  1678.074647  3088.498126 0.008191079424  66.82674145 
        2750  1507.445977  1581.051727  1689.793608  3088.497704 0.007938535242   69.9055416 
        3000  1312.963063  1775.534121  1691.186586  3088.497184 0.008605449768  69.26667032 
        3250  1525.966189  1562.530703  1697.654291  3088.496891 0.008614219576  64.90811688 
        3500  1178.271248  1910.224806  1704.111012  3088.496054 0.009275408765  70.27828981 
        3750  1333.458181  1755.038343  1706.006704  3088.496524 0.009184309792  71.83564259 
        4000  1377.013297  1711.483264  1709.555455  3088.496561 0.009911438201  69.04559089 
        4250  1292.427265  1796.067996  1715.470041  3088.495261 0.009762582964  72.11277633 
        4500  1662.296475  1426.198981  1721.454264  3088.495456 0.009874562057  64.19757582 
        4750  1551.316718  1537.176677   1716.31368  3088.493396 0.009806361421   64.9568502 
        5000  1259.390168  1829.104143  1724.138244  3088.494311 0.01063481416  69.63758618 
        5250  1561.770672  1526.722934  1715.553815  3088.493607 0.01003484855  64.83614003 
        5500  1349.581851  1738.911501  1728.540187  3088.493352 0.01022918845  75.19128302 
        5750  1191.023824  1897.468145   1718.04422  3088.491969 0.01047495283  75.44667009 
        6000  1468.369993  1620.121939  1715.628186  3088.491932 0.0101559592  83.26446607 
        6250  1340.698361  1747.793066  1725.734465  3088.491427 0.01059739029  80.40222057 
        6500  1305.839118   1782.65122  1715.132422  3088.490338 0.01069294061  76.36526171 
        6750  1281.154571   1807.33583  1726.837196  3088.490401 0.01143490417   80.4159387 
        7000  1264.727035  1823.762179  1723.437676  3088.489213 0.01083193015  84.34895034 
        7250  1424.189074  1664.299647  1727.660967  3088.488721 0.01008831007   69.2194679 
        7500    1442.8367  1645.651493  1727.314662  3088.488193 0.01063405161  76.49949755 
        7750  1493.929894  1594.557617  1732.613422  3088.487511 0.01097967995  75.82406657 
        8000  1294.044375  1794.442506  1736.496936  3088.486881 0.01117098091  75.91490529 
        8250   1249.87315  1838.612694  1733.317141  3088.485844 0.01196809505  83.33814254 
        8500  1424.863741  1663.621979  1735.158346   3088.48572 0.0118155597  78.70353842 
        8750  1663.113787   1425.37076  1735.402802  3088.484547 0.01132472489  78.59623865 
        9000  1314.949191  1773.535759  1738.317762   3088.48495 0.01216272913  79.96965196 
        9250  1213.361602   1875.12261  1736.773383  3088.484213 0.01156425653  78.30235441 
        9500  1325.312627  1763.170487  1736.102069  3088.483113 0.0116760927  83.58460928 
        9750  1531.056963  1557.425531  1739.630945  3088.482494 0.01139636519  79.82670667 
       10000  1686.243603  1402.238305  1735.727009  3088.481908 0.01115315126  76.38854604 
       10250  1286.742467  1801.738166  1737.793151  3088.480633 0.01195338285  76.33017796 
       10500  1677.986969  1410.493581  1744.008464   3088.48055 0.01145465771  77.41343854 
       10750  1287.142584   1801.33555  1746.960358  3088.478134 0.01206966754  79.43371717 
       11000  1399.898894  1688.579179  1750.308056  3088.478074 0.01212082047   83.5424054 
       11250  1545.656752  1542.820759  1738.953716  3088.477511 0.01229411351  79.80476916 
       11500  1344.426671  1744.050365   1745.45749  3088.477036 0.01256059733  86.42404815 
       11750  1456.228258  1632.247189  1743.878499  3088.475447 0.01189144739  78.45436889 
       12000  1083.463274  2005.011733  1737.574631  3088.475006 0.01291917246  90.72919372 
       12250  1179.380344  1909.092909   1742.35141  3088.473253 0.01258204454  83.07850788 
       12500  1501.335546  1587.138339  1745.040028  3088.473885 0.01203584111  82.86280402 
       12750  1338.671901  1749.801142  1747.565806  3088.473043 0.01284037756  86.29070624 
       13000  1184.926526  1903.545418  1749.086289  3088.471944 0.01317608647  89.92292866 
       13250  1638.322606  1450.149218   1746.03935  3088.471824 0.01209665136  82.11703787 
       13500  1453.810197  1634.658963  1747.066951  3088.469161 0.01232663906  85.13458448 
       13750  1325.257063  1763.212355   1743.83715  3088.469418 0.01253541637  85.38183852 
       14000  1563.965139  1524.503187  1745.597039  3088.468325 0.0120824663  77.76206996 
       14250  1518.073739  1570.395384  1755.461917  3088.469123 0.01261939405  90.64072974 
       14500  1396.325025  1692.141861  1749.160489  3088.466886 0.01233823948  87.54636832 
       14750  1487.106886  1601.358867  1749.720943  3088.465754 0.01241821332  84.62446588 
       15000  1281.531538  1806.934471  1746.559152  3088.466009 0.01351435746  88.33290161 
       15250  1302.536374  1785.927462  1747.386166  3088.463836 0.01304300787  86.07410047 
       15500  1534.675878  1553.787747  1749.712776  3088.463625 0.01346213972  92.93977762 
       15750  1186.126918  1902.334043  1756.234764  3088.460961 0.01391911987  85.55077569 
       16000  1297.101159  1791.360532  1760.958159  3088.461691 0.01333070467  89.07752421 
       16250  1384.390333  1704.070349   1759.10627  3088.460682 0.01343804569   91.6367735 
       16500  1425.192122  1663.265623  1746.341363  3088.457744 0.01280145414  84.13510729 
       16750   1391.17118  1697.286753  1750.639393  3088.457933 0.01332656336  85.03954827 
       17000  1282.681696  1805.775735  1747.922196  3088.457431 0.01383854597  91.01047236 
       17250  1502.225196  1586.231238  1754.219117  3088.456434 0.01335521214  91.94359168 
       17500  1487.617813  1600.837178  1753.330044  3088.454991 0.01337760073  88.20173446 
       17750  1128.240286  1960.213429  1762.223936  3088.453716 0.01372851024  87.35975935 
       18000  1365.619903  1722.831757  1754.116329   3088.45166 0.01322319309  84.97604329 
       18250  1577.460314  1510.991496   1752.94424   3088.45181 0.01409864142  97.69097172 
       18500  1480.743137  1607.708334  1760.415075  3088.451471 0.01330138219  84.13028782 
       18750  1422.114764  1666.334996  1756.146535   3088.44976 0.01320296405  87.84954555 
       19000  1289.326395  1799.122721  1758.449632  3088.449116 0.0137180737  93.13917136 
       19250  1329.514477  1758.934516  1752.213294  3088.448992 0.01367951533  92.06831829 
       19500  1310.051613  1778.394414  1756.494724  3088.446027 0.01326569628  92.96662865 
       19750  1556.337148  1532.108098  1752.702827  3088.445246 0.01334800797  91.01696729 
       20000   1483.82542  1604.619496  1749.268501  3088.444915 0.01336502488  93.47736569 
       20250  1685.109009  1403.334644  1750.549198  3088.443653 0.01343088887   88.6471331 
       20500  1311.071957  1777.370583  1752.757637   3088.44254 0.0134936461  95.53046438 
       20750  1433.115925   1655.32558  1754.737582  3088.441505 0.01327022284  87.72161821 
       21000  1192.521723  1895.919719  1750.664492  3088.441441 0.01378150049  90.68631015 
       21250  1358.035095  1730.404257  1758.633238  3088.439352 0.01370076642  89.15637773 
       21500  1420.315753  1668.123518  1753.259261  3088.439271 0.01351629562  93.25494766 
       21750    1295.2653  1793.171903  1758.677648  3088.437203 0.01369150389   86.3867158 
       22000  1437.443824  1650.993309  1753.704938  3088.437133 0.01349801672  91.40305814 
       22250  1358.757794  1729.679098  1748.275454  3088.436891 0.01334376987  93.15800574 
       22500  1523.920426  1564.514623  1758.780459  3088.435049 0.0134472518  87.30167581 
       22750  1270.916733  1817.516319  1751.867282  3088.433052 0.01359356368  97.80509218 
       23000  1308.695487   1779.73538  1749.281601  3088.430867 0.01389490121  92.83585524 
       23250  1323.529374    1764.9016  1754.989676  3088.430974 0.01395982026  92.25552868 
       23500  1422.728925  1665.700288  1756.301267  3088.429213  0.013884574  90.23799665 
       23750  1386.591084  1701.838292  1753.907103  3088.429375 0.01410713251  87.40157091 
       24000  1378.642451  1709.786141  1759.109843  3088.428592  0.013425307   91.4398245 
       24250  1145.820045  1942.606802  1758.814439  3088.426847 0.01417338351   92.5827799 
       24500  1335.084821  1753.341153  1754.029364  3088.425973 0.01407097749  90.15600459 
       24750  1480.634303  1607.789476   1753.60956  3088.423779 0.01365490507   91.1122545 
       25000  1392.021203   1696.40139  1759.985044  3088.422593 0.01386359121  95.91454282 
       25250  1357.945568  1730.476224  1758.732477  3088.421792 0.01397936798  92.78817542 
       25500  1315.901644  1772.519595  1755.081998  3088.421239 0.01412266448  98.70104322 
       25750  1299.870718  1788.548406  1756.066083  3088.419123 0.01428957693  92.81145927 
       26000  1423.932852  1664.485525  1760.074839  3088.418377 0.0138525664   88.1673501 
       26250  1220.732231  1867.685279  1758.478677   3088.41751 0.01451151461   96.7163615 
       26500  1442.574981  1645.842477  1762.618346  3088.417458 0.01373464221  90.85446657 
       26750  1659.520839  1428.894448  1760.794802  3088.415286 0.01376045784   89.7833823 
       27000  1719.840274  1368.573383  1758.412831  3088.413657 0.01368390317  90.23808824 
       27250  1361.567014  1726.845185  1764.307695  3088.412199 0.01450159218  89.57757012 
       27500  1100.382037  1988.030165  1764.993359  3088.412202 0.01494562989  96.51193064 
       27750  1396.233601  1692.176716  1761.044769  3088.410317 0.01452434133  95.91209644 
       28000  1320.514407  1767.895775  1760.215042  3088.410181 0.01401636702  94.88219918 
       28250  1592.930682  1495.478871  1762.103941  3088.409553 0.01418448568  94.82634695 
       28500  1240.460195  1847.946548  1765.011347  3088.406743 0.01411786843  92.57971752 
       28750  1593.353058  1495.053725  1758.116194  3088.406784 0.01391375791  88.83891358 
       29000  1406.891897  1681.512435  1766.502325  3088.404332 0.01452208773  88.40073128 
       29250  1565.908179  1522.494833   1763.95013  3088.403012 0.01385280394  86.71659906 
       29500  1675.254311  1413.148229  1764.060969  3088.402539 0.01373725543  95.42577137 
       29750  817.5079051  2270.893153  1762.499692  3088.401058 0.01523311408  92.34761963 
       30000  1224.675064  1863.725665  1763.559326  3088.400728 0.01455590856  94.90789288 
       30250   1353.63551  1734.763519  1760.879098  3088.399029 0.01424193134  99.18488287 
       30500  1409.130398  1679.266743  1762.551733  3088.397141 0.01412581467  98.28945954 
       30750  1121.164584  1967.231093  1760.565126  3088.395676 0.01489680032  94.47577288 
       31000  1150.907574  1937.487474  1761.304177  3088.395048 0.0145009091  93.50696717 
       31250  1578.433543  1509.961374  1763.562375  3088.394917 0.01423935839  96.13302274 
       31500  1241.128778  1847.261771  1770.522748  3088.390549 0.01475277612  91.57911951 
       31750   1374.27304  1714.118124  1761.657867  3088.391164 0.01481369178  94.84764716 
       32000  1064.693422   2023.69653  1761.394132  3088.389952 0.01532000807  96.44872969 
       32250  1143.537289  1944.853033   1758.49419  3088.390323 0.01518007659  89.89824738 
       32500  1402.415441   1685.97283   1771.37349  3088.388271 0.01480879533  90.81274921 
       32750  1307.360807  1781.026912  1762.450191  3088.387719 0.01452292987  94.55956043 
       33000  1256.493085  1831.892064  1761.031755  3088.385149 0.01486598126  90.73679314 
       33250  1470.078858   1618.30577  1765.073102  3088.384629 0.01409782238  98.33202757 
       33500  1592.360186  1496.021784  1757.169025  3088.381969 0.01427750853  92.69785184 
       33750  1195.015253  1893.367142  1764.770091  3088.382395 0.01459698847  94.91185411 
       34000  1275.413938  1812.967066  1765.772773  3088.381004 0.01525485441  98.33653654 
       34250   1331.58951  1756.790234  1770.569171  3088.379744 0.01494887839  94.24994776 
       34500  1468.677346  1619.700824  1760.679599   3088.37817 0.01438915339   94.1787817 
       34750  1244.301974  1844.073763  1767.523383  3088.375737 0.01497777702  104.1786683 
       35000   1380.81284  1707.562785  1769.055744  3088.375624 0.01488417638  90.11812941 
       35250  1074.851638  2013.522382  1768.630382   3088.37402 0.01498710374  96.30355175 
       35500  1225.149067  1863.223743  1767.495488   3088.37281  0.015217267  94.31547023 
       35750  1258.816017  1829.554912  1771.181144  3088.370929 0.01495164268  97.40047973 
       36000   1327.07652  1761.294799  1773.052422  3088.371319 0.01510674728  97.02203992 
       36250  1398.361652  1690.008575  1774.226857  3088.370228 0.01499805709  94.39708359 
       36500  1143.899394  1944.469675  1772.843866  3088.369069 0.01509347875  93.74734726 
       36750  1314.711009  1773.654553   1771.59073  3088.365563 0.01483669069  103.4655969 
       37000  1191.910252  1896.455591  1769.527761  3088.365843 0.01496874847  98.00319984 
       37250  1368.120353  1720.244135  1764.284821  3088.364488 0.01453478289  99.25277005 
       37500  1097.329618  1991.032615  1761.643165  3088.362233 0.01607988636  97.91510994 
       37750  1342.885058  1745.476993   1757.83189  3088.362051 0.01464272994  88.75249604 
       38000  1283.056607   1805.30317   1764.80626  3088.359776 0.0149191464  103.3849584 
       38250  1495.508015  1592.850059   1772.78367  3088.358074 0.01489397924  96.27662724 
       38500  1328.165217  1760.192383  1765.330104    3088.3576 0.0147218585  90.75499865 
       38750   1407.48921  1680.868065  1765.769036  3088.357275 0.01480525437  92.98291037 
       39000  1648.266442   1440.08833  1757.330846  3088.354772 0.01460383339  103.5577754 
       39250  1463.594452  1624.758792  1771.040994  3088.353244 0.0151110843  95.49182695 
       39500  1383.054865  1705.297469  1760.435796  3088.352334 0.01474160415  94.75780046 
       39750  1347.427539  1740.922494  1764.940956  3088.350033 0.01540607908  100.7835193 
       40000  1388.041261  1700.309034   1765.53926  3088.350295 0.01510211723  108.3616127 
       40250  1471.412445   1616.93641  1769.635558  3088.348856 0.01506662127  90.93330003 
       40500  1513.887784   1574.45991  1765.350459  3088.347694 0.01464248617   97.0999657 
       40750  1316.018027  1772.329001  1766.528699  3088.347028 0.01501118752  103.6969039 
       41000  1229.503338  1858.839565  1770.437898  3088.342903 0.01537977484  97.04131108 
       41250  1210.706842  1877.634995  1767.016228  3088.341837 0.01553882452  92.12933597 
       41500  1480.632229  1607.708933  1766.988892  3088.341163 0.01517810242  97.53982891 
       41750  1144.820849  1943.519307   1774.89608  3088.340156 0.0161141863  99.88868072 
       42000  1280.163566  1808.173859  1771.784351  3088.337425 0.01530403651  107.9372608 
       42250  1194.336965  1894.000508  1768.909657  3088.337474 0.01533445051  99.51538781 
       42500  1433.066501  1655.268873  1764.249762  3088.335374 0.01539270617  97.58899149 
       42750  1323.419298  1764.913839   1774.74331  3088.333137 0.01481937108  98.22665763 
       43000  1218.151025  1870.181846  1769.402321  3088.332871 0.01581952988  102.1454553 
       43250   1166.40268  1921.929659  1756.572091  3088.332339 0.0157580311  108.8839765 
       43500  1047.616056  2040.714674  1763.925666   3088.33073 0.01605701097   112.173572 
       43750  1636.354088   1451.97355  1770.652115  3088.327638 0.01480372057  96.11273976 
       44000   1306.52785  1781.799123  1761.708918  3088.326973 0.01563128265  97.62536556 
       44250  1421.879477  1666.446435  1768.263041  3088.325911 0.01496126926   94.1033388 
       44500  1081.927832  2006.395707  1767.276843  3088.323539 0.01589593404  98.81160785 
       44750  1431.613634  1656.710892  1763.604314  3088.324526 0.01521378718  99.91584591 
       45000  1189.087445  1899.232178  1767.999052  3088.319622 0.01470119767  98.69226152 
       45250  1216.282456  1872.036925  1774.502648  3088.319381 0.01545770674  98.15226597 
       45500   1340.66009  1747.657869  1768.372382  3088.317959 0.01507395127  97.70845087 
       45750  1196.068718  1892.250091  1761.821936  3088.318809 0.01585179509  103.1219665 
       46000   1563.70501  1524.611222  1768.118516  3088.316232 0.01465172225  95.68594767 
       46250  1305.396169  1782.918091   1764.47003   3088.31426 0.01504291117  94.97797893 
 46499.99999  1395.258784  1693.055363  1774.048895  3088.314147 0.01519181993  95.65410487 
 46749.99999  1369.842433  1718.469546  1768.327154  3088.311978 0.01480874828  100.2629672 
 46999.99999  1044.092459  2044.218396  1766.167966  3088.310855 0.01585294632   97.8469061 
 47249.99999  1070.753707  2017.554527  1770.090744  3088.308233 0.01586530941  103.3299898 
 47499.99999  1433.525481  1654.783263  1770.483013  3088.308744 0.01491907953  98.39844223 
 47749.99999  1171.856914  1916.447548  1768.290623  3088.304463 0.01508586226  91.66838998 
 47999.99999  1167.677147   1920.62803  1768.671751  3088.305177 0.01586359142  102.6834154 
 48249.99999  1186.735567  1901.567699  1764.010518  3088.303266 0.01583742633  104.9201406 
 48499.99999  1182.852727  1905.447733  1759.793936   3088.30046 0.01514764386  98.10622027 
 48749.99999  1366.505214  1721.795543  1764.638483  3088.300757 0.01497460217  96.32996957 
 48999.99999  1268.274929  1820.024543  1775.918064  3088.299471 0.01626226621  99.67749242 
 49249.99999   1423.96839    1664.3295  1767.492493   3088.29789 0.01491634314  100.2009036 
 49499.99999  1156.209649  1932.087014  1771.401862  3088.296663 0.0154210985  95.74036991 
 49749.99999  1192.965731  1895.329183  1770.633268  3088.294914 0.01615811557  102.7164382 
 49999.99999  1400.973389  1687.318239  1769.585551  3088.291628 0.01516650349  96.36276966 
 50249.99999  1324.909079  1763.381877  1779.027864  3088.290956 0.01620056534  96.32622021 
 50499.99999  1433.000519  1655.289619  1769.877574  3088.290138 0.01540896593  97.55291652 
 50749.99999  1251.203956  1837.083738  1768.749948  3088.287695 0.01526339049  96.86557475 
 50999.99999  1279.986624  1808.300024  1772.046133  3088.286648 0.01544933934  98.96925245 
 51249.99999  1025.084156  2063.202215  1765.838164  3088.286371 0.01632434869  99.67079476 
 51499.99999  1365.120037  1723.163934  1774.506661  3088.283971 0.0156988628  97.72930112 
 51749.99999  1481.666757  1606.616438  1765.133178  3088.283196 0.01492684187  97.08815937 
 51999.99999  1161.098519  1927.181941  1763.595834   3088.28046 0.0158605551  99.32353556 
 52249.99999  1248.378026   1839.90135  1769.202933  3088.279376 0.01546002474  101.7235763 
 52499.99999  1317.254273  1771.024742  1764.155754  3088.279014 0.01599714638  99.01573331 
 52749.99999  1452.702554  1635.574315  1759.416008  3088.276868 0.01512042167  99.27049384 
 52999.99999    1169.3256  1918.949333  1764.783501  3088.274933 0.01550429655  98.09835349 
 53249.99999  1399.518642  1688.755109  1762.488217  3088.273751 0.01508177065  97.75876285 
 53499.99999  1175.314884  1912.958641  1765.807903  3088.273526 0.01583311153  104.0697163 
 53749.99999  1274.334626  1813.936073  1769.998088  3088.270699 0.01528203113  111.7153071 
 53999.99999  1516.699072  1571.571479  1767.603627  3088.270551 0.01551010165  100.9951338 
 54249.99999  1451.464074   1636.80319  1772.466429  3088.267264 0.01520147464  105.1413185 
 54499.99999  1498.069601  1590.195794  1765.626309  3088.265396 0.01521976699  105.1629203 
 54749.99999  1375.220061  1713.045219  1763.691297   3088.26528 0.01482279595  96.20547907 
 54999.99999  1200.585017  1887.677165  1762.779954  3088.262182 0.01552203792  101.6780128 
 55249.99999  1292.988255  1795.273834  1759.540433  3088.262089 0.0143506235  98.15129293 
 55499.99999  1441.129225  1647.132248  1767.570618  3088.261474 0.01492529971  95.94856086 
 55749.99999  1487.530393  1600.729604  1772.284101  3088.259996 0.01489718736  101.4118397 
 55999.99999  1156.405626    1931.8523   1761.59041  3088.257926 0.01570924928  96.29576828 
 56249.99999  1343.561195  1744.695258  1762.997797  3088.256453 0.01475338458  97.75562479 
 56499.99999  1516.416005  1571.839831  1758.680305  3088.255836 0.01449289918  104.3432823 
 56749.99999   1310.96467  1777.288612  1761.969703  3088.253282 0.01522193263  95.02596761 
 56999.99999  1369.355407  1718.897503   1762.74103  3088.252909 0.01520590705  95.51031808 
 57249.99999  1306.672534  1781.579112  1770.221528  3088.251645 0.01509469959  100.1273617 
 57499.99999  1141.872385  1946.376435  1770.766033   3088.24882 0.01509502736   106.050636 
 57749.99999  1215.926449  1872.320709  1758.488389  3088.247158 0.01507070926  108.6212491 
 57999.99999  1224.359607   1863.88662  1760.901973  3088.246227 0.01585267361  100.6005159 
 58249.99999  1286.959433  1801.286408  1759.371827  3088.245841 0.0146808571  95.15767727 
 58499.99999  1101.375726  1986.867913  1760.800426  3088.243638 0.01583326912   106.661224 
 58749.99999  1613.170701  1475.071445  1758.075875  3088.242146 0.01438929598  99.27237147 
 58999.99999  1221.084796  1867.155319   1758.39202  3088.240116 0.01518243156  109.5527498 
 59249.99999  1293.785247  1794.454229  1764.955742  3088.239477 0.01511746437  101.3728461 
 59499.99999  1253.508939  1834.727325   1766.28818  3088.236264 0.01612908403  102.6757009 
 59749.99999  1457.458968  1630.777414  1762.735651  3088.236382 0.01542211954  105.4646896 
 59999.99999  1305.888442  1782.345936  1765.954579  3088.234378 0.01545178794  105.1913912 
 60249.99999  1321.305289  1766.928268  1768.802273  3088.233558 0.01537681636  108.4360996 
 60499.99999  1289.883216  1798.347069   1770.05592  3088.230285 0.01576112501  105.6332017 
 60749.99999  1360.680805  1727.549627  1764.705858  3088.230432 0.01567946252   99.9023221 
 60999.99999  1081.233438  2006.995057  1776.663659  3088.228495 0.01579356708  96.61160615 
 61249.99999  1487.988961  1600.238864  1768.808923  3088.227825 0.01588106398  103.6520718 
 61499.99999  952.6741515  2135.551363  1771.860293  3088.225515 0.01642799723  101.2417937 
 61749.99999  1237.418114  1850.806359  1770.489232  3088.224472 0.01561331114   102.431978 
 61999.99999  1241.565153  1846.656046  1769.367562  3088.221198 0.0156226879  102.9099007 
 62249.99999  907.7308323   2180.48873  1766.944367  3088.219562 0.01663462102  110.3681859 
 62499.99999  1439.443159  1648.775802  1770.677481  3088.218961 0.01591228294  94.35001193 
 62749.99999  1466.637822  1621.579821  1768.563279  3088.217643 0.01524268797   108.937291 
 62999.99999  1005.963796  2082.253567  1769.402356  3088.217363 0.0166100709  105.6608821 
 63249.99999  1246.253506  1841.960543  1761.323804  3088.214049 0.01570426455  104.6646932 
 63499.99999  1164.852833  1923.360918  1763.253581  3088.213751 0.01619933292  101.7145936 
 63749.99999  1069.782461  2018.428265  1760.716188  3088.210725 0.01627676921  105.0165481 
 63999.99999  1270.745929  1817.463419  1770.342691  3088.209348 0.01571648726  99.82297409 
 64249.99999  1566.921354  1521.288539   1764.10124  3088.209893 0.01520504272  101.5356836 
 64499.99999    1035.3827  2052.823897   1765.45174  3088.206597 0.01694111311  102.3140787 
 64749.99999  1403.955789  1684.249734  1767.854118  3088.205523 0.01567983857  105.9679881 
 64999.99999  1325.490327  1762.714069  1763.211928  3088.204396 0.01517703263  103.7797178 
 65249.99999  1319.753028  1768.450771  1767.706239  3088.203799 0.01568550505  99.23471936 
 65499.99999  1490.761874  1597.438167  1763.009449  3088.200041 0.01525528131  98.83418973 
 65749.99999  1372.323674  1715.875259  1766.692473  3088.198933 0.01587506357  102.9682365 
 65999.99999  1327.500427  1760.698343  1769.777621   3088.19877 0.01601748833  98.89853597 
 66249.99999  1321.594219  1766.603033  1770.836103  3088.197252 0.01576645756  104.5202386 
 66499.99999  1328.055851  1760.139177  1764.760361  3088.195028 0.01583482167  102.1626152 
 66749.99999  1082.702205  2005.490152  1766.886721  3088.192357 0.01568574879  103.7980527 
 66999.99999  1468.275789  1619.917796  1766.445318  3088.193586 0.01616097579  107.7783323 
 67249.99999  1570.524201  1517.666108  1761.224609  3088.190309 0.01564467177  102.5531297 
 67499.99999   1306.07557  1782.113712  1767.364366  3088.189282 0.01612868861  102.5930348 
 67749.99999  1128.096089  1960.091121  1769.959864  3088.187209 0.01661556871  104.9289818 
 67999.99999  1346.849341  1741.336602  1771.724772  3088.185943 0.01569475388  95.74421937 
 68249.99999  1117.524918  1970.658219  1772.771593  3088.183137 0.01643677743  108.5039026 
 68499.99999  1445.595561  1642.585506  1770.437803  3088.181067 0.0153169768  98.64675791 
 68749.99999   1348.34285  1739.836772  1768.956957  3088.179622 0.01644716076  106.8146659 
 68999.99999  1412.433075  1675.744633  1777.340654  3088.177708 0.01606703492  106.7486858 
 69249.99999  1425.632563  1662.545354  1773.789479  3088.177917 0.01507252143  104.0243297 
 69499.99999  1308.796429  1779.377141   1766.55393   3088.17357 0.01598483127  108.3428479 
 69749.99999   1175.84247  1912.330074   1767.96139  3088.172544 0.01681179709  108.6837206 
 69999.99999   1167.09105  1921.080043  1770.897505  3088.171093 0.0166637471  101.3714561 
 70249.99999  1186.583551  1901.586935  1770.135885  3088.170486 0.01555855156  99.56312042 
 70499.99999  1099.207805  1988.960937  1776.537048  3088.168743 0.01621210793  100.7816827 
 70749.99999  1570.858998  1517.307778  1778.695568  3088.166776 0.0156338067  104.1324396 
 70999.99999  1387.759055  1700.405907  1769.003668  3088.164962 0.01601024047  101.4105987 
 71249.99999  1141.141641  1947.022203  1777.628208  3088.163843 0.01579070334   110.631177 
 71499.99999  1311.545295  1776.617263  1767.436783  3088.162558 0.0163274652  103.5345603 
 71749.99999   1371.48498  1716.675976  1766.962496  3088.160956 0.01599653091  98.36493469 
 71999.99999  1233.023869   1855.13435  1780.526839  3088.158219 0.01620613755  104.7603155 
 72249.99999  1137.082759  1951.072963  1771.558497  3088.155722 0.01635433325  111.5000496 
 72499.99999  1506.060204   1582.09589  1772.541302  3088.156094 0.01579827795  100.6107024 
 72749.99999  1331.903335  1756.251295  1767.639461   3088.15463 0.0160463877  104.3617262 
 72999.99999  1253.271037  1834.880343  1772.804532  3088.151381 0.01603620763  101.2620212 
 73249.99999  1018.411084  2069.739533  1764.256319  3088.150617 0.01649619758  113.2235653 
 73499.99999  1356.238282  1731.910137  1765.641198  3088.148419 0.01662370627  116.9221067 
 73749.99999  1195.116888  1893.029038  1769.066521  3088.145926 0.01606490179  104.5628078 
 73999.99999   1232.74954  1855.395013  1765.340449  3088.144552 0.01660497395  98.30193481 
 74249.99999  1235.284705  1852.860084  1772.270413  3088.144789 0.01635210854  104.2686815 
 74499.99999  1715.070733  1373.071743  1772.825661  3088.142476 0.01558853546  100.5185573 
 74749.99999  1302.804855  1785.335104  1779.481033  3088.139959 0.01614483936  107.6788898 
 74999.99999  1734.449018  1353.690538  1770.092777  3088.139557 0.01488240515  101.5374014 
 75249.99999  1160.190751  1927.946207  1772.643335  3088.136958 0.01642786702  106.3287823 
 75499.99999  1188.889639  1899.245584  1776.571899  3088.135223 0.01667751656  110.7763619 
 75749.99999  1270.879796  1817.253172   1776.05131  3088.132967 0.01645499618  102.6405682 
 75999.99999  1332.762022  1755.370281  1774.505187  3088.132303 0.01660495573  101.8549855 
 76249.99999  1243.138288   1844.99187  1773.486943  3088.130158 0.01620610966   111.163468 
       76500  1139.796612  1948.332821  1776.272935  3088.129432 0.01667271019   103.048089 
       76750  1193.381992  1894.744713  1774.990084  3088.126705 0.01667107219  105.4370182 
       77000   1533.31605  1554.808796  1776.889113  3088.124846 0.01636055655  105.5117005 
       77250  1212.933625  1875.191378  1768.720754  3088.125002 0.01657800444  114.4390543 
       77500  1104.283249  1983.837653   1780.23304  3088.120902 0.01667093117  109.5543294 
       77750  1446.077062   1642.04507  1768.392892  3088.122132 0.01600786321  107.0716897 
       78000  1240.818718  1847.298036  1765.009341  3088.116754 0.01639228656  102.5615323 
       78250  1478.500552  1609.617957  1771.303047  3088.118508 0.01571801642  108.6004528 
       78500  1442.981549  1645.133692  1771.073692  3088.115241 0.01555225925  114.1552327 
       78750  1198.191145  1889.923929  1773.112425  3088.115074 0.01650807164    107.13834 
       79000   1204.68148  1883.430374  1764.015072  3088.111855 0.01727139856  115.5241066 
       79250  1145.463764  1942.645952   1769.98599  3088.109716 0.01717524333  110.8365855 
       79500  1134.153433  1953.954153  1769.332949  3088.107586 0.01694079354  109.1274448 
       79750   1281.75515  1806.349201   1779.13004  3088.104351 0.01676568794  100.1575407 
       80000  1087.009676  2001.095792  1775.290175  3088.105468 0.01667041579  107.7918424 
       80250  1262.657186  1825.447046   1775.20753  3088.104232 0.01658714997  107.9150616 
       80500  1306.853639  1781.246911  1782.946147   3088.10055 0.01628577623  98.56537441 
       80750  1017.108426  2070.991362  1782.774563  3088.099788 0.01726100457  110.3815851 
       81000  1250.706067  1837.392654  1773.489561  3088.098721 0.01673084352  116.4216753 
       81250    1518.3868  1569.709053  1771.496556  3088.095852 0.0162028216  108.1711802 
       81500  1169.850208  1918.244404   1773.03964  3088.094612 0.01752249245  117.1267596 
       81750  1395.709542   1692.38275  1774.865105  3088.092292 0.01640672483  110.9902731 
       82000  1318.753901  1769.335577  1772.115757  3088.089478 0.01647616154  104.8069222 
       82250  1258.845755  1829.243201  1775.445741  3088.088957 0.01674184966   109.522645 
       82500  1271.209859  1816.877006  1782.818794  3088.086865 0.01670015577  102.4360168 
       82750  1261.013384  1827.069843  1774.017426  3088.083227 0.01652024724  115.1319719 
       83000  1019.048114  2069.035402  1781.197329  3088.083516 0.01750460398  112.7191933 
       83250  1573.365752  1514.715649  1773.184127  3088.081401 0.01618104391  110.0837412 
       83500  1296.751138  1791.328124  1775.707094  3088.079263 0.01605662569  105.9384039 
       83750   1220.87835  1867.201972  1777.590529  3088.080322 0.01660131906    100.10154 
       84000  1192.461013  1895.616374  1779.357078  3088.077387 0.01714038508  108.5760573 
       84250  1194.641421  1893.434561   1774.69434  3088.075981 0.01632622357  100.5663671 
       84500  1365.196228  1722.876015  1771.188514  3088.072242 0.01612234455  107.0512154 
       84750  1159.658259  1928.413907  1774.808298  3088.072166  0.017175225   108.469585 
       85000    1192.0144  1896.056487  1775.351367  3088.070887 0.01632930938  102.2387362 
       85250  1319.192032  1768.877298  1776.710006  3088.069331 0.01589537114  99.76064938 
       85500  1182.497916  1905.567767  1770.311134  3088.065683 0.01667605748  106.6853875 
       85750  1382.335654  1705.729062  1777.402433  3088.064716 0.0163199171  106.2701618 
       86000  1295.964691  1792.098115  1776.755167  3088.062806 0.01644763744  111.3199138 
       86250  1237.376493  1850.686194  1771.300853  3088.062688 0.01628494137  110.5138487 
       86500  1403.625494  1684.436018  1772.735334  3088.061513 0.01621334637  99.32759585 
       86750  1097.846776  1990.210672  1771.263594  3088.057449 0.01697171098  110.1588422 
 87000.00001   1155.20741  1932.848498  1778.134122  3088.055908 0.01643104433  110.7838571 
 87250.00001  1228.450944  1859.605556  1768.107184    3088.0565 0.01643467124  113.7059186 
 87500.00001  1138.461981   1949.59182  1775.814987  3088.053801 0.01601816395  102.9687485 
 87750.00001  1273.399462  1814.652645  1768.416097  3088.052107 0.01622571488  102.7163821 
 88000.00001  1383.912851  1704.138281  1775.959996  3088.051132 0.01566863421  102.5275437 
 88250.00001  1425.901354  1662.147924  1765.141534  3088.049278 0.01529024438  103.1899188 
 88500.00001  1621.650513  1466.396637  1780.580749   3088.04715 0.01519121134  103.7435641 
 88750.00001  1202.765941  1885.278781  1769.129838  3088.044722 0.01646181203  108.9830843 
 89000.00001  1445.634259  1642.409023  1764.615665  3088.043283 0.0155400507  107.9074377 
 89250.00001  1338.697458  1749.342498  1773.524095  3088.039956 0.01577383258  112.6863313 
 89500.00001  1141.723298  1946.318134  1768.998642  3088.041432 0.01643189149  109.1674389 
 89750.00001   1062.90196  2025.137395  1774.588677  3088.039355 0.01567997196  114.0870333 
 90000.00001  1315.519405  1772.517015  1760.291626   3088.03642 0.01579511135   105.855152 
 90250.00001  1273.145494  1814.891431  1767.674418  3088.036925 0.01578193406  104.7930898 
 90500.00001  1636.960398  1451.072329  1763.261881  3088.032727 0.01543910562  106.0998711 
 90750.00001  1295.479594  1792.552226  1767.534984   3088.03182 0.01592167664  104.3350629 
 91000.00001  1263.541849  1824.488184  1762.761495  3088.030033 0.01550946516  97.91122158 
 91250.00001  1378.694767  1709.335256  1762.770929  3088.030022 0.01508810063   102.131726 
 91500.00001  1421.217112  1666.810463   1763.74856  3088.027575 0.01517169375  100.9579483 
 91750.00001  1339.094645  1748.930616  1768.607858  3088.025261 0.01541662445  115.6716597 
 92000.00001    1426.5533  1661.470585  1763.599564  3088.023885 0.01514989271  104.7214417 
 92250.00001  1274.874594  1813.148374  1764.683228  3088.022968 0.01580785336  114.5379847 
 92500.00001  1424.234281   1663.78509  1773.736382  3088.019371 0.01604437233  99.67512637 
 92750.00001  1378.429561  1709.589659  1762.378308   3088.01922 0.01546518023  104.8950047 
 93000.00001  1691.060988  1396.956972  1765.335863   3088.01796 0.01474837226  97.80253855 
 93250.00001  1507.586892  1580.426852  1765.656857  3088.013744 0.01602399916   129.233758 
 93500.00001  1371.346932  1716.666536  1767.180517  3088.013469 0.01584888065   110.068848 
 93750.00001  1361.239571  1726.774659  1764.801946   3088.01423 0.01566820629  123.3690953 
 94000.00001  1198.022904  1889.985971   1770.12468  3088.008875 0.01642261851  125.6326109 
 94250.00001  1428.504487  1659.502006  1766.688525  3088.006493 0.0166438887  117.8672137 
 94500.00001  1302.629023  1785.377727  1768.068688  3088.006751 0.0165843402  112.4397298 
 94750.00001  1279.281447  1808.723821  1764.471882  3088.005268 0.0166686919  118.2292663 
 95000.00001  1332.617957  1755.385295  1771.914315  3088.003252 0.01658856427  116.1738171 
 95250.00001  1193.900834  1894.100224  1773.067389  3088.001058 0.01679787262  117.2341666 
 95500.00001   1263.96036  1824.040609  1767.726348  3088.000969 0.01630752126  124.5509995 
 95750.00001  1389.520991  1698.477599  1771.928332   3087.99859 0.0163169661  114.7250775 
 96000.00001   935.305844  2152.690618  1771.187812  3087.996462 0.01717144579  127.1160366 
 96250.00001  1146.168395  1941.824591  1771.573176  3087.992986 0.01637304106  116.6632905 
 96500.00001  1190.937894  1897.055632  1766.854693  3087.993525 0.01668551151  117.2527122 
 96750.00001  1553.733848  1534.255809  1772.058563  3087.989657 0.01576021335  118.1914888 
 97000.00001  1509.169711  1578.819931  1765.336366  3087.989642 0.01533711019  105.5496329 
 97250.00001  1069.512737  2018.474087  1769.104128  3087.986824 0.01720779959  119.3793373 
 97500.00001  1349.185373  1738.799419  1770.652642  3087.984792 0.01653680191  128.7887336 
 97750.00002  1518.618651  1569.365204  1761.668737  3087.983855 0.01541560899  110.9164044 
 98000.00002  1234.503181  1853.478201   1766.29189  3087.981382 0.01620439278  124.3576059 
 98250.00002  1106.410148  1981.571681  1764.086264  3087.981829 0.01629578345  118.3207097 
 98500.00002   1284.47226  1803.507849  1767.837422  3087.980109 0.01608293389  131.9160467 
 98750.00002  1209.303995  1878.675014  1763.231571  3087.979009 0.01650869521  131.0272578 
 99000.00002  1165.425514  1922.547636   1768.64101   3087.97315 0.01638487339  130.8049617 
 99250.00002  1224.604554  1863.366612  1768.222679  3087.971166 0.01604249609  114.7028062 
 99500.00002   1331.76622  1756.205141  1766.174968  3087.971361 0.01602489971  119.5593908 
 99750.00002  1311.427436  1776.541831  1768.259872  3087.969267 0.01574966196  120.1972109 
      100000  1419.505043  1668.460709  1759.575962  3087.965752 0.01594902878  130.7210586 
      100250  1494.435419  1593.532116  1766.689461  3087.967535 0.01576328982  121.8906846 
      100500  1262.128304  1825.834676  1758.446624   3087.96298 0.01614714071  122.9941955 
      100750  1293.400894  1794.563225  1765.916775  3087.964119 0.01644308525  133.5463733 
      101000  1092.970753  1994.991016  1774.331411  3087.961769 0.01697574225  133.8147978 
      101250  1211.569318  1876.389222  1771.241129   3087.95854 0.01651203317  118.5117089 
      101500  1457.869874  1630.088299  1775.871463  3087.958173 0.01587605761  116.0878462 
      101750   1438.54435  1649.412159  1767.918496  3087.956509 0.01542077825  130.3147788 
      102000  1127.060093  1960.894676  1761.474276  3087.954769 0.01650360811  111.2785175 
      102250  1235.988487  1851.964627  1770.702281  3087.953113 0.01677122386  124.2382202 
      102500  1074.107359  2013.843527  1769.971626  3087.950886 0.01637280776  111.6278303 
      102750  1725.854226  1362.096366  1764.552215  3087.950592 0.01509862809  127.7820172 
      103000   1151.85518  1936.093258  1765.157398  3087.948438 0.01627217632  114.2937134 
      103250  1397.738095  1690.208981  1768.230202  3087.947076 0.01568188511  118.2673489 
      103500  1560.810649  1527.133869   1764.34582  3087.944518 0.01557855291  120.0174783 
      103750  1523.665572  1564.274577    1762.5598  3087.940149 0.01562489306  113.8613143 
      104000    1117.6754  1970.266122  1758.617541  3087.941521 0.01660593426  127.0295006 
      104250  1491.875428  1596.062173  1764.119451  3087.937601 0.01579989898  115.4871686 
      104500   1610.69327   1477.24305  1762.131394   3087.93632 0.0158973937  126.7181806 
      104750  1447.512057  1640.422893   1765.00638   3087.93495 0.01584053809  129.6396817 
      105000  1413.209527  1674.724166  1766.954548  3087.933694 0.01587770017  128.9075835 
      105250  1546.660747  1541.269009  1771.167584  3087.929756 0.01547359442  122.7447591 
      105500  1471.635238   1616.29566  1768.837499  3087.930898 0.01609550164  116.6839099 
      105750  1315.972504  1771.956262  1767.620953  3087.928766 0.01601069792   120.401476 
      106000  1066.162575  2021.763807  1766.621957  3087.926382 0.01675214171  124.4517217 
      106250  1213.884578  1874.038958  1770.328737  3087.923537 0.01642429101  113.9755094 
      106500  1439.591113  1648.331636  1766.353217  3087.922748 0.01575212241   127.722052 
      106750  1212.184266  1875.735672  1768.545732  3087.919938 0.01654256802  124.2516183 
      107000  1352.570492  1735.346892  1766.250915  3087.917384 0.01606794458  110.1282825 
      107250  1450.828219  1637.090887  1771.510661  3087.919105 0.01643558815  128.2349207 
      107500  1321.000652   1766.91613  1777.049246  3087.916781 0.01582006732  117.5448124 
      107750  1203.015092  1884.898923   1766.69249  3087.914015 0.01658866811  120.9923144 
      108000  1584.328012  1503.583807  1767.335182  3087.911819 0.01549958228  119.3133287 
      108250  1607.986467  1479.923538  1768.346412  3087.910005 0.01578518985  120.3521834 
      108500  1071.514585  2016.393148  1764.875924  3087.907733 0.01662187973  129.5726602 
      108750  1473.636915  1614.270525  1765.181235   3087.90744 0.01589744866  115.7868551 
      109000  1373.343632  1714.562171  1772.078705  3087.905802 0.01603641126  127.2295337 
      109250  1307.248963  1780.655167   1768.35172  3087.904131 0.01561365994   119.947034 
      109500  1363.302216  1724.600076  1763.265726  3087.902291 0.01616212947   116.460787 
      109750  1325.951162  1761.950178  1767.524317   3087.90134 0.01585771546  125.8430543 
      110000  1575.080703  1512.816714  1768.270185  3087.897417 0.01559494449  126.0766374 
      110250  1209.495053  1878.401984  1765.990756  3087.897037 0.01644560992  119.4373375 
      110500  1213.438994  1874.456174  1763.028629  3087.895168 0.01581051176  112.1069793 
      110750  1181.197851   1906.69668   1768.70152  3087.894531 0.0166684531  130.1660147 
      111000  1165.864098  1922.026309  1771.297194  3087.890407 0.01657780328  128.1403706 
      111250  1280.345823  1807.543257  1768.294457   3087.88908 0.0166212699  117.9674263 
      111500  1404.994253  1682.892035  1770.921821  3087.886288 0.01629925933  128.8835358 
      111750  1417.657307  1670.228784  1765.279024  3087.886091 0.01595220968  121.3220481 
      112000  1412.048636  1675.833409  1770.392145  3087.882045 0.01592556341  121.4282782 
      112250  1473.558929  1614.322949  1775.823311  3087.881879 0.01604781022  118.1184798 
      112500  1198.585551  1889.296248  1770.462819    3087.8818 0.01711830776  130.0179833 
      112750  1406.480144  1681.396807  1771.970446  3087.876951 0.01650050208  129.8508016 
      113000  1523.701011  1564.174804  1775.300784  3087.875814 0.01606037468  117.6453959 
      113250  1472.375654  1615.499248  1767.491412  3087.874903 0.01600934293   130.139823 
      113500  1361.234629  1726.638471  1765.842329  3087.873101 0.01621981719  112.0288523 
      113750   1193.68968  1894.180911  1769.950133  3087.870591 0.01691213886  127.0342942 
      114000  1261.417426  1826.452006  1765.952142  3087.869432 0.01620650227  127.6696268 
      114250  1621.452206   1466.41353  1768.233811  3087.865737 0.01602328231  115.2431335 
      114500  1421.635663  1666.227256  1763.719515  3087.862918 0.01644039673  126.0198281 
      114750  1400.711269  1687.150265  1767.932981  3087.861534 0.01657404868  130.8304922 
      115000  1383.515091  1704.346628  1766.099654  3087.861718 0.01624591929  131.6374243 
      115250  1459.357471  1628.500832  1769.388665  3087.858303 0.01586119083  118.6353798 
      115500  1254.145535  1833.711786  1774.874497  3087.857321 0.01628293905  135.3736346 
      115750   1137.99085  1949.862597  1770.286567  3087.853447 0.01656981599  114.9571732 
      116000  1479.753369  1608.100044  1769.601849  3087.853413 0.01650542238  131.4827614 
      116250   1260.78808  1827.064087  1765.787813  3087.852167 0.01701435567  116.5511373 
      116500  1368.595348  1719.254729  1769.755931  3087.850078 0.01643314821  137.6425257 
      116750  1399.598874  1688.251103  1771.729927  3087.849977 0.01584588762  114.7485074 
      117000  1434.585284   1653.26111  1765.486218  3087.846394 0.01680436203  130.2061156 
      117250  1230.370717  1857.475121  1777.526404  3087.845839 0.01663532238  125.0187066 
      117500   1279.43965  1808.401416  1775.915628  3087.841066 0.01625706309  133.1943346 
      117750  1316.563949  1771.276946  1763.401647  3087.840895 0.01675313964  132.4301287 
      118000  1370.234505  1717.604217   1767.63198  3087.838722 0.01685323921  128.6155105 
      118250  1057.067299  2030.770501  1770.044063  3087.837799 0.01702720954   122.847008 
      118500   1182.77146  1905.064326   1774.50876  3087.835786 0.01688133722  135.0377729 
      118750  1154.810335  1933.023684  1770.480177  3087.834019 0.01748880168  124.2435593 
      119000  1412.228624   1675.60347  1774.890238  3087.832094 0.01675179774  129.3769682 
      119250  1264.697419  1823.131788  1771.631689  3087.829207 0.01650322127  136.6428028 
      119500  1591.179975  1496.646351  1780.924785  3087.826326 0.01548907217  119.6550941 
      119750  1330.642574  1757.184354  1775.234221  3087.826928 0.01683307453  126.1971333 
      120000  1283.940541  1803.882658   1766.12521  3087.823199 0.01671593676  135.3068241 
      120250  1481.453609  1606.368631  1769.181269   3087.82224 0.01641517744  126.3721606 
      120500   1202.58182  1885.237342  1769.019913  3087.819162 0.01698443979  124.5242613 
      120750  1312.821212  1774.997534  1776.764732  3087.818746 0.01675279824  131.6359816 
      121000  1392.717481  1695.097673  1773.446409  3087.815154 0.01666026325  133.5866822 
      121250  1217.981501  1869.831136  1776.437889  3087.812637 0.01709657783  127.7586371 
      121500  1447.293951  1640.516212  1775.335967  3087.810164 0.01639736436  131.6488902 
      121750  1336.685069  1751.125045  1771.634008  3087.810114 0.0165947471  117.4191415 
      122000  1461.635602  1626.172992  1769.691148  3087.808594 0.01632464324    133.52948 
      122250  1215.547361  1872.257935  1772.229577  3087.805296 0.01711181326   126.342892 
      122500  1032.131882  2055.674017  1768.394984    3087.8059 0.01713178215  128.3428604 
      122750   1224.64245  1863.157575  1764.365828  3087.800025 0.01703876552  135.7113486 
      123000  1249.236658  1838.566241  1766.402967  3087.802899 0.01640622711  124.7509963 
      123250  1022.255873  2065.543093  1770.929313  3087.798967 0.01686151597  122.4200022 
      123500  1432.756407  1655.041059  1775.754735  3087.797466 0.01573242057  120.5076082 
      123750  1326.277165  1761.518468  1771.757214  3087.795633 0.01657796313   127.835925 
      124000  1318.705662  1769.087994  1775.436207  3087.793656 0.01632787685  117.5335017 
      124250  1426.350179  1661.439891  1772.288535   3087.79007 0.01657016522  118.7970449 
      124500  1290.424818  1797.365051   1768.40035  3087.789869 0.01623436733  123.3445955 
      124750   1468.80897  1618.979779  1770.835919  3087.788749 0.01642532853  124.3736901 
      125000  1245.689942   1842.09649  1770.006103  3087.786432 0.01676402447  126.0043049 
      125250   1547.17131  1540.614392  1768.996879  3087.785702 0.01597455444  114.9827122 
      125500  1278.644025  1809.137876  1771.678491  3087.781901 0.01635199783  131.5792237 
      125750  1328.277222  1759.504094   1767.83584  3087.781316 0.01679772776  118.5649395 
      126000  1505.872158  1581.905659  1770.727088  3087.777816 0.01603134484  123.0698657 
      126250  1328.416434  1759.359746  1769.804163   3087.77618 0.01648448161  123.0039446 
      126500  1394.816402   1692.96124  1776.683147  3087.777643 0.01651397781  122.4182068 
      126750  1132.290218  1955.482546  1766.351293  3087.772764 0.01687435082   127.592386 
      127000  1214.699305  1873.070301  1773.012654  3087.769607 0.01671373938  120.4411558 
      127250  1265.047667  1822.721289  1769.872899  3087.768956 0.0169013165   120.887314 
      127500  1189.976421  1897.788357   1772.26426  3087.764778 0.01736327638  135.3703088 
      127750   1233.85949  1853.905859  1774.258083  3087.765349 0.01638844399  123.3471318 
      128000  1301.504881  1786.260793  1770.739151  3087.765674 0.01637857132   130.532359 
      128250  1275.909562  1811.851565  1776.931464  3087.761127 0.01704035018  124.9353769 
      128500   1004.44194  2083.317926  1773.908685  3087.759866 0.0174526774  126.0942728 
      128750  1160.752885  1927.004543  1767.404922  3087.757427 0.01757050862  128.6903015 
      129000  1282.565371  1805.191087  1772.003148  3087.756458 0.01694605555  123.0136234 
      129250  1516.005423  1571.746609  1767.959894  3087.752031 0.01668650292  132.5413541 
      129500  1400.835311  1686.917913  1777.537573  3087.753224 0.01663149777  125.2373322 
      129750  1277.724438  1810.026608  1770.605217  3087.751046 0.01645671956  116.9551272 
      130000  1339.195207  1748.550533   1778.13074   3087.74574 0.01653515327  118.5862755 
      130250  1438.260652  1649.484479  1776.634586  3087.745131 0.01685814105  120.2186135 
      130500  1390.056984  1697.687377  1776.901786  3087.744361 0.01644611821  115.4686451 
      130750  1576.677451  1511.065255  1771.835584  3087.742706 0.01645910693  121.9341502 
      131000  1347.449618  1740.291626  1768.837253  3087.741244 0.01641150706  127.5618348 
      131250  1040.224126  2047.513413  1775.257939  3087.737539 0.01660259191  118.3594167 
      131500   1015.22077  2072.515212  1778.463083  3087.735981 0.01740192405  130.2357639 
      131750  1281.744462   1805.98858  1779.988234  3087.733042 0.01690241041  124.7495953 
      132000  1501.190158  1586.545124  1772.735317  3087.735281  0.016859269  130.8808527 
      132250   1329.70708  1758.023579  1776.178807  3087.730659 0.01648025615  122.8813824 
      132500  1423.981386  1663.746818  1772.800336  3087.728204 0.01650561054   121.442364 
      132750  1062.659075  2025.068182  1772.653673  3087.727257  0.017126486  125.1762666 
      133000  1091.306726  1996.417225  1773.117094  3087.723952 0.01762444139  130.5028959 
      133250  1128.355615  1959.366701  1763.984903  3087.722315 0.01708667895  131.2425091 
      133500  1249.904216  1837.814812  1779.312339  3087.719028 0.0165353547  133.3838247 
      133750  1024.469673  2063.248029  1775.410534  3087.717702 0.01768888904  121.0431256 
      134000  1213.549444  1874.168404  1775.274383  3087.717848 0.01718803245  126.6476565 
      134250  1292.281027  1795.432955  1770.491029  3087.713981 0.01658227346  122.5003649 
      134500  1477.959111   1609.75626  1773.669076  3087.715371 0.01627066397  130.9943036 
      134750  1069.003398  2018.709455  1778.650773  3087.712853 0.01750836811  119.7825387 
      135000  1139.338067  1948.370192   1774.64282  3087.708259 0.01681754635  123.1498771 
      135250  1170.646001  1917.060674  1777.861593  3087.706675 0.01691810531  135.8704782 
 135500.0001   1232.67945  1855.023847  1771.262427  3087.703297 0.01724474322   134.564353 
 135750.0001  1300.285365  1787.417293  1780.387344  3087.702658 0.01646169345  131.9411977 
 136000.0001  1317.211478  1770.488331  1762.867508  3087.699809 0.01608295101  127.3592766 
 136250.0001  1245.009747  1842.688957  1764.320302  3087.698704 0.01637218264    129.52084 
 136500.0001  1420.389885  1667.308836  1769.649191  3087.698721 0.01600248276  122.1497038 
 136750.0001  1345.161001  1742.534902  1768.220279  3087.695902 0.01609992233  125.4540295 
 137000.0001  1110.027623  1977.666068  1764.539484  3087.693691 0.01692816372  135.8820937 
 137250.0001  1283.719158  1803.973165  1769.261049  3087.692324 0.01638919269   129.735882 
 137500.0001  1253.964487  1833.726141  1769.555676  3087.690628 0.01631953733  125.7657359 
 137750.0001  1283.822742  1803.865176    1765.6477  3087.687917 0.01603999822  138.3617277 
 138000.0001  1144.827384  1942.859357  1770.747019  3087.686741 0.01679937068  133.7094876 
 138250.0001  1482.853731   1604.83182  1767.098274  3087.685551 0.01543817868  133.0851214 
 138500.0001  1546.597873  1541.083016  1763.802255  3087.680889 0.01574461932  128.5417889 
 138750.0001  1276.301219  1811.380051  1761.269262   3087.68127 0.01614437906  119.3830784 
 139000.0001  1303.272212  1784.408501  1763.581543  3087.680713 0.01647424643  117.5112581 
 139250.0001   1194.26755  1893.408493  1769.590467  3087.676043 0.0171775168  134.6011014 
 139500.0001  1316.400422    1771.2753  1768.331211  3087.675721 0.0160456022  117.2044483 
 139750.0001  1258.519878  1829.152527  1773.415576  3087.672405 0.01590504105  125.4126354 
 140000.0001  1407.195727  1680.475919  1764.168883  3087.671646 0.01536881656  127.1692636 
 140250.0001  1130.716895  1956.952787  1766.404194  3087.669682 0.01699556743  127.0554829 
 140500.0001  1371.696182  1715.972231   1764.12644  3087.668413 0.01661839809  131.7670287 
 140750.0001  1432.273269  1655.393611  1764.981501   3087.66688 0.01563748935  118.8907206 
 141000.0001   1224.11475  1863.547886   1757.43306  3087.662637 0.01606524179  131.6144522 
 141250.0001  1244.244374  1843.417926  1761.477953  3087.662301 0.01607145959  128.8031624 
 141500.0001  1238.653295  1849.006331  1762.322257  3087.659626 0.01595647951  124.6813863 
 141750.0001  1165.089307  1922.568833  1762.625318   3087.65814 0.01616504761  126.5560019 
 142000.0001  1375.119436  1712.537089  1766.510761  3087.656525 0.01564990326  123.5438498 
 142250.0001  1272.755525  1814.898966  1765.092094  3087.654491  0.016269485  131.0194966 
 142500.0001  1411.405554  1676.247266  1770.420425  3087.652819 0.01600232799  118.2529398 
 142750.0001  1360.668224  1726.982026  1766.502992   3087.65025 0.01688797421  126.2663672 
 143000.0001    1232.7754  1854.874585   1764.23256  3087.649985 0.01652321745  128.0273412 
 143250.0001  1159.045945  1928.598889  1763.309446  3087.644835 0.01633367672  126.1019054 
 143500.0001   1227.56934  1860.075705   1762.66766  3087.645045 0.01700870573  141.4494406 
 143750.0001  1377.705915  1709.936075  1765.448619   3087.64199 0.01615061951  115.1147892 
 144000.0001  1370.297084  1717.344334  1769.658734  3087.641418 0.01618166142   129.898285 
 144250.0001   1150.27661  1937.363448   1758.28169  3087.640058 0.01660485557  117.5684024 
 144500.0001  1417.330397  1670.307614  1767.483169  3087.638011 0.01604472824  133.9271978 
 144750.0001   1110.62341  1977.011524  1761.509573  3087.634934 0.01741209418  134.0472425 
 145000.0001  1424.115408   1663.51781  1773.087258  3087.633217 0.01501472368  115.0083058 
 145250.0001  1339.852446  1747.778498  1758.955954  3087.630945 0.01623611475  129.4244763 
 145500.0001  1205.259318  1882.369155  1758.307051  3087.628472 0.0155112956  131.1678131 
 145750.0001  1231.131557  1856.494054  1766.163304  3087.625611 0.01590831202  133.5425059 
 146000.0001  1239.426343  1848.200351  1759.186743  3087.626694 0.01631864635  135.2229569 
 146250.0001  1307.534921  1780.090739  1758.046571   3087.62566 0.01598297683  123.3845569 
 146500.0001  1328.105946  1759.515995  1758.801214  3087.621941 0.01553267437   127.840967 
 146750.0001  1451.521673   1636.09932  1760.667753  3087.620993 0.01557960093  127.2665948 
 147000.0001  1350.253557  1737.365317  1757.547711  3087.618874 0.01555117317  122.2502963 
 147250.0001   1464.79419  1622.821519   1759.86434  3087.615708 0.01546710699  120.9646255 
 147500.0001  1393.548641  1694.067461  1763.713124  3087.616103 0.01554660478  127.8760669 
 147750.0001  1279.868705  1807.743495  1762.762722    3087.6122 0.01593099549   124.627013 
 148000.0001  1384.729519  1702.881967  1757.205001  3087.611485 0.01532196357  124.8525452 
 148250.0001  1634.472075  1453.136786  1754.669361   3087.60886 0.01544069133  119.1150019 
 148500.0001  1628.730252  1458.876725  1755.633549  3087.606978 0.01532345484  112.1773452 
 148750.0001  1336.542798  1751.062248  1764.875443  3087.605046 0.01604277609  132.3799766 
 149000.0001  1400.984131  1686.619941  1765.541347  3087.604071 0.01594864311  118.9165854 
 149250.0001   1214.24924  1873.353298  1765.584941  3087.602537 0.01624829695  140.8612354 
 149500.0001   1443.36931  1644.229736  1765.396055  3087.599046 0.01615363776  125.8536547 
 149750.0001  1242.843554  1844.753188  1756.212925  3087.596742 0.01614074083  126.6476478 
 150000.0001  1127.119878  1960.477084  1760.359255  3087.596962 0.01666105851  131.0500012 
 150250.0001  1285.555183  1802.039135  1757.414197  3087.594318 0.01624169067  138.4599451 
 150500.0001  1080.882772  2006.708537  1757.238706  3087.591309 0.01620606379  132.2520192 
 150750.0001   1337.18434  1750.405786  1759.013922  3087.590126 0.01578042491  125.6670084 
 151000.0001  1343.568574  1744.019821  1760.201068  3087.588395 0.01543052849  123.7550575 
 151250.0001  1537.943075  1549.643592  1758.060373  3087.586667 0.01571030338  130.1063307 
 151500.0001  1543.439756  1544.145339  1757.272604  3087.585094 0.01559708971  118.5071719 
 151750.0001  1326.945425  1760.639811  1764.309343  3087.585236 0.01598308375  133.2965438 
 152000.0001  1343.115083  1744.466916  1756.056769  3087.581998 0.0164308273  125.1736035 
 152250.0001  1423.106499  1664.474091    1757.9887  3087.580591 0.01614084232  115.4294978 
 152500.0001  1247.268369  1840.309649  1760.764865  3087.578018 0.0160488471   120.810431 
 152750.0001  1301.508987  1786.065354  1757.832511  3087.574341 0.01570971813  126.0489419 
 153000.0001  1198.466413  1889.105585  1756.296829  3087.571998 0.01666037245  124.2764459 
 153250.0001  1518.307147  1569.266157  1754.186044  3087.573304 0.01566195761  125.5868377 
 153500.0001  1239.148731  1848.422028  1756.348637  3087.570759 0.01624909625  133.1131669 
 153750.0001  1099.302682  1988.263208  1756.578184   3087.56589 0.0169778863  133.8386243 
 154000.0001   1478.10303   1609.46608  1760.711001   3087.56911 0.01571350189  126.4682244 
 154250.0001  1477.463034  1610.102301  1760.893419  3087.565335 0.01619360616  126.3350274 
 154500.0001  1201.081544  1886.481062  1763.458958  3087.562606 0.0162101298  131.8406625 
 154750.0001  1192.001675  1895.560509  1755.854813  3087.562183 0.01615172273  116.5951679 
 155000.0001  1218.506351  1869.050915  1762.856187  3087.557266 0.0158126037  125.5777887 
 155250.0001  1425.061669  1662.496292  1756.007382  3087.557961 0.01544531018  131.1907042 
 155500.0001  1284.744521  1802.809056  1758.321785  3087.553576 0.01565632776  127.6086798 
 155750.0001  1230.157784  1857.394814   1755.94069  3087.552598 0.01654784571  136.6703286 
 156000.0001  1119.251546  1968.299629  1755.346791  3087.551174 0.0162985582  133.5968183 
 156250.0001  1351.530106  1736.018582   1752.78324  3087.548688 0.01591287147  126.9967501 
 156500.0001  1473.597039  1613.948801  1763.909236   3087.54584 0.01551904701  135.6000815 
 156750.0001  1388.031228   1699.51447  1759.649766  3087.545697 0.01541936567   114.292842 
 157000.0001   1239.19651  1848.347598  1754.133679  3087.544107 0.01614082546   130.374965 
 157250.0001  1302.601721   1784.94004  1763.360549  3087.541761 0.01575024465  133.5502891 
 157500.0001  1205.128091  1882.409716  1753.254137  3087.537807 0.01613101921  131.1429265 
 157750.0001  1359.281824  1728.254991  1761.306398  3087.536815 0.01560951666  128.5975568 
 158000.0001  1407.618022  1679.915062  1761.248852  3087.533084 0.01613050068  125.7891061 
 158250.0001  1076.111037  2011.421808  1758.798505  3087.532845 0.01682855635  130.6924809 
 158500.0001  1157.806782   1929.72514  1753.646992  3087.531922 0.01678660216  131.8577394 
 158750.0001  1171.511062  1916.019139  1749.962737  3087.530201 0.0157834436  135.0364655 
 159000.0001  1118.967902  1968.560428  1761.140248   3087.52833 0.01669931103  119.7291195 
 159250.0001  1235.473446  1852.054108  1760.174637  3087.527554 0.01654568801  122.8803773 
 159500.0001  1073.778053  2013.744247  1763.555733  3087.522301 0.01649212221  126.5529937 
 159750.0001  1256.177075  1831.344413  1761.977606  3087.521488 0.01673397577  134.9258441 
 160000.0001  1300.958963  1786.561865  1753.626243  3087.520828 0.0164075634  132.8936973 
 160250.0001  1088.681803  1998.834856  1762.595832  3087.516659  0.016700194  121.9122467 
 160500.0001  1511.388885  1576.126922  1764.228182  3087.515807 0.01535714616  119.7579685 
 160750.0001  1281.978851  1805.537155  1756.525312  3087.516006 0.01669413151  140.0205034 
 161000.0001  1580.636243  1506.874879  1753.125264  3087.511122 0.01549508538  114.6179141 
 161250.0001  1216.502595  1871.007621   1765.39007  3087.510216 0.01594905338  131.1858496 
 161500.0001  1113.478566  1974.028104  1759.044663   3087.50667 0.01658591223  125.8973137 
 161750.0001  1209.739323   1877.76608  1759.088382  3087.505403 0.01655658769  121.8554044 
 162000.0001  1550.131382  1537.370855  1757.001766  3087.502237 0.01606721108  123.1297946 
 162250.0001  1374.504562  1712.998057  1761.116222  3087.502619 0.01630837466  119.5859266 
 162500.0001  1408.411806  1679.087227  1760.397194  3087.499033 0.0161415315  135.9503857 
 162750.0001  1570.448393  1517.048008    1766.4002  3087.496401 0.01562021985  120.0213112 
 163000.0001  1244.280029  1843.215398  1763.961859  3087.495427 0.01617268377  115.7130558 
 163250.0001   1365.59272  1721.901863  1767.882737  3087.494583   0.01651181  129.4004949 
 163500.0001  1573.155974  1514.336349  1768.208196  3087.492323 0.0160716394  128.9371626 
 163750.0001  1424.150105  1663.339594  1767.203756  3087.489699 0.01677398001  133.0517835 
 164000.0001  1100.353543  1987.134566  1765.481409  3087.488108   0.01682571  125.1751001 
 164250.0001  1355.303793  1732.183345  1756.585133  3087.487138 0.01664209529   127.941102 
 164500.0001  1381.937697  1705.547486  1762.249282  3087.485183 0.01613767243  121.4511852 
 164750.0001  1448.484196  1638.997983  1759.975221  3087.482179 0.01666164525  119.5206187 
 165000.0001  1304.023538  1783.457758  1761.825101  3087.481296 0.01680313153  130.0402967 
 165250.0001  1405.617012  1681.862815  1765.257215  3087.479827 0.01648673799  128.0104418 
 165500.0001    1532.2115  1555.264568  1758.032064  3087.476068 0.01599899832   131.875666 
 165750.0001  1420.784713  1666.690569   1756.73478  3087.475283 0.01621295779  112.6254843 
 166000.0001  1353.381533  1734.091125  1763.074262  3087.472658 0.01669971599  135.6627959 
 166250.0001  1246.751983  1840.719802  1758.953178  3087.471786 0.01682979908  122.6060065 
 166500.0001  1262.649632   1824.81742  1767.013635  3087.467052 0.01697079666  120.2767657 
 166750.0001  1346.033353   1741.43119  1771.261061  3087.464543 0.01655682084  119.2647087 
 167000.0001  1337.246905  1750.215259  1765.065759  3087.462163 0.0169223544  125.8053184 
 167250.0001  1205.357282  1882.104307  1760.263489  3087.461589 0.01686625526   123.203605 
 167500.0001  1021.867526  2065.592223  1762.494654  3087.459749 0.01713965037  117.5541873 
 167750.0001  1286.091709  1801.367141  1766.167717   3087.45885 0.01723930197  132.4829806 
 168000.0001  1466.465725  1620.989173  1762.174021  3087.454898 0.01629386495  113.5299769 
 168250.0001  1432.452405  1655.002988    1763.2458  3087.455393 0.01674427495  120.3142197 
 168500.0001  1185.314013  1902.135921  1768.208187  3087.449933 0.01656726001  130.8594711 
 168750.0001  1164.183793  1923.266389  1761.843108  3087.450181 0.01742708009   128.044504 
 169000.0001   1385.11805   1702.32983  1766.954157   3087.44788 0.01681386097  125.5156683 
 169250.0001  1245.446157  1841.999745  1764.154414  3087.445902 0.01645436048  115.0139669 
 169500.0001  1039.152866  2048.289495  1760.750337  3087.442362 0.01692290417  134.5647208 
 169750.0001  1317.064516  1770.376142  1760.137986  3087.440659 0.01707678482  124.5700444 
 170000.0001  1294.635893  1792.801182  1761.082296  3087.437076 0.01686801022  122.3769784 
 170250.0001  1381.937843   1705.49853   1760.67063  3087.436374 0.01659626929  121.5983836 
 170500.0001  1179.138756  1908.295782   1756.04198  3087.434538 0.01699846064  126.6027599 
 170750.0001  1013.895964  2073.534981  1770.727338  3087.430945 0.01702447945  121.8145574 
 171000.0001  1317.525139   1769.90261  1770.054974  3087.427749 0.01657972183  122.4094894 
 171250.0001  1162.000771  1925.426051  1768.481322  3087.426822 0.01628091666   124.695785 
 171500.0001   1375.04347  1712.384292  1760.261796  3087.427762 0.01669577916  133.7492052 
 171750.0001    1432.0604  1655.363417  1768.158539  3087.423818 0.0164499923  121.3141129 
 172000.0001  1567.462222  1519.957994  1764.016577  3087.420216 0.01560677867  120.1786924 
 172250.0001  1328.464387  1758.956326  1767.225944  3087.420713 0.01627944063  122.0125736 
 172500.0001  1357.827864  1729.587907  1770.944274  3087.415771 0.01688619405  124.1050584 
 172750.0001  1576.743561  1510.672477  1761.553127  3087.416038 0.01675642303  122.7113898 
 173000.0001  1171.768839  1915.644055  1763.375773  3087.412894 0.01676547414  120.0052092 
 173250.0001  1708.460056  1378.951597  1764.240498  3087.411653 0.0157288244  122.4554746 
 173500.0001  1289.922541  1797.488134  1755.326423  3087.410675 0.01736462385   128.521034 
 173750.0001  1624.770035  1462.638318   1764.51366  3087.408353 0.01625499404  122.9509583 
 174000.0001  1215.041111  1872.364918  1765.811408   3087.40603 0.01738233532  130.4522567 
 174250.0001  1309.852109  1777.547535  1768.617385  3087.399645 0.01675200941  123.9896231 
 174500.0001  1020.115722  2067.284933   1765.86963  3087.400654 0.01738756137  123.8888821 
 174750.0001  1415.135837   1672.26277  1765.543855  3087.398607 0.01626680092  119.5659334 
 175000.0001  1422.190772  1665.205852  1765.880418  3087.396624 0.01669641477  118.1825872 
 175250.0001  1396.266735   1691.12644  1764.592367  3087.393175 0.01631216852  123.5341781 
 175500.0001  1326.892335  1760.498395  1765.307873  3087.390731 0.01703828907  122.4589914 
 175750.0001  1489.188487  1598.200606  1766.699644  3087.389093 0.01565115982  119.0955076 
 176000.0001  1312.749111  1774.637807  1763.984969  3087.386918 0.0166352496  127.8608201 
 176250.0001  1595.341975  1492.044991  1762.240985  3087.386966 0.01662762483  124.8507548 
 176500.0001  1344.126517  1743.256301  1765.750919  3087.382818 0.01704936847  115.7720464 
 176750.0001  1507.423685  1579.957372  1762.336198  3087.381057 0.01646932511  125.0095556 
 177000.0001  1333.930581   1753.44796  1766.683546   3087.37854 0.01698997547  128.1504169 
 177250.0001  1298.811577  1788.565149   1763.52433  3087.376726 0.01730772299  124.4144127 
 177500.0001  1049.665942  2037.709936   1765.78019  3087.375878 0.01691151938  116.9894607 
 177750.0001  1618.357445   1469.01559  1761.959611  3087.373035 0.01579144188  113.7279716 
 178000.0001  1197.833518  1889.535742  1764.051521  3087.369259 0.01723930253  129.6502009 
 178250.0001  1185.518665  1901.848675  1766.461812   3087.36734 0.01769385165  127.5971601 
 178500.0001  1376.712014  1710.652907  1764.997969  3087.364921 0.01690304076  137.8092665 
 178750.0001  1156.811553  1930.553623  1767.912783  3087.365176 0.01717547179  129.5737846 
 179000.0001  1111.802681  1975.558554  1766.373417  3087.361234 0.01744137223  121.4990651 
 179250.0001  1321.487709  1765.872177  1766.561303  3087.359886 0.0168263591  117.4582232 
 179500.0001  1415.185057  1672.169255  1763.053374  3087.354312 0.01721188509  128.5121044 
 179750.0001  1064.660052  2022.693434  1767.991167  3087.353485 0.01825461264  132.1852135 
 180000.0001  1128.990281  1958.361955  1770.085932  3087.352236 0.0175652809  128.0172364 
 180250.0001  1267.440066  1819.909593  1770.724246   3087.34966 0.01728087052  118.9730672 
 180500.0001  1458.274544  1629.073092  1762.918362  3087.347636 0.01659564891  129.3147608 
 180750.0001   1193.33889  1894.006443   1765.83263  3087.345334 0.01746821476  129.9371606 
 181000.0001  1339.641956  1747.702275  1766.969904  3087.344231 0.01695964525  121.8424862 
 181250.0001  1288.137725  1799.204459  1768.192072  3087.342184 0.01714921058  125.7863545 
 181500.0001   1170.95671  1916.383444  1769.071212  3087.340155 0.01771795563   133.288604 
 181750.0001  1320.540041  1766.796328  1766.840393  3087.336369 0.01713367766  127.2493159 
 182000.0001   1357.93188  1729.403616  1766.954134  3087.335496 0.01753783712  127.3184999 
 182250.0001  1749.730104  1337.602212    1765.1447  3087.332316 0.01632843883  126.8139069 
 182500.0001  1274.747101  1812.582318  1765.127574  3087.329419 0.01700150795  131.1289103 
 182750.0001  1041.720779  2045.606331  1764.829306   3087.32711 0.01802095067  128.9846305 
 183000.0001  1416.916146  1670.411622  1760.175342  3087.327768 0.01738773412  124.7065759 
 183250.0001  1246.384744  1840.938708  1768.355057  3087.323452  0.017004711  119.2689671 
 183500.0001  1468.773834   1618.54812  1764.748802  3087.321954 0.01660087677  126.6828886 
 183750.0001  1241.164873  1846.154975  1769.309614  3087.319848 0.01727348679  127.3203384 
 184000.0001  1594.430204  1492.886317  1771.051472  3087.316521 0.01601027463  118.2929718 
 184250.0001  1245.024113   1842.29077  1768.102058  3087.314883 0.01770873105  122.2476734 
 184500.0001  1168.651005  1918.659982  1762.433367  3087.310987 0.01764650802  130.3131501 
 184750.0001  1322.794547  1764.515368  1761.559765  3087.309915 0.01779309797  128.1266887 
 185000.0001  1200.692673  1886.617146  1773.540615  3087.309819 0.01765882909    127.12386 
 185250.0001  1387.422862  1699.882782  1765.589181  3087.305644 0.01686798268  122.6037393 
 185500.0001  1348.078505   1739.22336  1770.663069  3087.301866 0.01700002805  132.6809829 
 185750.0001  1504.832324  1582.470647  1766.552717  3087.302971 0.01672365096  123.3739472 
 186000.0001  1233.577687  1853.722201  1769.744065  3087.299888 0.0173695896  126.2040839 
 186250.0001   1284.24328  1803.052179  1767.347548  3087.295459 0.01726474062  130.6001386 
 186500.0001  1013.937742  2073.357525  1769.367062  3087.295267 0.01750514767  128.5395016 
 186750.0001  1163.638877   1923.65354  1765.520107  3087.292418 0.01700062174  120.3728157 
 187000.0001  1274.072296  1813.218427  1771.992151  3087.290723 0.01705861632  131.3230442 
 187250.0001  1416.054289  1671.231144  1772.027947  3087.285434 0.01731332092   134.055892 
 187500.0001  1403.763221  1683.523832  1764.220207  3087.287053 0.01681193361  123.6515699 
 187750.0001  1193.809832  1893.472897  1767.127706  3087.282728 0.01707897513  127.6265011 
 188000.0001  949.6056893  2137.674504  1765.104617  3087.280193 0.01783281595   130.598488 
 188250.0001   1160.02758  1927.250349     1770.535  3087.277929 0.01839496906  132.0174333 
 188500.0001  1332.227391  1755.049654  1766.691418  3087.277045 0.01763156064  126.5224197 
 188750.0001  1213.203519  1874.070068  1762.423455  3087.273587 0.01759431151   130.028487 
 189000.0001   1679.28728  1407.984017  1766.574455  3087.271297 0.01602360335  126.9487043 
 189250.0001  1326.767825  1760.501414  1767.409347  3087.269239 0.01740799854  134.5085263 
 189500.0001  1544.755031  1542.514187  1769.443317  3087.269218 0.01675955759  127.0799967 
 189750.0001  1119.795009  1967.472075  1771.997882  3087.267084 0.01751225587  128.2780535 
 190000.0001  1520.463013  1566.798819   1763.95031  3087.261832 0.01626671517  120.3439347 
 190250.0001  1491.638045  1595.624914  1767.614803  3087.262959 0.01666083057  122.1318719 
 190500.0001  1432.450735  1654.807106  1764.802787   3087.25784 0.01674007922  123.2219555 
 190750.0001  1167.265202  1919.991803  1763.781268  3087.257005 0.01778370501  131.4926159 
 191000.0001  1177.108485  1910.147065   1766.11832   3087.25555 0.01787691635  129.4593766 
 191250.0001  1222.848514  1864.404895  1763.562399  3087.253409 0.01748206774  128.2057822 
 191500.0001  1183.434442  1903.817125  1760.639974  3087.251567 0.01726916757  130.1365259 
 191750.0001  1207.852162  1879.396054   1770.39369  3087.248217 0.01734479393  135.3301228 
 192000.0001  1312.327935  1774.918647  1762.900803  3087.246582 0.01645747724  127.3516235 
 192250.0001   1648.98664  1438.257235   1769.24894  3087.243875 0.01639705588  129.2689518 
 192500.0001  1242.672379  1844.569925  1763.198452  3087.242303 0.01737110784  136.1132964 
 192750.0001  1473.425624  1613.811963   1755.54291  3087.237586 0.01651451728  125.0619636 
 193000.0001   1367.91782  1719.322447  1763.114337  3087.240267 0.0175351791   135.279237 
 193250.0001  1519.926313  1567.308236  1768.080078   3087.23455 0.01663386097  125.0369826 
 193500.0001  1377.786869  1709.446175  1764.293924  3087.233043 0.01652395392  128.0394854 
 193750.0001  1609.965591  1477.265106  1762.956678  3087.230696 0.01583972775  125.7499041 
 194000.0001  1394.012239  1693.217239  1761.643952  3087.229478 0.0162765858  129.0551824 
 194250.0001  1399.487929  1687.741462  1770.742866  3087.229391 0.01637510138  133.2603491 
 194500.0001  1389.613772  1697.609095  1762.081822  3087.222867 0.01644917307  118.0896285 
 194750.0001  1309.951062  1777.268987   1765.54963  3087.220049 0.01684929325  124.3483013 
 195000.0001  1617.890876  1469.326847  1762.810945  3087.217723 0.01553237537  120.8816569 
 195250.0001  1208.897807   1878.31945  1759.520359  3087.217257 0.01678770792  131.4637551 
 195500.0001  1284.601574  1802.613045  1761.425713  3087.214619 0.01664539824  129.0980842 
 195750.0001  1101.331243  1985.881174  1759.165442  3087.212417 0.01689167014  142.0559628 
 196000.0001  1167.173986  1920.038704  1758.346404  3087.212689 0.0165668411  129.5133008 
 196250.0001  1563.158717  1524.053098  1759.104453  3087.211815 0.01661930376  137.9005769 
 196500.0001  1322.999218  1764.206083  1759.835947  3087.205301 0.01639563483  122.2511127 
 196750.0001  1083.430708  2003.773126  1764.298878  3087.203835 0.01718976083  131.1099881 
 197000.0001  1106.521122  1980.679333  1764.752547  3087.200455 0.01752919671  128.6615654 
 197250.0001  1570.656222  1516.542792  1768.296776  3087.199014 0.01609936751  126.7963407 
 197500.0001  1401.145325  1686.051618  1763.361824  3087.196943 0.0166175562  133.2826515 
 197750.0001  1235.510527  1851.686859  1759.731592  3087.197386 0.0166217195  127.1735755 
 198000.0001  1715.050969  1372.144234  1750.969161  3087.195204 0.0155812578  129.5483623 
 198250.0001  1181.423005  1905.766752  1761.397733  3087.189757 0.01678753229  120.3341281 
 198500.0001  1304.770233  1782.417257  1764.912943   3087.18749 0.01719009237  127.9337707 
 198750.0001  1159.532241  1927.653415  1757.603186  3087.185656 0.01697921173  121.3210752 
 199000.0001  1109.199712  1977.986084  1764.027264  3087.185795 0.01770808172  127.5125836 
 199250.0001  1429.747745  1657.434005  1761.007011   3087.18175 0.01675053153  134.3472943 
 199500.0001  1574.029785  1513.150159  1759.156959  3087.179943 0.01599055688   130.136601 
 199750.0001  1252.286032  1834.891084  1767.136917  3087.177116 0.01670352904   120.653149 
