           0 0.1794486208
           1  1.843511467
           2  2.066141948
           3  1.391282754
           4 0.5911346102
           5 0.5686356655
           6   2.59256977
           7 0.2964589951
           8  2.600909053
           9 0.5213963918
          10  2.460823389
          11  3.840383574
          12 0.6630337957
          13   2.73840562
          14  3.840811822
          15  2.968284935
          16 0.7464498962
          17  2.194028379
          18   4.45296196
          19 0.3942046237
          20  1.273643658
          21 0.06109203174
          22  0.272381937
          23 0.3179640469
          24 0.4287838654
          25  1.281333545
          26 0.06613117427
          27  1.409866954
          28  1.152428955
          29  1.620760896
          30  1.318418232
          31  1.445484282
          32  1.552920301
          33  2.246402151
          34  1.641520358
          35  1.579493778
          36 0.2492452016
          37 0.2665203547
          38 0.9930043161
          39  1.086530985
          40  5.298830469
          41  5.810827862
          42  3.975204848
          43 0.2785695702
          44 0.4776270251
          45 0.8655957425
          46  1.286887699
          47 0.5542201819
          48 0.7099777071
          49 0.9644874787
          50  2.287514894
          51 0.6458410044
          52 0.1651734603
          53 0.1296594595
          54 0.4171076892
          55  0.368641193
          56  3.596838457
          57  5.168326245
          58   1.61670982
          59 0.9365609649
          60  2.260565717
          61  3.282444425
          62 0.4275248742
          63  1.321778519
          64  7.729431761
          65  1.209969549
          66 0.06624901183
          67 0.1912287517
          68 0.4154397653
          69  2.497686963
          70   1.71570975
          71 0.3353252434
          72 0.1458252716
          73 0.3170539285
          74 0.06681978278
          75 0.2032594796
          76 0.3636797546
          77 0.06436526006
          78 0.9717661916
          79  3.123070811
          80  1.510228653
          81  1.621400723
          82 0.4085327811
          83 0.2775537965
          84 0.3348897779
          85  1.973837199
          86 0.5353073525
          87 0.5951153345
          88 0.1908791771
          89 0.05572249628
          90 0.1615591946
          91  5.032834914
          92  96.40907602
          93  3.673951901
          94 0.2056523064
          95 0.6171414857
          96  1.115323437
          97  2.083398935
          98  1.416554237
          99 0.1280258445
         100  0.646185588
         101  2.610586371
         102    0.3252898
         103 0.4427881023
         104 0.7361603669
         105 0.05691923925
         106 0.8942875315
         107 0.4749806207
         108 0.4774895854
         109  1.634755883
         110 0.6307744338
         111  1.913282779
         112  3.577538251
         113  2.768526094
         114  1.554647813
         115 0.4661135364
         116 0.5376990921
         117 0.09535218026
         118 0.9005860195
         119  1.218337451
         120  1.227267433
         121  1.481097652
         122  4.931596044
         123 0.6650118048
         124 0.4640357296
         125 0.6367586997
         126  4.056308221
         127  6.344479756
         128 0.7671573366
         129  1.543231019
         130 0.6710069131
         131  0.952011634
         132 0.7114291723
         133 0.7237312588
         134  0.129963652
         135 0.3132915207
         136  1.075608915
         137 0.4030867911
         138 0.7056196702
         139 0.7579064324
         140 0.1442895748
         141 0.2902162424
         142 0.7014094705
         143  1.811074951
         144   2.58840045
         145  2.167441911
         146  1.242463629
         147  1.337202916
         148 0.5792366845
         149 0.5639710671
         150  1.053411856
         151  1.679523873
         152 0.4826727751
         153 0.4572060112
         154  11.25071489
         155  100.7838924
         156  9.328457842
         157 0.4659545277
         158  2.341383825
         159  1.240214192
         160 0.8501718146
         161  0.634022925
         162 0.4390085987
         163 0.7405250586
         164 0.6446418615
         165  1.452510493
         166  2.797889036
         167  1.055405528
         168 0.3274381726
         169  1.721921699
         170  7.219818965
         171  1.645179794
         172 0.1859457292
         173  2.191965753
         174 0.7075504444
         175  1.640183355
         176 0.5706522624
         177 0.9676243399
         178 0.8082126428
         179  5.351673879
         180   1.86523782
         181 0.5524029019
         182  1.058858535
         183  2.799198799
         184  2.900050131
         185  1.151469209
         186   3.17949871
         187  1.968901152
         188  3.449653328
         189 0.5421413482
         190  2.662159644
         191  1.656990515
         192 0.4299577902
         193 0.3350784993
         194  1.205412623
         195 0.6918121393
         196 0.2079691428
         197 0.2546243684
         198 0.5407799615
         199 0.1170796724
         200 0.0715498285
         201  2.229568864
         202  2.294894669
         203 0.5097319683
         204  1.040971181
         205  2.209428256
         206 0.4513113653
         207  1.397708429
         208  8.780759909
         209  90.05775588
         210  12.88341232
         211  1.046793795
         212   1.55217906
         213 0.9845386888
         214 0.6627040682
         215  1.447071263
         216 0.5142524844
         217   1.62034283
         218 0.5531386495
         219 0.6825715988
         220 0.5882690035
         221 0.1924499271
         222 0.1819635382
         223 0.4906054786
         224  1.065729354
         225  1.129990094
         226 0.5757866696
         227  1.969372312
         228  3.267287126
         229   2.64373807
         230  2.915981562
         231  2.253321432
         232 0.6190852585
         233 0.3154867315
         234 0.5353369936
         235 0.8078360857
         236  2.150049193
         237  1.278665132
         238  1.641154317
         239  1.153664307
         240  1.078372958
         241  2.062486641
         242 0.3327991678
         243 0.2198168045
         244  0.629212567
         245 0.5922289038
         246  1.764219081
         247 0.3444839267
         248 0.2273717784
         249 0.8585725627
         250  0.576825058
         251  3.895956571
         252  1.930386486
         253  1.591176544
         254  1.628722083
         255  1.362535196
         256    2.7068652
         257  5.826076514
         258   2.11955498
         259  1.440016185
         260 0.8745714139
         261 0.4889852361
         262  1.698567719
         263  1.429219736
         264  2.546512946
         265   53.4333904
         266  16.08606908
         267 0.6719063552
         268 0.02392484394
         269 0.1062442507
         270  1.405560348
         271 0.9757564603
         272   0.18894916
         273 0.0756816047
         274  2.733077749
         275  13.37734617
         276  76.45618909
         277  4.770363466
         278 0.4661052964
         279  0.244997628
         280 0.3031624376
         281  3.473330252
         282  2.277158421
         283 0.4808286854
         284 0.8777937064
         285  1.532492884
         286 0.9434048369
         287 0.4825466379
         288 0.4669835583
         289 0.8931627032
         290 0.2605696042
         291 0.3532294534
         292  1.337962426
         293  1.230742395
         294  1.357570031
         295  1.096165811
         296 0.5446423558
         297  1.149207277
         298 0.3018963515
         299  1.105731763
         300  1.302696284
         301 0.3124657615
         302  1.328715415
         303 0.05238671286
         304  3.654344574
         305  2.069157971
         306  0.645976494
         307  1.409651676
         308  1.768103915
         309   5.40978331
         310  1.010367015
         311 0.9524387593
         312  2.688832399
         313 0.3747298988
         314 0.1638556164
         315 0.01531690836
         316 0.7166012587
         317 0.7157776713
         318 0.3589945351
         319  3.007402403
         320  2.772261166
         321  1.676967374
         322 0.3435038291
         323 0.2322804353
         324 0.02770643254
         325 0.06277045386
         326 0.5034526956
         327 0.8911131861
         328 0.9612569912
         329 0.1509892998
         330 0.1896598405
         331 0.3582443604
         332 0.9683131407
         333  6.725003189
         334  75.42300428
         335   9.02097963
         336 0.5230273129
         337 0.9019844551
         338 0.2121887417
         339 0.3740983326
         340  2.871417916
         341  1.887584792
         342 0.3372976522
         343  1.612170261
         344 0.7464873241
         345 0.8319804406
         346 0.2388273737
         347 0.1075076574
         348 0.09906398498
         349  1.027509657
         350  2.006625695
         351  1.365098594
         352 0.3054446957
         353   1.57454914
         354 0.2160009181
         355  1.104760309
         356  2.459515644
         357  1.440478067
         358  2.214513082
         359  1.095415145
         360  1.822335957
         361  2.890845591
         362  0.558220301
         363 0.6380876171
         364 0.3389687762
         365 0.8743741539
         366 0.9441002758
         367  1.092984338
         368  0.298313542
         369 0.5022645897
         370  2.205718387
         371  1.527009069
         372 0.5032456858
         373 0.5960093505
         374  2.256122688
         375 0.6100402431
         376  1.741816643
         377  4.442605313
         378   1.43203452
         379 0.2753011767
         380 0.7012176608
         381   1.83457969
         382 0.8208138347
         383 0.2910476753
         384 0.1670118972
         385 0.1314725912
         386 0.3295697152
         387  2.480256822
         388  1.377799527
         389   3.01422411
         390  85.40205297
         391  3.964228757
         392  1.273922992
         393 0.6912036418
         394 0.6357102805
         395 0.3488813634
         396 0.8165801854
         397  2.565670585
         398   1.24060702
         399   2.20335421
         400  2.128683018
         401  0.747081365
         402  1.530478216
         403 0.6651831058
         404 0.4466805157
         405  3.127506166
         406  4.480611092
         407 0.9493372898
         408 0.9258780206
         409 0.5712170368
         410 0.1616958171
         411 0.9107442089
         412 0.1704017058
         413 0.1215597377
         414  1.185103136
         415 0.3534542268
         416  0.430227988
         417 0.1508030585
         418  1.481462978
         419  3.647812102
         420  4.702596375
         421  1.790791455
         422  7.890476081
         423  62.75565553
         424   8.17952912
         425 0.5238353266
         426 0.1762997068
         427 0.3147320439
         428 0.6571558465
         429 0.6830765979
         430  1.443270287
         431 0.1344962097
         432 0.3425603975
         433  1.120651866
         434 0.4754232286
         435 0.3742339344
         436 0.6405045225
         437 0.9131834267
         438  1.299942594
         439 0.9913078416
         440 0.1982840329
         441  1.815154163
         442 0.9429131559
         443 0.1740501793
         444 0.7553959215
         445  1.102788773
         446  1.997821281
         447 0.1137816051
         448 0.9522810838
         449 0.2817194078
         450  0.140761869
         451 0.0359127789
         452   1.13487632
         453 0.2773170538
         454 0.2361901038
         455 0.08007610038
         456 0.1292800291
         457 0.7018659816
         458 0.5486953151
         459 0.6695147359
         460  2.276022019
         461  3.983345971
         462  2.042682675
         463  1.457287255
         464  2.800500899
         465  0.894557481
         466  0.499037726
         467 0.5301824742
         468  1.384444919
         469 0.3494754558
         470 0.1664245717
         471 0.5921239312
         472  2.584756493
         473 0.4947530325
         474  2.165363478
         475  1.158864568
         476  10.06664015
         477  91.93663544
         478  5.895560552
         479 0.2577665712
         480 0.4530901785
         481  2.994516269
         482 0.9976204184
         483 0.8150346231
         484  1.881319573
         485  0.964655341
         486 0.3160857174
         487  1.033519661
         488 0.5469134829
         489 0.6243023301
         490  1.649098938
         491  1.100461581
         492  3.368346286
         493  2.865152723
         494  1.893729937
         495  1.241487376
         496 0.2194177343
         497 0.7449628842
         498  1.713351499
         499  0.260034456
         500 0.6309881567
         501 0.3971572693
         502 0.5028706215
         503  1.693574392
         504   1.41479478
         505  5.045238006
         506  6.881850224
         507  106.5177507
         508  3.864711666
         509 0.8761838505
         510  1.036129091
         511  2.947088513
         512  0.513154122
         513 0.6296713132
         514   1.17389252
         515  6.210358834
         516   5.39417511
         517 0.6009400824
         518 0.8280819984
         519  1.527325238
         520   1.08025631
         521  3.270956356
         522 0.6043887998
         523  1.544704121
         524  2.630598259
         525  4.721199179
         526  2.246040962
         527 0.2055276479
         528   3.64697284
         529 0.4261970154
         530  2.561832002
         531  2.974940803
         532  2.404040449
         533 0.9904591157
         534  1.265194313
         535 0.7579693798
         536 0.6095326121
         537 0.7223516582
         538  2.360304385
         539  2.005888953
         540 0.8245218386
         541  0.515464909
         542 0.9089950538
         543  2.280346338
         544   1.38052647
         545 0.3843512478
         546 0.4030203347
         547 0.4177975366
         548  1.374726047
         549 0.7865892582
         550  2.118595763
         551  2.992301852
         552  1.585270435
         553  1.186777255
         554 0.02694986469
         555 0.3728396996
         556  0.961534229
         557  3.005675064
         558  2.236074606
         559  1.027347392
         560  1.066902087
         561 0.8148507649
         562 0.3386824991
         563 0.4027109889
         564 0.3231989933
         565 0.5484295091
         566 0.6395730433
         567 0.2438257029
         568  1.162751478
         569  3.047415117
         570   2.07431161
         571 0.8281355302
         572  1.864799227
         573  0.177890247
         574 0.5379699299
         575 0.8854033347
         576 0.4965687707
         577  132.5493554
         578   7.52566174
         579  1.101416224
         580  1.214528386
         581  3.839187741
         582   2.57665932
         583  3.840066943
         584  3.163856925
         585  1.007332614
         586 0.2341633502
         587  1.880734374
         588  1.715929129
         589   5.22507393
         590  1.568093987
         591   2.82110169
         592  3.684246739
         593  1.558146718
         594 0.1193947274
         595 0.2465974293
         596 0.5678565536
         597  2.355236469
         598 0.08111725454
         599  1.827046576
         600  2.236587448
         601 0.08631469265
         602 0.5171203779
         603 0.6185997927
         604  1.945830266
         605 0.6454918051
         606 0.5711110753
         607 0.6669753149
         608  3.851057056
         609 0.09138111382
         610 0.2924279698
         611 0.7699468593
         612  3.967466094
         613  3.640473026
         614  2.821998188
         615 0.3925087665
         616  1.525610209
         617  2.284624827
         618  2.841602377
         619  1.802202838
         620  2.012988841
         621  1.559511283
         622 0.3079127794
         623  1.808007629
         624  1.374095149
         625 0.2028641917
         626 0.8382056772
         627  5.678314793
         628  1.000054845
         629 0.5057194956
         630  1.079537617
         631  1.295786237
         632  4.994179407
         633  6.194966253
         634  2.278981007
         635 0.1774111392
         636 0.3908735922
         637 0.4818309251
         638   1.01841173
         639 0.3494769978
         640  2.308869538
         641  2.204562904
         642 0.7354829864
         643  1.209554861
         644  4.671127025
         645  4.920935993
         646  1.324224809
         647  2.001899915
         648 0.6285301568
         649  1.633309064
         650 0.5952965059
         651 0.4426967024
         652 0.4890164308
         653  3.359874812
         654  6.821901801
         655  2.430847431
         656  2.484906611
         657  3.509828296
         658  4.738298353
         659  1.174000028
         660  2.982740544
         661  1.045345302
         662 0.9501667247
         663 0.7178168897
         664  1.444568734
         665  15.56700257
         666  112.9478048
         667  8.172046908
         668 0.09155336771
         669 0.6812293162
         670 0.4315296555
         671  1.618240413
         672  1.959055325
         673  3.004169759
         674   1.59259057
         675 0.8924468778
         676  0.240239237
         677  1.053079742
         678   2.02483812
         679 0.4344308546
         680   1.75529022
         681  3.601985481
         682   1.44352795
         683  2.318445944
         684 0.4367984391
         685  1.525781993
         686 0.7084067269
         687  3.505041221
         688   0.56121144
         689 0.8488239779
         690  0.971548422
         691  0.192801994
         692 0.2554648952
         693 0.1344517206
         694 0.5579451561
         695 0.1977942595
         696 0.1730456683
         697 0.1709120294
         698 0.7024193877
         699  1.470043126
         700 0.6655239844
         701  1.125149117
         702 0.6865406829
         703  2.486599456
         704  1.192340667
         705 0.5037802797
         706  2.509668833
         707  1.582662884
         708  1.651499913
         709  1.836744399
         710 0.3529548849
         711  0.233957837
         712 0.2731085325
         713 0.2669260889
         714  3.957973572
         715  4.695651177
         716 0.5168217642
         717  1.881623596
         718 0.7784469089
         719 0.6820183759
         720  1.663280209
         721 0.3677997928
         722 0.1047333958
         723  2.344214595
         724  1.992510649
         725 0.5956951922
         726  1.603330676
         727  1.871664549
         728  4.860185942
         729 0.7120071742
         730  1.613391384
         731  2.650144712
         732  2.690796612
         733  2.092984409
         734  1.758312066
         735  1.107754058
         736  2.366939131
         737  6.782983283
         738  5.731050845
         739  7.334173249
         740  0.662720345
         741 0.6350541067
         742  0.222699679
         743  1.340693954
         744  2.615216016
         745  4.095147359
         746  1.048440626
         747 0.5916049567
         748 0.7935982699
         749  1.268755729
         750  2.057705816
         751  2.606049563
         752 0.5622731804
         753 0.6950898639
         754  1.410922051
         755  2.674923864
         756 0.4543504872
         757 0.3010681595
         758  1.609193991
         759 0.9453880936
         760  2.133584013
         761  1.140924999
         762  6.479018858
         763  3.537533245
         764  1.269073868
         765 0.3134398853
         766  1.586061068
         767  2.299892513
         768  3.396220871
         769  126.1843644
         770  1.590745627
         771  0.491869773
         772  1.319560187
         773  1.442714472
         774  1.468626832
         775 0.3933172603
         776 0.2955111826
         777 0.5083363918
         778  1.053036802
         779 0.2418018544
         780 0.02276558495
         781 0.0722475934
         782 0.2418493164
         783 0.1484570354
         784 0.8291149588
         785 0.9887989692
         786  2.015965366
         787 0.5262371156
         788  1.091625838
         789 0.4135220594
         790 0.5309941685
         791 0.7216073226
         792 0.04626027197
         793  1.762578831
         794  1.463740871
         795 0.5211022982
         796 0.3994572652
         797 0.1645820313
         798   1.84325356
         799  3.659214642
         800  1.766216174
         801 0.9457137552
         802  1.859725748
         803 0.5812312376
         804  1.780145498
         805  1.123703927
         806  1.523644735
         807   1.23804844
         808  2.468376531
         809  3.800011994
         810 0.3072153579
         811 0.2799066006
         812 0.9430840101
         813  3.538681863
         814 0.5568457888
         815 0.3275987097
         816  2.760741676
         817 0.4645196765
         818 0.4053477934
         819 0.06546208027
         820  1.679389818
         821  0.480404253
         822  4.554443458
         823  3.394008889
         824   2.22664041
         825 0.3488130825
         826 0.6741729883
         827 0.1727860125
         828 0.7741171513
         829  1.402736479
         830  1.559823865
         831 0.4028718008
         832 0.9332916608
         833 0.3351480831
         834  4.949451337
         835  93.61541004
         836  6.936846887
         837  1.698358261
         838  1.081867791
         839 0.6233251976
         840 0.1593915343
         841 0.4009209818
         842 0.7996667003
         843  0.238719584
         844 0.4396554675
         845  1.716363912
         846  2.300960356
         847  5.557067915
         848  3.774843229
         849 0.5987560848
         850   1.07884213
         851 0.4384593511
         852  1.150148991
         853 0.2669196664
         854 0.06705123114
         855 0.3573957396
         856  2.229649206
         857  4.659445387
         858  3.404126535
         859  1.039021491
         860  0.436093326
         861 0.4411735924
         862  1.076058859
         863  6.759831118
         864  4.906388188
         865 0.9578312431
         866 0.5252550042
         867 0.2369505394
         868 0.1954074341
         869   2.44207203
         870 0.04016746089
         871 0.2146015425
         872 0.6854580545
         873 0.2775220772
         874 0.8174216177
         875  2.192866284
         876  4.962488316
         877  82.55909784
         878  8.439530363
         879  1.947191703
         880  1.424607876
         881 0.8112364446
         882 0.8738788489
         883   1.82892851
         884 0.5109683234
         885 0.6942358955
         886  1.135073968
         887   2.29567748
         888 0.3826899421
         889 0.2736240832
         890 0.09518144167
         891  1.169662182
         892  2.366850376
         893  1.131541112
         894 0.2863370576
         895  1.499224492
         896  4.075289905
         897  4.085499817
         898 0.9739540438
         899 0.3770053761
         900 0.4609754172
         901 0.9650232816
         902  1.851991673
         903 0.8358671711
         904  1.091653053
         905  1.609911491
         906 0.5965224158
         907 0.2608296276
         908  1.874549632
         909  1.209541902
         910 0.5174254836
         911 0.08970004263
         912  0.821336189
         913 0.8358837503
         914 0.4399821046
         915  1.384940873
         916 0.9028961586
         917  1.580768562
         918  1.971147514
         919  2.022879744
         920 0.8020399723
         921  2.317247062
         922  3.499626472
         923 0.7854563658
         924  0.113918056
         925 0.1163852715
         926 0.6569869996
         927   1.61561521
         928 0.3348541831
         929 0.3183012094
         930 0.3922775841
         931 0.1422327304
         932  0.995420731
         933 0.6243687252
         934 0.3113072549
         935  0.853653947
         936 0.3833411086
         937 0.3373832147
         938 0.8593810358
         939 0.2802305606
         940  1.075330937
         941  1.766522135
         942  1.958381544
         943  1.293137592
         944  2.358726594
         945  99.77510557
         946  1.082022274
         947 0.8704996404
         948  1.129667147
         949  2.817500518
         950 0.6954509898
         951   1.03820284
         952 0.2391261698
         953 0.6448297801
         954  0.393506519
         955  1.296326703
         956  2.670783359
         957  0.658220589
         958 0.1556944077
         959  1.374724052
         960   1.33194415
         961  2.799894988
         962  1.005382596
         963  1.028451641
         964 0.5037381464
         965 0.1111016978
         966 0.5685883463
         967   1.92519546
         968 0.2019372008
         969 0.4278562929
         970  1.122306524
         971  1.301941932
         972 0.8115807351
         973  0.204759263
         974 0.7938695541
         975 0.3820680627
         976 0.2350176227
         977 0.2838733962
         978 0.6802073762
         979 0.4834065823
         980  1.286002246
         981  8.728236424
         982  108.0437832
         983  8.064099892
         984  1.280471177
         985  2.470896718
         986  3.922452075
         987  4.281604008
         988 0.9030588355
         989  1.556063945
         990  1.813117623
         991 0.5217117064
         992 0.4912711736
         993 0.08257059831
         994 0.3130164781
         995 0.2612027857
         996 0.3145602571
         997   0.37771068
         998 0.5115934692
         999  1.939536922
