         250            0            0            0            0            0            0
         500            0            0            0            0            0            0
         750            0            0            0            0            0            0
        1000        0.029        0.011            0            0            0            0
        1250        0.033        0.025        0.001            0            0            0
        1500        0.035        0.023        0.002            0            0            0
        1750        0.023         0.03        0.002            0            0            0
        2000        0.015        0.031        0.005            0            0            0
        2250         0.01        0.034        0.005            0            0            0
        2500        0.008        0.032        0.008            0            0            0
        2750        0.008        0.031        0.005            0            0            0
        3000        0.006         0.03        0.009            0            0            0
        3250        0.009        0.027         0.01            0            0            0
        3500        0.007        0.023        0.013            0            0            0
        3750        0.004        0.025        0.012            0            0            0
        4000        0.001        0.026        0.015            0            0            0
        4250        0.003        0.024        0.014            0            0            0
        4500        0.001        0.027        0.013            0            0            0
        4750        0.004        0.022        0.015            0            0            0
        5000        0.002        0.022        0.017            0            0            0
        5250        0.003        0.022        0.015            0            0            0
        5500        0.005        0.018        0.017            0            0            0
        5750        0.002        0.022        0.015            0            0            0
        6000        0.004        0.017        0.017            0            0            0
        6250        0.004        0.018        0.017            0            0            0
        6500        0.003        0.019        0.017            0            0            0
        6750            0        0.018         0.02            0            0            0
        7000        0.004        0.017        0.017            0            0            0
        7250        0.004        0.017        0.016            0            0            0
        7500        0.003        0.015        0.019            0            0            0
        7750        0.003        0.012        0.021            0            0            0
        8000        0.002        0.011        0.021            0            0            0
        8250            0        0.007        0.025            0            0            0
        8500        0.001        0.006        0.026            0            0            0
        8750        0.001        0.009        0.022            0            0            0
        9000        0.001        0.009        0.023            0            0            0
        9250            0        0.011        0.021            0            0            0
        9500        0.001        0.011         0.02            0            0            0
        9750        0.001         0.01        0.021            0            0            0
       10000        0.002        0.009        0.022            0            0            0
       10250        0.002        0.008        0.023            0            0            0
       10500        0.001        0.008        0.023            0            0            0
       10750        0.001        0.008        0.023            0            0            0
       11000        0.001        0.005        0.026            0            0            0
       11250            0        0.005        0.026            0            0            0
       11500            0        0.007        0.024            0            0            0
       11750            0        0.008        0.023            0            0            0
       12000            0        0.006        0.024            0            0            0
       12250        0.001        0.005        0.025            0            0            0
       12500            0        0.005        0.025            0            0            0
       12750            0        0.006        0.024            0            0            0
       13000            0        0.004        0.026            0            0            0
       13250            0         0.01         0.02            0            0            0
       13500            0        0.006        0.024            0            0            0
       13750            0        0.008        0.022            0            0            0
       14000        0.001        0.004        0.026            0            0            0
       14250        0.001        0.006        0.023            0            0            0
       14500        0.001        0.005        0.024            0            0            0
       14750        0.001        0.006        0.023            0            0            0
       15000            0        0.004        0.025            0            0            0
       15250            0        0.004        0.025            0            0            0
       15500            0        0.006        0.023            0            0            0
       15750            0        0.002        0.027            0            0            0
       16000            0        0.003        0.026            0            0            0
       16250            0        0.004        0.025            0            0            0
       16500            0        0.006        0.023            0            0            0
       16750            0        0.004        0.025            0            0            0
       17000        0.001        0.003        0.025            0            0            0
       17250            0        0.004        0.025            0            0            0
       17500            0        0.002        0.027            0            0            0
       17750            0        0.004        0.025            0            0            0
       18000        0.001        0.003        0.025            0            0            0
       18250            0        0.005        0.024            0            0            0
       18500        0.001        0.002        0.026            0            0            0
       18750            0        0.003        0.026            0            0            0
       19000        0.001        0.002        0.026            0            0            0
       19250        0.001        0.003        0.025            0            0            0
       19500        0.001        0.002        0.025            0            0            0
       19750            0        0.005        0.023            0            0            0
       20000            0        0.003        0.025            0            0            0
       20250            0        0.003        0.025            0            0            0
       20500            0        0.004        0.024            0            0            0
       20750            0        0.005        0.023            0            0            0
       21000            0        0.002        0.026            0            0            0
       21250            0        0.004        0.024            0            0            0
       21500            0        0.004        0.024            0            0            0
       21750            0        0.004        0.024            0            0            0
       22000            0        0.006        0.022            0            0            0
       22250            0        0.005        0.023            0            0            0
       22500        0.001        0.003        0.024            0            0            0
       22750        0.001        0.005        0.022            0            0            0
       23000            0        0.005        0.023            0            0            0
       23250            0        0.005        0.023            0            0            0
       23500        0.001        0.004        0.023            0            0            0
       23750            0        0.004        0.023            0            0            0
       24000            0        0.003        0.024            0            0            0
       24250        0.001        0.003        0.024            0            0            0
       24500            0        0.004        0.023            0            0            0
       24750        0.002        0.003        0.023            0            0            0
       25000        0.002        0.002        0.024            0            0            0
       25250        0.001        0.002        0.025            0            0            0
       25500        0.001        0.001        0.025            0            0            0
       25750        0.001        0.001        0.025            0            0            0
       26000        0.001        0.003        0.023            0            0            0
       26250            0        0.001        0.025            0            0            0
       26500            0        0.001        0.025            0            0            0
       26750            0        0.003        0.023            0            0            0
       27000            0        0.003        0.023            0            0            0
       27250            0        0.003        0.023            0            0            0
       27500            0        0.001        0.025            0            0            0
       27750            0        0.001        0.025            0            0            0
       28000            0        0.002        0.024            0            0            0
       28250            0        0.002        0.024            0            0            0
       28500            0        0.001        0.025            0            0            0
       28750            0        0.002        0.024            0            0            0
       29000            0        0.002        0.024            0            0            0
       29250            0        0.001        0.025            0            0            0
       29500            0        0.002        0.024            0            0            0
       29750            0        0.001        0.025            0            0            0
       30000        0.002        0.001        0.024            0            0            0
       30250            0        0.002        0.023        0.001            0            0
       30500            0        0.003        0.023            0            0            0
       30750            0        0.002        0.024            0            0            0
       31000            0        0.001        0.025            0            0            0
       31250            0        0.002        0.024            0            0            0
       31500            0        0.001        0.025            0            0            0
       31750            0        0.001        0.025            0            0            0
       32000        0.001        0.001        0.025            0            0            0
       32250            0        0.001        0.025            0            0            0
       32500            0        0.002        0.024            0            0            0
       32750            0        0.002        0.024            0            0            0
       33000            0        0.001        0.025            0            0            0
       33250            0        0.002        0.024            0            0            0
       33500            0        0.003        0.023            0            0            0
       33750            0        0.001        0.025            0            0            0
       34000            0        0.001        0.025            0            0            0
       34250            0        0.001        0.025            0            0            0
       34500            0        0.002        0.024            0            0            0
       34750            0            0        0.025        0.001            0            0
       35000            0        0.001        0.025            0            0            0
       35250            0        0.001        0.025            0            0            0
       35500            0        0.002        0.024            0            0            0
       35750            0        0.001        0.025            0            0            0
       36000            0        0.002        0.024            0            0            0
       36250            0        0.001        0.025            0            0            0
       36500            0        0.001        0.025            0            0            0
       36750        0.001        0.001        0.023        0.001            0            0
       37000        0.002            0        0.024            0            0            0
       37250        0.001        0.001        0.023        0.001            0            0
       37500        0.001            0        0.024            0            0            0
       37750        0.001            0        0.024            0            0            0
       38000        0.001            0        0.023        0.001            0            0
       38250            0            0        0.024            0            0            0
       38500            0        0.001        0.024            0            0            0
       38750            0        0.001        0.023            0            0            0
       39000            0            0        0.023        0.001            0            0
       39250            0        0.002        0.023            0            0            0
       39500            0        0.001        0.023            0            0            0
       39750        0.001            0        0.022        0.002            0            0
       40000            0        0.001        0.023        0.001            0            0
       40250            0        0.001        0.023            0            0            0
       40500            0            0        0.024            0            0            0
       40750            0        0.001        0.022        0.001            0            0
       41000            0        0.001        0.023            0            0            0
       41250            0        0.001        0.023            0            0            0
       41500            0        0.001        0.023            0            0            0
       41750            0            0        0.023        0.001            0            0
       42000        0.001            0        0.022        0.001            0            0
       42250        0.001        0.001        0.021        0.001            0            0
       42500        0.001            0        0.023            0            0            0
       42750        0.001            0        0.023            0            0            0
       43000        0.001            0         0.02        0.003            0            0
       43250            0            0        0.022        0.001            0            0
       43500            0            0         0.02        0.003            0            0
       43750            0            0        0.023            0            0            0
       44000            0            0        0.023            0            0            0
       44250            0            0        0.023            0            0            0
       44500            0            0        0.022        0.001            0            0
       44750            0            0        0.022        0.001            0            0
       45000            0            0        0.023            0            0            0
       45250        0.001            0        0.023            0            0            0
       45500            0        0.001        0.022            0            0            0
       45750            0            0        0.022        0.001            0            0
       46000            0        0.001        0.022            0            0            0
       46250            0        0.001        0.022            0            0            0
 46499.99999            0        0.001        0.022            0            0            0
 46749.99999            0        0.001        0.021        0.001            0            0
 46999.99999            0            0        0.023            0            0            0
 47249.99999            0            0        0.021        0.002            0            0
 47499.99999            0        0.001        0.022            0            0            0
 47749.99999        0.001        0.001        0.021            0            0            0
 47999.99999            0        0.001         0.02        0.002            0            0
 48249.99999            0        0.002        0.019        0.002            0            0
 48499.99999            0        0.001        0.022            0            0            0
 48749.99999            0            0        0.023            0            0            0
 48999.99999            0        0.001        0.021        0.001            0            0
 49249.99999            0        0.002         0.02        0.001            0            0
 49499.99999            0            0        0.023            0            0            0
 49749.99999            0            0        0.022        0.001            0            0
 49999.99999            0            0        0.023            0            0            0
 50249.99999            0            0        0.023            0            0            0
 50499.99999            0            0        0.023            0            0            0
 50749.99999            0            0        0.023            0            0            0
 50999.99999            0            0        0.022        0.001            0            0
 51249.99999            0            0        0.022        0.001            0            0
 51499.99999            0            0        0.023            0            0            0
 51749.99999            0        0.002        0.021            0            0            0
 51999.99999            0        0.001         0.02        0.002            0            0
 52249.99999            0        0.001        0.021        0.001            0            0
 52499.99999            0        0.002        0.019        0.002            0            0
 52749.99999        0.002            0        0.021        0.001            0            0
 52999.99999            0        0.001        0.022            0            0            0
 53249.99999            0        0.002        0.021            0            0            0
 53499.99999            0            0        0.022        0.001            0            0
 53749.99999            0        0.002         0.02        0.001            0            0
 53999.99999        0.001            0        0.021        0.001            0            0
 54249.99999            0        0.001         0.02        0.002            0            0
 54499.99999            0        0.002        0.019        0.002            0            0
 54749.99999            0        0.001        0.022            0            0            0
 54999.99999            0        0.001         0.02        0.002            0            0
 55249.99999            0        0.001        0.022            0            0            0
 55499.99999            0        0.002        0.021            0            0            0
 55749.99999            0        0.001         0.02        0.002            0            0
 55999.99999            0        0.002        0.021            0            0            0
 56249.99999        0.001        0.001        0.021            0            0            0
 56499.99999        0.001        0.001         0.02        0.001            0            0
 56749.99999            0        0.001        0.022            0            0            0
 56999.99999            0        0.001        0.022            0            0            0
 57249.99999        0.002        0.001         0.02        0.001            0            0
 57499.99999        0.001        0.001         0.02        0.001            0            0
 57749.99999            0        0.001         0.02        0.001            0            0
 57999.99999            0            0        0.021        0.001            0            0
 58249.99999        0.001            0        0.022            0            0            0
 58499.99999        0.001            0         0.02        0.002            0            0
 58749.99999            0        0.001         0.02        0.001            0            0
 58999.99999            0        0.001        0.019        0.002            0            0
 59249.99999            0            0        0.021        0.001            0            0
 59499.99999            0        0.001        0.018        0.003            0            0
 59749.99999            0        0.001         0.02        0.001            0            0
 59999.99999            0        0.001         0.02        0.001            0            0
 60249.99999            0            0         0.02        0.002            0            0
 60499.99999            0            0        0.021        0.001            0            0
 60749.99999            0            0        0.021        0.001            0            0
 60999.99999            0            0        0.022            0            0            0
 61249.99999            0            0        0.021        0.001            0            0
 61499.99999            0            0        0.019        0.003            0            0
 61749.99999        0.001        0.001        0.019        0.002            0            0
 61999.99999            0        0.001        0.019        0.002            0            0
 62249.99999            0            0        0.019        0.003            0            0
 62499.99999        0.001        0.001        0.021            0            0            0
 62749.99999            0        0.001         0.02        0.001            0            0
 62999.99999        0.001            0        0.019        0.002            0            0
 63249.99999        0.001            0        0.019        0.002            0            0
 63499.99999            0            0        0.019        0.002            0            0
 63749.99999        0.002            0         0.02        0.001            0            0
 63999.99999        0.001            0         0.02        0.001            0            0
 64249.99999            0            0         0.02        0.001            0            0
 64499.99999            0            0        0.019        0.002            0            0
 64749.99999            0            0        0.019        0.002            0            0
 64999.99999        0.001            0         0.02        0.001            0            0
 65249.99999            0            0         0.02        0.001            0            0
 65499.99999            0            0         0.02        0.001            0            0
 65749.99999            0            0         0.02        0.001            0            0
 65999.99999            0            0         0.02        0.001            0            0
 66249.99999            0            0         0.02        0.001            0            0
 66499.99999            0            0        0.019        0.002            0            0
 66749.99999            0            0        0.019        0.002            0            0
 66999.99999            0            0        0.018        0.003            0            0
 67249.99999            0            0        0.019        0.002            0            0
 67499.99999        0.001            0        0.019        0.002            0            0
 67749.99999            0            0        0.019        0.002            0            0
 67999.99999            0            0        0.021            0            0            0
 68249.99999            0            0         0.02        0.001            0            0
 68499.99999            0            0        0.021            0            0            0
 68749.99999            0            0        0.019        0.002            0            0
 68999.99999            0            0         0.02        0.001            0            0
 69249.99999            0            0         0.02        0.001            0            0
 69499.99999            0            0        0.019        0.002            0            0
 69749.99999            0            0         0.02        0.001            0            0
 69999.99999            0            0        0.018        0.003            0            0
 70249.99999            0            0         0.02        0.001            0            0
 70499.99999            0            0         0.02        0.001            0            0
 70749.99999            0            0        0.019        0.002            0            0
 70999.99999            0            0        0.019        0.002            0            0
 71249.99999            0            0         0.02        0.001            0            0
 71499.99999            0            0         0.02        0.001            0            0
 71749.99999            0            0        0.021            0            0            0
 71999.99999            0            0        0.018        0.003            0            0
 72249.99999            0            0         0.02        0.001            0            0
 72499.99999            0            0         0.02        0.001            0            0
 72749.99999            0            0         0.02        0.001            0            0
 72999.99999            0            0        0.019        0.002            0            0
 73249.99999        0.001            0        0.018        0.003            0            0
 73499.99999            0            0        0.019        0.002            0            0
 73749.99999            0            0        0.019        0.002            0            0
 73999.99999            0            0        0.021            0            0            0
 74249.99999            0            0        0.019        0.002            0            0
 74499.99999            0            0         0.02        0.001            0            0
 74749.99999            0            0        0.019        0.002            0            0
 74999.99999            0            0         0.02        0.001            0            0
 75249.99999            0            0         0.02        0.001            0            0
 75499.99999            0            0         0.02        0.001            0            0
 75749.99999            0            0        0.019        0.002            0            0
 75999.99999            0            0        0.019        0.002            0            0
 76249.99999            0            0        0.019        0.002            0            0
       76500            0            0         0.02        0.001            0            0
       76750            0            0        0.018        0.003            0            0
       77000            0            0        0.019        0.002            0            0
       77250            0            0        0.019        0.002            0            0
       77500            0            0        0.018        0.003            0            0
       77750            0            0        0.018        0.003            0            0
       78000            0            0        0.017        0.004            0            0
       78250            0            0        0.019        0.002            0            0
       78500            0            0        0.019        0.002            0            0
       78750            0            0        0.019        0.002            0            0
       79000            0            0        0.019        0.002            0            0
       79250            0            0        0.019        0.002            0            0
       79500            0            0        0.019        0.002            0            0
       79750            0            0        0.019        0.002            0            0
       80000            0            0         0.02        0.001            0            0
       80250            0            0         0.02        0.001            0            0
       80500        0.001            0        0.021            0            0            0
       80750            0            0        0.017        0.004            0            0
       81000            0            0        0.018        0.003            0            0
       81250            0            0        0.019        0.002            0            0
       81500            0            0        0.019        0.002            0            0
       81750            0            0        0.019        0.002            0            0
       82000            0            0         0.02        0.001            0            0
       82250            0            0        0.019        0.002            0            0
       82500        0.001            0        0.019        0.002            0            0
       82750            0            0        0.019        0.002            0            0
       83000            0            0        0.018        0.003            0            0
       83250            0            0        0.019        0.002            0            0
       83500        0.001            0         0.02        0.001            0            0
       83750            0            0        0.019        0.002            0            0
       84000            0            0        0.018        0.003            0            0
       84250            0            0         0.02        0.001            0            0
       84500            0            0        0.019        0.002            0            0
       84750            0            0        0.017        0.004            0            0
       85000            0            0        0.019        0.002            0            0
       85250            0            0        0.019        0.002            0            0
       85500            0            0         0.02        0.001            0            0
       85750            0            0        0.018        0.003            0            0
       86000            0            0         0.02        0.001            0            0
       86250            0            0         0.02        0.001            0            0
       86500            0            0        0.019        0.002            0            0
       86750            0            0        0.018        0.003            0            0
 87000.00001        0.001            0        0.019        0.002            0            0
 87250.00001            0            0        0.019        0.002            0            0
 87500.00001            0            0        0.018        0.003            0            0
 87750.00001            0            0        0.019        0.002            0            0
 88000.00001            0            0         0.02        0.001            0            0
 88250.00001            0            0        0.019        0.002            0            0
 88500.00001        0.002            0        0.019        0.002            0            0
 88750.00001            0            0        0.019        0.002            0            0
 89000.00001            0            0        0.019        0.002            0            0
 89250.00001            0            0        0.018        0.003            0            0
 89500.00001            0        0.001        0.017        0.003            0            0
 89750.00001            0        0.001        0.018        0.002            0            0
 90000.00001            0        0.001        0.019        0.001            0            0
 90250.00001            0        0.001        0.018        0.002            0            0
 90500.00001            0        0.001        0.018        0.002            0            0
 90750.00001        0.002            0        0.018        0.002            0            0
 91000.00001            0            0         0.02            0            0            0
 91250.00001        0.002            0        0.019        0.001            0            0
 91500.00001        0.002            0        0.018        0.002            0            0
 91750.00001            0            0        0.018        0.002            0            0
 92000.00001        0.001            0        0.019        0.001            0            0
 92250.00001        0.001            0        0.018        0.002            0            0
 92500.00001        0.001            0        0.019        0.001            0            0
 92750.00001        0.002            0        0.018        0.002            0            0
 93000.00001            0        0.001         0.02            0            0            0
 93250.00001        0.001            0        0.018        0.002            0            0
 93500.00001        0.001            0        0.019        0.001            0            0
 93750.00001        0.001            0        0.019        0.001            0            0
 94000.00001        0.002            0        0.017        0.003            0            0
 94250.00001            0            0        0.017        0.003            0            0
 94500.00001            0            0        0.016        0.004            0            0
 94750.00001        0.001            0        0.017        0.003            0            0
 95000.00001        0.001            0        0.016        0.004            0            0
 95250.00001            0            0        0.016        0.004            0            0
 95500.00001        0.001            0        0.017        0.003            0            0
 95750.00001            0            0        0.016        0.004            0            0
 96000.00001        0.002            0        0.018        0.002            0            0
 96250.00001            0            0        0.017        0.003            0            0
 96500.00001            0            0        0.017        0.003            0            0
 96750.00001            0            0        0.019        0.001            0            0
 97000.00001            0            0        0.018        0.002            0            0
 97250.00001        0.001            0        0.015        0.005            0            0
 97500.00001            0            0        0.018        0.002            0            0
 97750.00002            0            0        0.017        0.003            0            0
 98000.00002            0            0        0.017        0.003            0            0
 98250.00002        0.001            0        0.018        0.002            0            0
 98500.00002            0            0        0.018        0.002            0            0
 98750.00002            0            0        0.017        0.003            0            0
 99000.00002            0            0        0.017        0.003            0            0
 99250.00002        0.001            0        0.017        0.003            0            0
 99500.00002        0.001            0        0.018        0.002            0            0
 99750.00002            0            0        0.018        0.002            0            0
      100000            0            0        0.019        0.001            0            0
      100250            0            0        0.018        0.002            0            0
      100500            0            0        0.016        0.004            0            0
      100750        0.001            0        0.017        0.003            0            0
      101000        0.002            0        0.018        0.002            0            0
      101250        0.001            0        0.018        0.002            0            0
      101500        0.002            0        0.017        0.003            0            0
      101750        0.001            0        0.019        0.001            0            0
      102000            0            0        0.016        0.004            0            0
      102250            0            0        0.017        0.003            0            0
      102500        0.001            0        0.018        0.002            0            0
      102750        0.001            0        0.019        0.001            0            0
      103000            0            0        0.016        0.004            0            0
      103250            0            0        0.018        0.002            0            0
      103500            0            0        0.017        0.003            0            0
      103750            0            0        0.018        0.002            0            0
      104000            0            0        0.018        0.002            0            0
      104250            0            0        0.019        0.001            0            0
      104500            0            0        0.018        0.002            0            0
      104750            0            0        0.018        0.002            0            0
      105000            0        0.001        0.017        0.002            0            0
      105250            0            0        0.019        0.001            0            0
      105500            0        0.001        0.016        0.003            0            0
      105750            0            0        0.018        0.002            0            0
      106000            0            0        0.016        0.004            0            0
      106250            0            0        0.017        0.003            0            0
      106500        0.001            0        0.019        0.001            0            0
      106750            0            0        0.016        0.004            0            0
      107000        0.001            0        0.017        0.003            0            0
      107250            0            0        0.017        0.003            0            0
      107500            0            0        0.017        0.003            0            0
      107750        0.003            0        0.018        0.002            0            0
      108000            0            0        0.018        0.002            0            0
      108250            0            0        0.018        0.002            0            0
      108500            0            0        0.017        0.003            0            0
      108750            0            0        0.018        0.002            0            0
      109000            0            0        0.018        0.002            0            0
      109250            0            0        0.017        0.003            0            0
      109500            0        0.001        0.015        0.004            0            0
      109750        0.001            0        0.018        0.002            0            0
      110000        0.001            0        0.018        0.002            0            0
      110250            0            0        0.018        0.002            0            0
      110500            0            0        0.017        0.003            0            0
      110750            0            0        0.017        0.003            0            0
      111000        0.001            0        0.016        0.004            0            0
      111250            0            0        0.016        0.004            0            0
      111500            0            0        0.018        0.002            0            0
      111750            0            0        0.018        0.002            0            0
      112000            0            0        0.019        0.001            0            0
      112250            0            0        0.019        0.001            0            0
      112500            0            0        0.017        0.003            0            0
      112750            0            0        0.017        0.003            0            0
      113000            0            0        0.017        0.003            0            0
      113250            0            0        0.018        0.002            0            0
      113500            0            0        0.017        0.003            0            0
      113750            0        0.001        0.016        0.003            0            0
      114000            0        0.001        0.017        0.002            0            0
      114250            0        0.001        0.016        0.003            0            0
      114500            0        0.001        0.016        0.003            0            0
      114750            0        0.002        0.015        0.003            0            0
      115000            0        0.001        0.016        0.003            0            0
      115250            0        0.001        0.017        0.002            0            0
      115500            0            0        0.019        0.001            0            0
      115750            0            0        0.018        0.002            0            0
      116000            0            0        0.016        0.004            0            0
      116250            0            0        0.016        0.004            0            0
      116500        0.001            0        0.016        0.003            0            0
      116750            0        0.001        0.016        0.003            0            0
      117000            0        0.001        0.015        0.004            0            0
      117250            0        0.001        0.016        0.003            0            0
      117500        0.001        0.001        0.018        0.001            0            0
      117750            0        0.001        0.015        0.004            0            0
      118000        0.001        0.002        0.015        0.003            0            0
      118250            0            0        0.016        0.004            0            0
      118500            0            0        0.017        0.003            0            0
      118750            0            0        0.016        0.004            0            0
      119000            0            0        0.015        0.005            0            0
      119250            0            0        0.017        0.003            0            0
      119500            0        0.001        0.016        0.003            0            0
      119750        0.001            0        0.016        0.004            0            0
      120000            0        0.002        0.017        0.002            0            0
      120250            0            0        0.019        0.001            0            0
      120500            0            0        0.014        0.006            0            0
      120750            0            0        0.016        0.004            0            0
      121000            0        0.001        0.017        0.002            0            0
      121250            0        0.001        0.016        0.003            0            0
      121500            0        0.001        0.016        0.003            0            0
      121750        0.001            0        0.017        0.003            0            0
      122000            0            0        0.017        0.003            0            0
      122250            0            0        0.016        0.004            0            0
      122500            0            0        0.016        0.004            0            0
      122750            0            0        0.017        0.003            0            0
      123000            0            0        0.016        0.004            0            0
      123250            0            0        0.018        0.002            0            0
      123500            0            0        0.018        0.002            0            0
      123750        0.001            0        0.016        0.004            0            0
      124000            0        0.001        0.016        0.003            0            0
      124250            0            0        0.016        0.004            0            0
      124500            0        0.001        0.017        0.002            0            0
      124750            0            0        0.017        0.003            0            0
      125000            0        0.001        0.017        0.002            0            0
      125250            0        0.002        0.015        0.003            0            0
      125500            0            0        0.018        0.002            0            0
      125750            0            0        0.017        0.003            0            0
      126000            0            0        0.018        0.002            0            0
      126250            0            0        0.018        0.002            0            0
      126500        0.001            0        0.017        0.003            0            0
      126750            0            0        0.016        0.004            0            0
      127000            0        0.001        0.015        0.004            0            0
      127250            0            0        0.016        0.004            0            0
      127500            0            0        0.016        0.004            0            0
      127750            0            0        0.017        0.003            0            0
      128000            0            0        0.018        0.002            0            0
      128250            0            0        0.015        0.005            0            0
      128500            0            0        0.017        0.003            0            0
      128750            0            0        0.016        0.004            0            0
      129000            0        0.001        0.016        0.003            0            0
      129250            0            0        0.016        0.004            0            0
      129500            0            0        0.017        0.003            0            0
      129750            0            0        0.016        0.004            0            0
      130000            0            0        0.017        0.003            0            0
      130250            0            0        0.017        0.003            0            0
      130500            0            0        0.017        0.003            0            0
      130750            0            0        0.016        0.004            0            0
      131000            0            0        0.017        0.003            0            0
      131250            0        0.001        0.016        0.003            0            0
      131500            0            0        0.016        0.004            0            0
      131750            0            0        0.016        0.004            0            0
      132000            0            0        0.017        0.003            0            0
      132250            0            0        0.018        0.002            0            0
      132500            0        0.001        0.015        0.004            0            0
      132750            0            0        0.016        0.004            0            0
      133000        0.002            0        0.016        0.004            0            0
      133250        0.001        0.001        0.015        0.004            0            0
      133500            0        0.001        0.016        0.003            0            0
      133750            0        0.001        0.014        0.005            0            0
      134000            0            0        0.016        0.004            0            0
      134250            0        0.002        0.014        0.004            0            0
      134500            0            0        0.018        0.002            0            0
      134750            0        0.001        0.016        0.003            0            0
      135000        0.002        0.001        0.015        0.004            0            0
      135250            0        0.001        0.015        0.004            0            0
 135500.0001        0.001        0.001        0.015        0.004            0            0
 135750.0001            0        0.001        0.016        0.003            0            0
 136000.0001            0        0.001        0.016        0.003            0            0
 136250.0001            0            0        0.018        0.002            0            0
 136500.0001        0.001        0.001        0.016        0.003            0            0
 136750.0001        0.001        0.002        0.015        0.003            0            0
 137000.0001            0        0.001        0.016        0.003            0            0
 137250.0001            0        0.002        0.014        0.004            0            0
 137500.0001        0.001        0.002        0.015        0.003            0            0
 137750.0001            0            0        0.017        0.003            0            0
 138000.0001            0        0.002        0.013        0.005            0            0
 138250.0001            0        0.001        0.017        0.002            0            0
 138500.0001            0        0.002        0.015        0.003            0            0
 138750.0001            0        0.001        0.015        0.004            0            0
 139000.0001        0.002            0        0.015        0.004            0            0
 139250.0001            0        0.001        0.013        0.006            0            0
 139500.0001        0.001        0.001        0.017        0.002            0            0
 139750.0001        0.002        0.001        0.017        0.002            0            0
 140000.0001            0        0.003        0.014        0.003            0            0
 140250.0001            0        0.001        0.013        0.006            0            0
 140500.0001        0.002            0        0.015        0.004            0            0
 140750.0001            0            0        0.015        0.004            0            0
 141000.0001        0.001        0.001        0.015        0.003            0            0
 141250.0001            0        0.001        0.013        0.005            0            0
 141500.0001        0.001        0.001        0.015        0.003            0            0
 141750.0001        0.001        0.001        0.015        0.003            0            0
 142000.0001            0        0.001        0.016        0.002            0            0
 142250.0001            0        0.001        0.014        0.004            0            0
 142500.0001        0.001        0.001        0.014        0.004            0            0
 142750.0001            0        0.001        0.013        0.005            0            0
 143000.0001            0            0        0.016        0.003            0            0
 143250.0001            0        0.001        0.015        0.003            0            0
 143500.0001            0            0        0.015        0.004            0            0
 143750.0001            0            0        0.015        0.004            0            0
 144000.0001        0.002            0        0.015        0.004            0            0
 144250.0001            0        0.001        0.014        0.004            0            0
 144500.0001            0            0        0.016        0.003            0            0
 144750.0001            0            0        0.014        0.005            0            0
 145000.0001            0        0.001        0.016        0.002            0            0
 145250.0001        0.001            0        0.017        0.002            0            0
 145500.0001        0.001        0.003        0.014        0.002            0            0
 145750.0001        0.001        0.001        0.015        0.003            0            0
 146000.0001        0.001            0        0.013        0.005            0            0
 146250.0001            0            0        0.014        0.004            0            0
 146500.0001        0.001            0        0.015        0.003            0            0
 146750.0001            0        0.001        0.014        0.003            0            0
 147000.0001        0.002            0        0.015        0.003            0            0
 147250.0001        0.001        0.002        0.012        0.005            0            0
 147500.0001            0        0.002        0.013        0.004            0            0
 147750.0001        0.001            0        0.015        0.003            0            0
 148000.0001            0            0        0.014        0.004            0            0
 148250.0001            0        0.001        0.015        0.003            0            0
 148500.0001        0.001            0        0.017        0.002            0            0
 148750.0001            0            0        0.016        0.003            0            0
 149000.0001        0.001            0        0.014        0.005            0            0
 149250.0001        0.001            0        0.017        0.002            0            0
 149500.0001            0            0        0.015        0.004            0            0
 149750.0001        0.003            0        0.013        0.005            0            0
 150000.0001            0        0.001        0.013        0.005            0            0
 150250.0001        0.001        0.001        0.015        0.003            0            0
 150500.0001            0            0        0.015        0.003            0            0
 150750.0001        0.002            0        0.016        0.002            0            0
 151000.0001        0.001        0.001        0.015        0.002            0            0
 151250.0001        0.001            0        0.014        0.004            0            0
 151500.0001        0.001        0.001        0.015        0.003            0            0
 151750.0001        0.001        0.002        0.015        0.002            0            0
 152000.0001        0.001        0.001        0.013        0.005            0            0
 152250.0001            0        0.002        0.011        0.006            0            0
 152500.0001        0.001        0.001        0.012        0.005            0            0
 152750.0001        0.002        0.001        0.013        0.004            0            0
 153000.0001        0.001        0.001        0.014        0.004            0            0
 153250.0001        0.001        0.001        0.012        0.005            0            0
 153500.0001            0        0.003        0.012        0.004            0            0
 153750.0001        0.004        0.001        0.012        0.005            0            0
 154000.0001        0.001        0.002        0.014        0.003            0            0
 154250.0001            0        0.002        0.013        0.004            0            0
 154500.0001            0        0.001        0.015        0.003            0            0
 154750.0001            0        0.002        0.012        0.004            0            0
 155000.0001        0.002        0.002        0.013        0.003            0            0
 155250.0001            0            0        0.016        0.002            0            0
 155500.0001        0.001        0.001        0.013        0.004            0            0
 155750.0001        0.002        0.001        0.011        0.006            0            0
 156000.0001            0        0.001        0.013        0.004            0            0
 156250.0001            0        0.002        0.014        0.003            0            0
 156500.0001            0        0.001        0.013        0.004            0            0
 156750.0001        0.002        0.001        0.014        0.003            0            0
 157000.0001        0.002        0.002        0.009        0.007            0            0
 157250.0001        0.001        0.002        0.011        0.005            0            0
 157500.0001        0.002        0.002        0.012        0.004            0            0
 157750.0001        0.001        0.001        0.013        0.004            0            0
 158000.0001        0.001        0.001        0.012        0.005            0            0
 158250.0001        0.002            0        0.012        0.006            0            0
 158500.0001        0.002        0.001         0.01        0.007            0            0
 158750.0001            0        0.001        0.014        0.003            0            0
 159000.0001            0        0.002        0.011        0.006            0            0
 159250.0001        0.002            0        0.013        0.005            0            0
 159500.0001            0        0.002        0.013        0.004            0            0
 159750.0001        0.002        0.001        0.011        0.006            0            0
 160000.0001        0.001        0.001        0.013        0.004            0            0
 160250.0001            0        0.001        0.012        0.005            0            0
 160500.0001        0.001        0.002        0.011        0.005            0            0
 160750.0001            0        0.001        0.012        0.005            0            0
 161000.0001            0        0.001        0.012        0.005            0            0
 161250.0001            0        0.001        0.013        0.004            0            0
 161500.0001            0            0        0.013        0.005            0            0
 161750.0001            0            0        0.014        0.004            0            0
 162000.0001        0.001        0.001        0.012        0.005            0            0
 162250.0001        0.001            0        0.012        0.005            0            0
 162500.0001            0        0.001        0.013        0.004            0            0
 162750.0001        0.001            0        0.014        0.004            0            0
 163000.0001            0        0.001        0.013        0.004            0            0
 163250.0001            0        0.001        0.012        0.005            0            0
 163500.0001            0        0.001        0.013        0.004            0            0
 163750.0001            0        0.001        0.012        0.005            0            0
 164000.0001        0.001        0.001        0.012        0.005            0            0
 164250.0001        0.002            0        0.012        0.005            0            0
 164500.0001            0            0        0.012        0.005            0            0
 164750.0001        0.001            0        0.012        0.005            0            0
 165000.0001            0            0        0.011        0.006            0            0
 165250.0001            0            0        0.012        0.005            0            0
 165500.0001            0            0        0.012        0.005            0            0
 165750.0001            0            0        0.012        0.005            0            0
 166000.0001        0.001            0        0.013        0.004            0            0
 166250.0001            0            0        0.011        0.006            0            0
 166500.0001            0            0         0.01        0.007            0            0
 166750.0001        0.001            0        0.012        0.005            0            0
 167000.0001        0.001            0        0.011        0.006            0            0
 167250.0001            0            0        0.009        0.008            0            0
 167500.0001            0            0        0.009        0.008            0            0
 167750.0001        0.001            0         0.01        0.007            0            0
 168000.0001            0            0        0.011        0.006            0            0
 168250.0001            0            0        0.008        0.009            0            0
 168500.0001        0.001            0         0.01        0.007            0            0
 168750.0001        0.001            0         0.01        0.007            0            0
 169000.0001        0.001            0         0.01        0.007            0            0
 169250.0001        0.001            0        0.012        0.005            0            0
 169500.0001        0.001            0        0.011        0.006            0            0
 169750.0001        0.001            0        0.011        0.006            0            0
 170000.0001        0.001            0        0.011        0.006            0            0
 170250.0001            0            0        0.011        0.006            0            0
 170500.0001            0            0        0.013        0.004            0            0
 170750.0001        0.001            0        0.011        0.006            0            0
 171000.0001            0            0        0.009        0.008            0            0
 171250.0001            0            0        0.011        0.006            0            0
 171500.0001            0            0        0.011        0.006            0            0
 171750.0001            0            0        0.012        0.005            0            0
 172000.0001            0            0         0.01        0.007            0            0
 172250.0001            0            0        0.011        0.006            0            0
 172500.0001            0            0        0.011        0.006            0            0
 172750.0001            0            0        0.011        0.006            0            0
 173000.0001        0.001            0        0.011        0.006            0            0
 173250.0001            0            0        0.011        0.006            0            0
 173500.0001            0            0        0.009        0.008            0            0
 173750.0001            0            0         0.01        0.007            0            0
 174000.0001            0            0        0.011        0.006            0            0
 174250.0001            0            0        0.011        0.006            0            0
 174500.0001        0.001        0.001        0.009        0.007            0            0
 174750.0001            0            0         0.01        0.007            0            0
 175000.0001            0            0        0.011        0.006            0            0
 175250.0001        0.001            0        0.014        0.003            0            0
 175500.0001            0            0         0.01        0.007            0            0
 175750.0001        0.001            0        0.011        0.006            0            0
 176000.0001        0.001            0         0.01        0.007            0            0
 176250.0001        0.001            0        0.011        0.006            0            0
 176500.0001            0            0        0.009        0.008            0            0
 176750.0001        0.001            0        0.012        0.005            0            0
 177000.0001        0.001            0        0.011        0.006            0            0
 177250.0001            0            0        0.011        0.006            0            0
 177500.0001            0            0        0.009        0.008            0            0
 177750.0001            0            0         0.01        0.007            0            0
 178000.0001            0            0         0.01        0.007            0            0
 178250.0001            0            0         0.01        0.007            0            0
 178500.0001            0            0        0.012        0.005            0            0
 178750.0001            0            0         0.01        0.007            0            0
 179000.0001        0.001            0         0.01        0.007            0            0
 179250.0001            0            0        0.011        0.006            0            0
 179500.0001        0.001            0         0.01        0.007            0            0
 179750.0001        0.002            0        0.009        0.008            0            0
 180000.0001        0.002            0        0.009        0.008            0            0
 180250.0001            0            0         0.01        0.007            0            0
 180500.0001            0            0        0.011        0.006            0            0
 180750.0001        0.001            0        0.011        0.006            0            0
 181000.0001        0.001            0        0.011        0.006            0            0
 181250.0001            0            0         0.01        0.007            0            0
 181500.0001            0            0         0.01        0.007            0            0
 181750.0001            0            0        0.009        0.008            0            0
 182000.0001        0.002            0        0.008        0.009            0            0
 182250.0001        0.001            0        0.011        0.006            0            0
 182500.0001            0            0        0.012        0.005            0            0
 182750.0001            0            0        0.008        0.009            0            0
 183000.0001        0.001            0        0.009        0.008            0            0
 183250.0001            0            0         0.01        0.007            0            0
 183500.0001            0            0        0.011        0.006            0            0
 183750.0001            0            0         0.01        0.007            0            0
 184000.0001            0            0        0.011        0.006            0            0
 184250.0001        0.001            0         0.01        0.007            0            0
 184500.0001        0.001            0        0.009        0.008            0            0
 184750.0001            0            0        0.011        0.006            0            0
 185000.0001            0            0         0.01        0.007            0            0
 185250.0001            0            0         0.01        0.007            0            0
 185500.0001            0            0        0.011        0.006            0            0
 185750.0001        0.001            0        0.011        0.006            0            0
 186000.0001            0            0        0.009        0.008            0            0
 186250.0001            0            0        0.009        0.008            0            0
 186500.0001            0            0        0.011        0.006            0            0
 186750.0001        0.001            0        0.009        0.008            0            0
 187000.0001        0.001            0         0.01        0.007            0            0
 187250.0001        0.001            0        0.011        0.006            0            0
 187500.0001            0            0        0.012        0.005            0            0
 187750.0001            0            0         0.01        0.007            0            0
 188000.0001            0            0        0.011        0.006            0            0
 188250.0001            0            0         0.01        0.007            0            0
 188500.0001            0            0        0.009        0.008            0            0
 188750.0001        0.001            0         0.01        0.007            0            0
 189000.0001            0            0        0.011        0.006            0            0
 189250.0001            0            0        0.011        0.006            0            0
 189500.0001            0            0        0.012        0.005            0            0
 189750.0001        0.001            0        0.009        0.008            0            0
 190000.0001        0.002            0        0.012        0.005            0            0
 190250.0001            0            0        0.012        0.005            0            0
 190500.0001            0            0        0.011        0.006            0            0
 190750.0001            0            0        0.012        0.005            0            0
 191000.0001            0            0        0.011        0.006            0            0
 191250.0001            0            0         0.01        0.007            0            0
 191500.0001            0        0.001        0.009        0.007            0            0
 191750.0001            0            0         0.01        0.007            0            0
 192000.0001            0            0        0.011        0.006            0            0
 192250.0001            0            0        0.012        0.005            0            0
 192500.0001        0.001            0        0.011        0.006            0            0
 192750.0001            0            0         0.01        0.007            0            0
 193000.0001        0.001            0        0.009        0.008            0            0
 193250.0001        0.001            0         0.01        0.007            0            0
 193500.0001        0.001            0        0.012        0.005            0            0
 193750.0001            0            0        0.011        0.006            0            0
 194000.0001        0.001            0        0.013        0.004            0            0
 194250.0001        0.001            0        0.011        0.006            0            0
 194500.0001        0.001            0        0.009        0.008            0            0
 194750.0001            0            0        0.011        0.006            0            0
 195000.0001            0            0        0.012        0.005            0            0
 195250.0001            0            0        0.011        0.006            0            0
 195500.0001            0        0.001        0.009        0.007            0            0
 195750.0001            0        0.001         0.01        0.006            0            0
 196000.0001            0        0.001        0.009        0.007            0            0
 196250.0001        0.001        0.001        0.009        0.007            0            0
 196500.0001            0            0         0.01        0.007            0            0
 196750.0001            0            0         0.01        0.007            0            0
 197000.0001            0        0.001        0.008        0.008            0            0
 197250.0001            0            0        0.011        0.006            0            0
 197500.0001            0        0.001        0.009        0.007            0            0
 197750.0001        0.002        0.001        0.011        0.005            0            0
 198000.0001            0        0.001        0.012        0.004            0            0
 198250.0001        0.001            0        0.009        0.008            0            0
 198500.0001            0        0.001         0.01        0.006            0            0
 198750.0001        0.001            0        0.009        0.008            0            0
 199000.0001            0            0         0.01        0.007            0            0
 199250.0001            0            0        0.012        0.005            0            0
 199500.0001            0            0        0.012        0.005            0            0
 199750.0001            0            0        0.011        0.006            0            0
