         250  1200.685437  2489.904215  1872.998585  3690.589652        0.001 1.671577188e-08 
         500  357.4903489  3333.097675  1821.034979  3690.588024 0.001000000001 0.0008331865511 
         750  1714.938414  1975.650245  1828.527382  3690.588659 0.00331058597  38.27511587 
        1000  1807.589792  1882.998464  1946.989192  3690.588256 0.004846888129  55.50994468 
        1250  1574.743134  2115.845074  1978.196222  3690.588208 0.00524171853  49.38249532 
        1500  2082.699238  1607.889079  1989.999917  3690.588317 0.005768187909  51.75981875 
        1750  1730.977794  1959.610055  1997.445556   3690.58785 0.006255599042  57.39883961 
        2000  1854.018582  1836.569222  2001.111629  3690.587804 0.006218487458   59.3564428 
        2250  1566.557831  2124.029172  2009.114481  3690.587003 0.006506349896   64.0714183 
        2500  1711.645152  1978.941986  2007.236031  3690.587139 0.006796558549  61.68445009 
        2750   1473.97072  2216.616029   2019.71693  3690.586749 0.007380524372  66.65801957 
        3000  1425.080813  2265.505345  2024.979057  3690.586158 0.007282553121  60.44456236 
        3250  1901.224136  1789.362317  2029.433937  3690.586453 0.007319675767    70.324851 
        3500  1664.439421   2026.14605  2030.686082  3690.585471 0.007375394055  73.80285763 
        3750  1841.382136  1849.203075  2035.424139  3690.585211 0.007218940197  80.04931498 
        4000   1638.37258  2052.211783  2037.284022  3690.584363 0.007511036922  68.15806266 
        4250  1527.761066  2162.822644  2042.179294  3690.583711 0.008094078933  73.10313821 
        4500  1508.642991  2181.940788  2037.811536  3690.583779 0.008116217846  76.98997834 
        4750  1561.445473  2129.137711  2044.791782  3690.583184 0.007967853539  76.59582606 
        5000   1605.48134  2085.100539  2044.122249  3690.581879 0.007975374896  68.63627301 
        5250  1593.277382  2097.304569  2050.502873  3690.581951 0.008133910691   77.6133887 
        5500  1876.991011  1813.590086  2054.995557  3690.581097 0.008152404884  79.88417091 
        5750   1704.88753  1985.693257  2053.536167  3690.580787 0.008361958397  70.71151806 
        6000  1578.387878  2112.191775  2058.616794  3690.579653 0.009029868751  75.16730778 
        6250  1498.987919  2191.591856   2066.83029  3690.579775 0.008782118996  76.95690826 
        6500  1660.603182  2029.975958  2066.326764   3690.57914 0.008780585267  71.35087701 
        6750  1490.282184  2200.296418   2068.94556  3690.578602 0.009470703529  82.57843263 
        7000  1608.004948  2082.572541  2072.431528  3690.577489 0.009386345831  79.32322186 
        7250  1441.678604  2248.898807  2071.250481   3690.57741 0.00980842126  74.83124184 
        7500  1559.011357  2131.565386   2075.29745  3690.576743 0.009647664121  75.38164001 
        7750  2157.795758  1532.779233  2072.657451  3690.574992 0.008895638907  76.33517578 
        8000  1489.569642   2201.00555  2073.214133  3690.575192 0.009731292533  76.27130422 
        8250  1794.682002  1895.891368  2073.952697   3690.57337 0.009243825352  81.28874458 
        8500  1737.854509  1952.719241   2079.50781   3690.57375 0.00932923035  73.94292004 
        8750   1778.16696  1912.405645  2074.269776  3690.572605 0.009630676772  79.08306655 
        9000   1513.78599  2176.785931   2070.68499  3690.571922 0.01014981236  82.87000695 
        9250  1575.939114  2114.631296  2079.610436   3690.57041 0.009962832151  81.15909559 
        9500   1762.04901  1928.520455  2079.295449  3690.569466 0.009858971595  85.08786115 
        9750  1679.199335  2011.368543  2074.291174  3690.567878 0.009922320002  81.27551147 
       10000  1594.893488  2095.673437  2084.519604  3690.566925 0.01021937022  90.65156432 
       10250  1336.937301  2353.630221  2081.163687  3690.567523 0.01078809188   90.1739036 
       10500  1682.679182  2007.887299  2081.694967  3690.566481 0.01006796369   83.7902196 
       10750   1336.21115  2354.353683  2089.018192  3690.564832 0.01112029966  91.99340532 
       11000  1608.702036  2081.863321  2087.512374  3690.565357 0.01096182116   79.0395563 
       11250  1366.306377  2324.255846  2087.751728  3690.562223 0.01093508689  85.41868282 
       11500  1693.300134   1997.26091  2082.644173  3690.561044 0.01092775362  80.87683749 
       11750  1554.676078  2135.884955  2095.903987  3690.561033 0.01144861942  88.43084893 
       12000  1719.982408  1970.578109  2088.011683  3690.560518 0.01077146968  82.86679001 
       12250  1556.421559  2134.136125   2093.97141  3690.557684 0.01114842955  84.75749999 
       12500  1652.707606   2037.84937  2092.953199  3690.556976 0.01086650242  80.96559934 
       12750  1369.503018  2321.054028  2096.988948  3690.557046 0.01131329353  91.32455365 
       13000   1393.57906    2296.9761  2095.520022   3690.55516 0.01111930691  87.53445921 
       13250   1802.77614  1887.777505  2093.491134  3690.553644 0.0110642744   81.2815437 
       13500  1731.149161  1959.404352  2089.039212  3690.553513 0.0106123192  80.93032078 
       13750  1490.580031  2199.971391   2090.63798  3690.551422 0.0112077365  85.46653368 
       14000  1489.881256  2200.668014  2089.859501   3690.54927 0.01188277015   82.9729354 
       14250  1774.595589  1915.951869  2105.350964  3690.547457 0.01107826698  86.26966748 
       14500  1625.741122  2064.807857  2098.108293  3690.548979 0.01070762256   80.8501385 
       14750  1716.132803  1974.414867  2102.177963   3690.54767 0.01141382751  87.67641165 
       15000  1822.030448  1868.514531  2098.270869  3690.544979 0.01118578585  86.23677054 
       15250  1714.519161  1976.026274  2094.134694  3690.545435 0.01097547662  85.00053884 
       15500  1564.444943  2126.099509  2104.088233  3690.544452 0.01164199247   87.8178777 
       15750  1554.984932  2135.557369  2096.417249  3690.542302 0.01129011409   85.7904763 
       16000  1369.224964  2321.314813  2102.465051  3690.539776 0.01272657458  91.15938075 
       16250  1425.390011  2265.149567  2101.833358  3690.539578 0.01161833254  83.79404971 
       16500  1273.472056   2417.06739  2097.181233  3690.539445 0.01191734704  81.24362185 
       16750  1739.040865  1951.496697  2095.831005  3690.537562 0.01118335991   86.8963124 
       17000  1701.123067  1989.414513  2101.232689   3690.53758 0.01154837652  89.06969057 
       17250  1888.134805  1802.400563  2102.723168  3690.535368 0.01098764038  86.95443014 
       17500  1521.975377  2168.558961  2101.692429  3690.534338 0.01192689706  88.31756803 
       17750  1480.927626   2209.60437   2101.87441  3690.531996 0.01212044587  93.26908556 
       18000  1664.944728   2025.58721  2099.990894  3690.531938 0.01146951798  88.76756409 
       18250  1771.854677  1918.674709  2104.839357  3690.529387 0.01077146021  82.49878127 
       18500  2021.417055  1669.112191  2100.997541  3690.529246 0.01081188988  81.02736751 
       18750  1722.635224  1967.892606  2092.192637   3690.52783 0.01103166836  93.25057605 
       19000  1513.636057  2176.890752  2104.201791   3690.52681 0.01144676706  89.96920049 
       19250  1556.797154  2133.728124  2100.693339  3690.525278 0.01165077529  93.02555174 
       19500  1708.093445  1982.429651  2096.452004  3690.523096 0.01110946272  88.89949254 
       19750  1754.606655   1935.91696  2106.378466  3690.523614 0.01104379755  85.79531859 
       20000  1520.810934  2169.710043  2102.766666  3690.520977 0.0118874248  88.26953081 
       20250  1151.860319   2538.65782  2102.647514  3690.518139 0.01261188212  92.79858002 
       20500  1501.098466  2189.421994  2106.766363   3690.52046 0.01170321123  88.89122889 
       20750  1469.952729  2220.563774  2106.110802  3690.516503 0.01203115342  88.66024645 
       21000  1558.662887   2131.85366  2105.777069  3690.516547 0.01216127465  86.25294483 
       21250  1933.229711  1757.285076  2107.520981  3690.514787 0.0115142713  94.53312745 
       21500  1568.928843  2121.584782  2106.313093  3690.513625 0.01196352018  86.63698893 
       21750  1747.636286  1942.876474  2107.887841   3690.51276 0.01178087351  94.62059222 
       22000  1821.134961  1869.374201  2111.199887  3690.509162 0.01182645986  98.76145212 
       22250  1941.627417  1748.880849  2108.427772  3690.508266 0.01161463963  85.92476661 
       22500   1160.37303  2530.135526  2104.175032  3690.508556 0.01246611483  89.27239555 
       22750  1795.269691  1895.237988  2102.147434  3690.507679 0.01206543232  90.67800675 
       23000  1235.049703  2455.455447  2110.472142  3690.505149 0.01259562171  90.39181069 
       23250   1634.42933  2056.075692  2106.120375  3690.505022 0.01202093533  86.14884074 
       23500  1904.513837  1785.988347  2115.952042  3690.502183 0.01198263016  97.64557707 
       23750  1498.330304   2192.17142  2112.510502  3690.501724 0.0124547588  94.68855426 
       24000    1875.2592  1815.240031    2118.8863  3690.499231 0.0118645783  90.15680081 
       24250  1645.476167  2045.021009  2122.640014  3690.497176 0.01242177317  95.60288658 
       24500  1602.604314  2087.891813  2121.229926  3690.496126 0.01266693697  93.34322156 
       24750  1527.418849  2163.074891  2122.785397   3690.49374 0.01207469974  91.74630589 
       25000  1633.702888  2056.790845  2116.720841  3690.493733 0.01237376755  95.86550444 
       25250  1714.972972  1975.519444  2113.351862  3690.492416 0.01206576142   91.0113805 
       25500  1281.558222  2408.931668  2122.393985   3690.48989 0.01316106174  104.4871895 
       25750  1735.237674  1955.251514  2108.075629  3690.489188 0.01280549205   95.1802613 
       26000  1848.515021  1841.972426  2111.928817  3690.487447 0.01226619218  93.93202462 
       26250  1504.382797   2186.10419  2111.208388  3690.486986 0.01187477456  90.57061535 
       26500  1493.753654  2196.731911  2113.320678  3690.485565 0.0126709511  96.41156465 
       26750   1445.46148  2245.021696  2109.034545  3690.483176 0.01261158274  92.59559862 
       27000  1588.471789  2102.011095  2114.371027  3690.482884 0.01217222498  89.67059273 
       27250  1548.045729  2142.435069  2109.564059  3690.480797 0.01229385933  95.54235625 
       27500  1573.953836  2116.525654  2105.538661   3690.47949 0.0117511003  86.87746692 
       27750  1927.178565  1763.299378  2110.908709  3690.477943 0.01123418817  102.4147195 
       28000  1790.749015  1899.728097  2110.220358  3690.477112 0.01191121467  89.69089722 
       28250  1920.268648  1770.206269  2113.172691  3690.474917 0.01155735414  86.86820513 
       28500  1487.075105  2203.398039  2107.215218  3690.473144 0.01257862452  99.80410691 
       28750  1270.714773  2419.757029  2111.799518  3690.471802 0.01254863485  98.55648645 
       29000  1452.305852  2238.165438  2106.675738   3690.47129 0.01236106412  96.66490611 
       29250  1461.915924  2228.552809  2107.127577  3690.468733 0.01237770509  106.7670526 
       29500  1719.864206  1970.602251  2112.756327  3690.466457 0.01251944778  91.16711099 
       29750  1707.011586  1983.454603  2113.143659  3690.466189 0.01209366054  92.67186126 
       30000  1687.050015  2003.413188  2113.005616  3690.463203 0.01229975854  97.51406674 
       30250  1488.729341  2201.734078  2119.207861  3690.463419 0.0125206848   92.5872246 
       30500   1468.72161   2221.73958  2112.693427  3690.461189 0.01262007624  104.5660207 
       30750  1226.422162  2464.038377  2115.044968  3690.460538 0.01311809927  99.75273034 
       31000   1613.09174  2077.366939  2111.267895  3690.458678 0.01232505744  96.43485464 
       31250  1467.079824  2223.377531  2115.104437  3690.457355 0.01262661018  99.31631892 
       31500   1462.93113  2227.526731  2115.363229  3690.457861 0.01300058358  102.4597939 
       31750  1540.171938  2150.283479  2115.229112  3690.455417 0.01252027157   96.4043058 
       32000  1709.747005  1980.705898  2110.238596  3690.452903 0.01249223746   94.0287955 
       32250  1787.897393  1902.552583  2114.815528  3690.449976 0.01207572626   102.744594 
       32500  1577.207769  2113.241334  2113.168964  3690.449104 0.01246797146  99.05441442 
       32750  1719.322697  1971.125058  2117.310619  3690.447755 0.01223443003   93.5984113 
       33000  1687.753174   2002.69301  2116.031896  3690.446184 0.0127312366  92.27497023 
       33250  1811.297183  1879.146831  2114.652726  3690.444014 0.01241151657  100.9299049 
       33500  1599.317109  2091.126006  2113.297158  3690.443115 0.01260418049  98.72793012 
       33750   1592.01003  2098.431214  2105.089245  3690.441244  0.012340167    99.647972 
       34000  1535.055951  2155.382235  2102.000332  3690.438187 0.01260473488  96.62588204 
       34250    1612.7801  2077.660231  2107.727042  3690.440331 0.01174396351  96.57203696 
       34500  1554.363495  2136.074612  2111.305581  3690.438107 0.01251098587   96.0850592 
       34750  1387.954685  2302.479685  2108.665025   3690.43437 0.01290809664  102.3341097 
       35000  1601.629746  2088.804181  2107.938591  3690.433927 0.01215106246  97.96287792 
       35250  1428.752572  2261.678147  2108.164428  3690.430719 0.01220962177  93.25889764 
       35500  1566.460932  2123.969551  2104.387636  3690.430483 0.01266052066  101.8021234 
       35750  1713.888757  1976.540671  2107.225663  3690.429427 0.01163383491  96.42637855 
       36000  1684.216488  2006.210863  2104.298654  3690.427352 0.01253721854  94.03944752 
       36250  1540.255983  2150.170607  2103.731533  3690.426589 0.01248320175  92.47685391 
       36500   1441.32172  2249.102878  2098.503193  3690.424598 0.01247474687  102.2356873 
       36750  1465.831348  2224.591293  2098.078437  3690.422641 0.01183300758   95.3815563 
       37000  1521.391593  2169.030196  2099.556419  3690.421789 0.01186600823  99.77502231 
       37250  1349.904874  2340.515238  2098.964147  3690.420112 0.0122323282  98.21559056 
       37500  1478.014587  2212.403594  2106.117923   3690.41818 0.0123390893  99.88001336 
       37750   1494.66457   2195.75047  2092.543589   3690.41504 0.01203854709  96.23988517 
       38000  1698.338842  1992.076461  2102.757111  3690.415304 0.01166102775  92.54935308 
       38250  1603.672992  2086.741201  2097.716908  3690.414193 0.01210158942  93.05666002 
       38500  1450.892358  2239.521236  2109.837033  3690.413594 0.01219951472  100.6668684 
       38750  1798.690916  1891.720284   2102.57137    3690.4112 0.01209390335  93.41062957 
       39000  1549.889514  2140.519737  2109.044077  3690.409251 0.01237824852  97.62164605 
       39250  1737.215726    1953.1918  2107.532669  3690.407526 0.0121849858  99.47727743 
       39500  1132.123983  2558.281824  2101.120063  3690.405807 0.01273284884  99.05186723 
       39750   1273.45585  2416.949363  2107.631619  3690.405214 0.01326172148  94.71334947 
       40000  1622.032779  2068.371307  2100.392074  3690.404086 0.01239400481  104.1857853 
       40250  1672.249211  2018.154148  2109.488217  3690.403359 0.01213674106    94.720247 
       40500  1577.938749  2112.460544  2107.670921  3690.399293 0.01292217591  101.6814128 
       40750  1442.804437  2247.593593  2103.275145   3690.39803 0.01256569058  102.5736246 
       41000  1951.982602  1738.413793  2104.743199  3690.396395 0.01198787704   101.037648 
       41250  1743.498728  1946.897219  2108.089233  3690.395948 0.01230771739  94.84639093 
       41500  1778.320058  1912.074184  2110.292223  3690.394242 0.01219280484  100.8545498 
       41750  1524.055854  2166.337203  2101.685314  3690.393057 0.01299026106  101.0683192 
       42000  1383.660907  2306.730704  2106.951794  3690.391611 0.01299032325  106.3819462 
       42250  1195.478631  2494.909608  2103.778124  3690.388239 0.01321872743  102.8722307 
       42500  1462.413022  2227.974527  2108.745671  3690.387549 0.01309161505  104.3080809 
       42750  1443.179214  2247.207364  2111.127107  3690.386578 0.01291485385  104.5023808 
       43000  1731.760021   1958.62466   2109.06527  3690.384681 0.01230546019  102.3254047 
       43250  1498.737897   2191.64408  2109.402906  3690.381977 0.01287461911  96.16519517 
       43500  1682.595946  2007.784654  2113.985537  3690.380601 0.01287266565  98.46699397 
       43750  1291.753784  2398.623006  2115.100703   3690.37679 0.01295200391  97.67092843 
       44000  1600.614221  2089.763083   2112.26129  3690.377304 0.01310143143  98.04049432 
       44250  1511.313696  2179.061033  2119.250863  3690.374728 0.01301064529  99.12339829 
       44500  1659.014065    2031.3585  2118.158508  3690.372565 0.01249985244  97.61997074 
       44750  1626.506858   2063.86563  2117.980827  3690.372488 0.01285335658  95.88227481 
       45000  1519.882396  2170.486517  2112.302493  3690.368912 0.01292746734  100.1603348 
       45250  1560.966638  2129.402942  2119.844664   3690.36958 0.01313753794  100.4294389 
       45500  1824.515671  1865.851283  2121.363747  3690.366953 0.0124094448  97.68139787 
       45750   1460.95173  2229.413613  2111.720386  3690.365343 0.01319847822  101.5342805 
       46000  1706.498506  1983.863783  2108.346959  3690.362289 0.01277630737  101.7837581 
       46250  1929.647402  1760.712643  2113.279448  3690.360045 0.01254445528  102.5719982 
 46499.99999  1614.833552  2075.524783  2124.654148  3690.358335 0.01266701989  104.1176662 
 46749.99999  1706.203304  1984.154086  2118.531094  3690.357389 0.01307715614  109.7326996 
 46999.99999  1216.780149  2473.576067  2113.110922  3690.356216 0.01368941804   97.9357676 
 47249.99999  1409.117261   2281.23746  2115.082159  3690.354721 0.01356666585  104.2335317 
 47499.99999  1342.552602  2347.799071  2112.619661  3690.351673 0.01406316971  101.9755876 
 47749.99999  1288.330007  2402.020714  2123.232454  3690.350722 0.01360103351  98.43825359 
 47999.99999  1463.946867  2226.403058  2113.458583  3690.349925 0.01330718095  100.0010542 
 48249.99999  1657.287714  2033.058359  2121.374513  3690.346072 0.01307591473  97.71076636 
 48499.99999  1257.679496  2432.666087  2120.505393  3690.345583 0.01350243505  103.2743176 
 48749.99999   1630.07101  2060.272674  2116.279968  3690.343685 0.0134113489   100.040492 
 48999.99999  1602.635002  2087.705243  2123.644916  3690.340244 0.01367102975  96.71692273 
 49249.99999  1637.825395  2052.514715  2121.607117  3690.340111 0.01349917138  107.7594855 
 49499.99999  1596.630686  2093.707572  2121.822121  3690.338258 0.01291631757  106.8156659 
 49749.99999  1371.519238  2318.816735  2114.600084  3690.335973 0.0139551833  103.7973195 
 49999.99999  1384.024831  2306.309026  2113.352105  3690.333856 0.01351332159  104.0947784 
 50249.99999  1254.418519   2435.91341  2122.748098  3690.331929 0.01357003479  103.2872855 
 50499.99999  1668.525384  2021.803903   2115.57907  3690.329288 0.01324991648  101.0239998 
 50749.99999  1533.454199  2156.873691  2124.340755   3690.32789 0.0134373561  103.2551882 
 50999.99999  1754.865696  1935.461283  2116.108358  3690.326979 0.01280386945  95.45852692 
 51249.99999  1561.173226   2129.15223    2115.7757  3690.325456 0.01339859852  101.3230829 
 51499.99999  1496.168846  2194.154746  2121.291267  3690.323593 0.01376255463  103.5734545 
 51749.99999  1730.686543  1959.634633  2117.078425  3690.321176 0.01306618226  101.2580614 
 51999.99999  1289.167586  2401.152227  2117.474411  3690.319813 0.01400638806  102.8314117 
 52249.99999  1599.224134  2091.094558  2115.016574  3690.318693 0.01370265057    103.05253 
 52499.99999  1472.627137  2217.687985  2124.573098  3690.315121 0.01390583569  108.0129654 
 52749.99999  1575.976115  2114.336086  2121.783468  3690.312202 0.01382815996  100.4948061 
 52999.99999  1723.380032  1966.932413  2127.685695  3690.312445 0.01316567158  103.3554675 
 53249.99999  1718.797471  1971.513793  2124.374617  3690.311264 0.01295950411  93.96529567 
 53499.99999  1677.924183  2012.384369  2126.861302  3690.308552 0.0132233671  103.4289479 
 53749.99999  1636.746974  2053.561122  2118.318155  3690.308096 0.01307876662  100.1391529 
 53999.99999  1646.836017  2043.467851  2122.384564  3690.303868 0.01357863169  101.0577675 
 54249.99999  1653.376812  2036.926069  2122.082908  3690.302881 0.01326250022  99.66332874 
 54499.99999  1573.100263  2117.199207  2126.625933   3690.29947 0.01368609588  97.97437163 
 54749.99999  1711.638386  1978.658363  2113.446723  3690.296749 0.01350953816  96.61229908 
 54999.99999  1291.182038  2399.113814  2119.042516  3690.295852 0.01449180897  105.5701139 
 55249.99999  1498.188345  2192.105746  2122.566217  3690.294091 0.01317169958  99.04066457 
 55499.99999  1504.784349  2185.509045  2120.017557  3690.293394 0.01380068742  105.1118405 
 55749.99999  1540.953461  2149.338164  2121.591469  3690.291625 0.01320085023  101.0246967 
 55999.99999  1499.133673  2191.155982  2120.327809  3690.289655 0.01369837448   117.037154 
 56249.99999  1657.224314  2033.062508  2115.498609  3690.286822 0.01314903267   101.177268 
 56499.99999   1802.13483  1888.150449  2115.302533  3690.285279 0.01302863863  101.2821885 
 56749.99999  1701.118054  1989.166279  2113.194112  3690.284333 0.01340505146  103.9943644 
 56999.99999  1664.992948  2025.287851  2125.242071    3690.2808 0.01318912791  99.37085877 
 57249.99999  1451.124086  2239.156003  2117.123398  3690.280089 0.01389493273   100.558908 
 57499.99999  1707.175964  1983.101667  2126.106455  3690.277631 0.01293170127  101.2694593 
 57749.99999  1637.867095  2052.408574  2117.444056  3690.275669 0.01329949301   105.258048 
 57999.99999  1648.821933  2041.451996  2113.361032  3690.273929 0.01260606628   94.3284648 
 58249.99999  1410.161893  2280.108027  2111.219969   3690.26992 0.01349005519  99.53356442 
 58499.99999  1626.295713  2063.976566  2116.070533   3690.27228 0.01310384243  102.9649791 
 58749.99999  1596.504986  2093.763326  2114.567749  3690.268312  0.013281155  101.0934537 
 58999.99999  1500.805399  2189.462556  2118.465501  3690.267955 0.01336139436  98.98889311 
 59249.99999   1711.26545   1979.00007  2117.026482   3690.26552 0.01368698253   110.789886 
 59499.99999  1396.366622  2293.896417  2121.330696  3690.263039 0.01427046636  113.1434805 
 59749.99999  1521.752116  2168.508353  2117.345292   3690.26047 0.01390082083  104.8962592 
 59999.99999   1288.41662    2401.8439  2115.287312   3690.26052 0.01387060234  108.2071716 
 60249.99999  1671.244836  2019.011501  2116.360928  3690.256337 0.01355615631  106.7343979 
 60499.99999  1499.817198  2190.436695  2112.789393  3690.253893 0.01351065221  105.1568876 
 60749.99999  1352.110624  2338.141852  2116.167654  3690.252476 0.01431331313  106.7217081 
 60999.99999  1423.768832  2266.482339  2113.410537  3690.251171 0.01370762439  110.5172046 
 61249.99999  1818.663494  1871.584078  2119.272046  3690.247571 0.01313679576  104.7001907 
 61499.99999  1887.493277  1802.753705  2113.102498  3690.246982 0.01289796904  115.2190214 
 61749.99999  1624.292069  2065.953394  2111.015239  3690.245463 0.01329710487  106.5606275 
 61999.99999  1646.942752  2043.298122  2114.803549  3690.240873 0.01335886309  107.9587316 
 62249.99999  1442.827327  2247.413267   2113.65344  3690.240594 0.01365482346  105.3607361 
 62499.99999  1478.085979   2212.15394  2122.305564  3690.239919 0.01343243169  98.24773661 
 62749.99999  1831.970273  1858.265384  2117.104783  3690.235657 0.0132255975  98.20826917 
 62999.99999  1669.118757  2021.117219  2112.966693  3690.235976 0.01325755357  104.8597697 
 63249.99999  1830.507346  1859.724701  2107.529483  3690.232048 0.01365768023   102.770794 
 63499.99999  1904.439632  1785.790824  2127.338451  3690.230456 0.01315392582  111.5923192 
 63749.99999  1586.775303  2103.454691   2109.57918  3690.229994 0.01353850787  109.7720266 
 63999.99999   1595.69151  2094.533561   2117.08308  3690.225071 0.01380722202  115.1626066 
 64249.99999  1598.566429  2091.656467  2115.477332  3690.222896 0.01338589071  97.57872215 
 64499.99999  1510.673742  2179.548379   2118.06284   3690.22212 0.01365907449  107.4959187 
 64749.99999  1549.534911  2140.685559  2111.575492   3690.22047 0.01374567329  105.5802773 
 64999.99999  1382.349214  2307.868811  2106.699934  3690.218025 0.01383876017  115.1913236 
 65249.99999  1644.751731   2045.46362   2115.54647  3690.215351 0.01369241486  108.0329626 
 65499.99999  1575.559106  2114.656298  2119.165403  3690.215404 0.0135213725  106.1869686 
 65749.99999  1545.000843  2145.211348  2111.460809  3690.212191 0.01373249224  101.4814407 
 65999.99999  1659.097188  2031.112538  2108.576759  3690.209726 0.01341510901  112.7576325 
 66249.99999  1594.915939   2095.29485  2121.809436  3690.210789 0.01356842585  111.4492415 
 66499.99999  1497.684912  2192.520082   2121.06086  3690.204994 0.0132736652  109.3817551 
 66749.99999  1778.759562  1911.443991  2110.824073  3690.203553 0.01310538847  113.9189213 
 66999.99999  1601.592108  2088.609607  2113.761527  3690.201715 0.01332139126  104.5473229 
 67249.99999  1259.008985  2431.190861  2112.559132  3690.199847 0.0140105411  111.2331442 
 67499.99999  1812.622818  1877.575874  2111.681189  3690.198692 0.01269671705   108.414573 
 67749.99999  1541.316212  2148.879255  2113.254269  3690.195467 0.01326721131  114.0245782 
 67999.99999  1566.655144  2123.537132  2112.457736  3690.192276 0.01325074332  105.2195256 
 68249.99999  1392.165969  2298.023283  2114.526072  3690.189252 0.01412397879  116.7822197 
 68499.99999  1800.105654  1890.086811  2114.723901  3690.192464 0.01306467252  115.1237511 
 68749.99999   1670.87222  2019.316066    2116.6428  3690.188286 0.0135357723  107.9709393 
 68999.99999   1319.17272  2371.012043  2107.866993  3690.184763 0.01365307244  104.6765715 
 69249.99999   1380.39831  2309.784594  2108.756236  3690.182904 0.01366524336  117.1912857 
 69499.99999  1297.165193  2393.014663  2116.285354  3690.179855 0.01366264304  111.1790876 
 69749.99999  1212.808624  2477.370187  2122.146549  3690.178811 0.0147241913  121.3613523 
 69999.99999   1732.95438  1957.223155  2113.152889  3690.177535 0.01325756599  100.8069601 
 70249.99999  1324.382541  2365.795317  2109.012363  3690.177858 0.01409103797  113.6009331 
 70499.99999  1573.593075  2116.579597  2119.403484  3690.172672 0.01352687962  110.7007006 
 70749.99999    1946.6151  1743.556071  2109.533985  3690.171171 0.01300097766  104.7476688 
 70999.99999  1493.809294  2196.358211  2116.727186  3690.167505 0.01387575663  115.1518066 
 71249.99999  1694.463305  1995.704864  2121.410394  3690.168169 0.01325526638  101.8490032 
 71499.99999  1498.480565  2191.684178  2114.893751  3690.164743 0.01405034608  113.9148789 
 71749.99999   1471.01499   2219.14725  2112.481276   3690.16224 0.01387533699  118.5080684 
 71999.99999  1323.727493  2366.431712  2114.633505  3690.159205 0.0138408528  106.8257179 
 72249.99999  1508.056157  2182.100436  2120.149419  3690.156593 0.0139092949   104.084677 
 72499.99999  1730.170465   1959.98707  2124.125905  3690.157536 0.0134562039  108.0281985 
 72749.99999   1527.91964  2162.236702  2123.900715  3690.156342 0.01411583709  113.4608323 
 72999.99999  1676.524297  2013.628465  2119.485448  3690.152762 0.0134632382  111.4381579 
 73249.99999   1577.94823  2112.202755  2113.220691  3690.150985 0.0138354904  116.4612468 
 73499.99999  1703.478502  1986.668352  2123.231532  3690.146854 0.01366474977  108.2111332 
 73749.99999  1776.908732   1913.23732  2114.033859  3690.146053 0.01333087939  111.0992572 
 73999.99999  1797.013847  1893.128818  2114.910999  3690.142665 0.01369440995  110.3995492 
 74249.99999  1717.806018  1972.335851  2121.475888  3690.141869 0.01353550404   110.820232 
 74499.99999  1742.774699  1947.365197  2117.852535  3690.139895 0.01372909394  115.2756326 
 74749.99999  1647.083279   2043.05392  2115.953024  3690.137199 0.01397107762  121.0047215 
 74999.99999  1604.362005   2085.77361  2119.349952  3690.135614 0.01402068235  118.1060802 
 75249.99999  1273.116973  2417.016481  2119.745483  3690.133455 0.01442810495  114.3635898 
 75499.99999  1347.899463  2342.230176  2121.628952  3690.129639 0.01427727063  112.3380516 
 75749.99999  1865.289219  1824.840292  2119.306784  3690.129511 0.01347190438   105.793029 
 75999.99999  1563.862328  2126.266544  2115.187468  3690.128872 0.01370123296  114.4708067 
 76249.99999  1715.805576  1974.318022  2119.247259  3690.123598 0.01389123998  115.4813028 
       76500  1731.734371  1958.388281   2114.41065  3690.122653 0.01416421566  110.1628894 
       76750   1484.07564  2206.043191  2119.078333  3690.118831 0.01373303705  115.7275383 
       77000  1617.562386  2072.555292  2115.206819  3690.117679 0.01412460147  117.4737875 
       77250  1315.840684    2374.2746  2122.152647  3690.115284 0.01436311185  111.3720385 
       77500  1754.954656   1935.15806  2115.609564  3690.112716 0.01383877935   110.107229 
       77750  1562.823673  2127.286414  2120.880383  3690.110087 0.01387425032  122.5498415 
       78000  1487.632284  2202.475533  2124.956809  3690.107816 0.01418321993  110.2224796 
       78250   1365.16324  2324.943468  2126.699646  3690.106708 0.01429400011  119.6132764 
       78500  1584.709181  2105.393635  2125.163485  3690.102816  0.014134483  106.2379193 
       78750  1422.121509  2267.979774  2127.029075  3690.101283 0.01403371399  108.5479937 
       79000  1471.083993  2219.015317  2119.549037  3690.099311 0.01379546651  115.6671592 
       79250  1698.443298   1991.65191  2119.757293  3690.095208 0.0140417888  110.2297383 
       79500  1434.499372  2255.595511  2121.506455  3690.094883 0.01437383693  116.1747448 
       79750  1799.469677  1890.621954  2118.640372  3690.091631 0.01412774907  117.5224901 
       80000  1434.690178  2255.399862  2122.141065  3690.090041 0.01388705318   118.478473 
       80250  1460.332865  2229.753087   2121.60103  3690.085952 0.01394083082  112.6974181 
       80500  1727.160309  1962.925654  2114.102165  3690.085963 0.01377269527  118.0344714 
       80750  1377.274057  2312.808777  2112.607444  3690.082834 0.01368742837  111.4475014 
       81000  1465.238329  2224.842727  2106.139636  3690.081056 0.01385053476  103.8551362 
       81250  1373.225081  2316.852696  2117.242282  3690.077777 0.01356136195  114.4805644 
       81500  1514.869451  2175.206627  2106.376706  3690.076078 0.01369039035   111.111628 
       81750   1753.61611  1936.461114  2112.230402  3690.077224 0.01354659578  109.2616806 
       82000  1797.230445  1892.844293  2111.227995  3690.074738 0.01291866006  113.6665296 
       82250  1451.011637  2239.058529  2109.704118  3690.070166 0.01377971757  114.8043834 
       82500  1518.693712  2171.376141  2116.635649  3690.069853 0.01324480631  108.5833298 
       82750  2040.019977  1650.046868  2115.042537  3690.066844 0.01312015928  111.3614645 
       83000  1501.962517  2188.101587  2116.362168  3690.064104 0.01332391676  102.9269837 
       83250  1621.531309  2068.530435  2109.534135  3690.061745 0.01341164198  107.4244682 
       83500  1505.852597  2184.207206  2108.242901  3690.059803 0.01354011623  116.0234688 
       83750  1528.403524  2161.655165  2114.325807  3690.058689 0.01343017598  117.4437987 
       84000  1747.247203  1942.809432  2109.252699  3690.056634 0.01345409004  113.5031089 
       84250  1669.114376  2020.940404  2115.692471  3690.054781 0.01369419221  102.4536563 
       84500  1502.852488   2187.20073  2116.198913  3690.053219 0.01352042067  109.3383245 
       84750  1747.985357  1942.065097  2108.971466  3690.050454 0.01378804947   111.177579 
       85000  1264.054168   2425.99143  2115.843816  3690.045598 0.01414564927  112.0857404 
       85250  1596.370985  2093.674222  2119.459023  3690.045207 0.01410089695   110.662046 
       85500  1499.423998  2190.618639  2111.883186  3690.042636 0.01357697758  106.7225075 
       85750  1755.143856  1934.898367  2117.585713  3690.042222 0.01333066583  110.0110016 
       86000  1718.235557  1971.801282  2111.941477  3690.036839 0.01342616836   116.282827 
       86250  1500.132538  2189.902116  2114.401161  3690.034654 0.01378169042  111.6100285 
       86500  1670.703862  2019.327406  2112.281622  3690.031268  0.013381242  109.7515009 
       86750  1699.561155  1990.470713  2112.896144  3690.031869 0.01390605017  115.0480674 
 87000.00001  1547.422232  2142.606315   2108.27915  3690.028547 0.01321189435  104.7498189 
 87250.00001  1479.904432  2210.122982  2102.914168  3690.027414 0.01378293189  110.1839696 
 87500.00001   1446.45748  2243.568514  2114.808648  3690.025994 0.01329529053  114.8927951 
 87750.00001  1304.171603  2385.853512  2110.159319  3690.025115 0.01399513967  112.4253471 
 88000.00001  1465.857962  2224.165249  2110.007239  3690.023211 0.01351191055  113.3624446 
 88250.00001    1737.9013  1952.118876  2107.654868  3690.020176 0.01322158291  110.4342825 
 88500.00001  1480.461831  2209.555801  2111.150047  3690.017633 0.01358181982  104.5842191 
 88750.00001  1660.549584  2029.462938  2113.814765  3690.012522 0.01334515171  109.7933193 
 89000.00001  1556.479707  2133.534045  2110.384106  3690.013752 0.01383618746  112.1635083 
 89250.00001  1184.065149  2505.947166   2107.74617  3690.012315 0.01462014443  109.8242061 
 89500.00001  1617.832654    2072.1773  2107.396054  3690.009954 0.01417733523  124.5462642 
 89750.00001  1448.575184  2241.431193  2110.060906  3690.006378 0.01335853619  114.8338338 
 90000.00001  1525.765957  2164.238022  2103.649744  3690.003979 0.01360654993  110.3473493 
 90250.00001  1313.935048  2376.065995  2101.706871  3690.001043 0.0141571242  118.3762271 
 90500.00001  1538.092379  2151.907085  2102.314827  3689.999464 0.01317676046  107.3006581 
 90750.00001  1725.509509  1964.489371  2104.863411  3689.998881 0.01254999303  113.8422617 
 91000.00001  1674.976144   2015.01936   2106.12801  3689.995505 0.01302760695  105.6797428 
 91250.00001  1724.946132  1965.046082  2097.108883  3689.992214 0.01296718688  110.4770193 
 91500.00001  1517.816883  2172.173421  2100.706479  3689.990304 0.01344925473  113.8682824 
 91750.00001  1346.537473  2343.452804  2101.782557  3689.990276 0.01380646864  112.1597937 
 92000.00001   1515.19016  2174.799581  2095.851411  3689.989741 0.01326521394  112.0802634 
 92250.00001   1703.33314  1986.654357  2102.775776  3689.987497 0.01294225021  107.9662717 
 92500.00001  1533.700517  2156.283915  2108.293802  3689.984432 0.01319261714  113.9058433 
 92750.00001  1678.895323  2011.085715  2099.898998  3689.981038 0.01293848496  106.8004248 
 93000.00001  1807.970255  1882.009796  2111.168355  3689.980052 0.01275852451  106.5518255 
 93250.00001  1396.947477  2293.030386  2109.216825  3689.977863 0.01367477307  112.5131861 
 93500.00001  1641.322647  2048.652168  2098.031974  3689.974815 0.01333780924  113.0689603 
 93750.00001  1709.033882  1980.939377  2099.420437  3689.973259 0.01327886573  108.7296468 
 94000.00001  1104.231224  2585.741029  2110.039782  3689.972252 0.01382058496  110.4945416 
 94250.00001  1670.258298   2019.70945  2105.430165  3689.967748 0.01353215925  114.2199119 
 94500.00001  1551.049214  2138.915949  2104.975548  3689.965163 0.01362174452  113.6460853 
 94750.00001  1675.148189  2014.815462  2106.113506  3689.963652 0.01307311075  117.8872142 
 95000.00001  1609.402262  2080.558732  2104.591052  3689.960994 0.01338014577  110.5393288 
 95250.00001  1568.036745  2121.922626  2105.246211  3689.959371 0.0133116769  118.2856694 
 95500.00001  1529.981775   2159.97699  2101.716931  3689.958766 0.01341091271  119.0565657 
 95750.00001  1536.799147  2153.159871  2100.084643  3689.959019 0.01366962912  110.5189696 
 96000.00001  2092.130125  1597.823662  2097.176103  3689.953787 0.0126529548  109.3072025 
 96250.00001  1696.628818  1993.322766  2103.434958  3689.951585 0.01299573735  113.6924474 
 96500.00001   1602.29013  2087.658136  2108.170227  3689.948267 0.01311100257  112.2581355 
 96750.00001  1456.898668  2233.046634    2109.6495  3689.945302 0.01385757442  119.6845935 
 97000.00001  1745.370417  1944.572294  2109.674964  3689.942711 0.01352063856  122.0712773 
 97250.00001  1468.111918  2221.829675  2102.369629  3689.941593 0.0137528954  118.6936253 
 97500.00001  1769.282976   1920.65676  2104.426505  3689.939737 0.01292857597  115.7853939 
 97750.00002  1548.532958  2141.402812  2105.500056  3689.935769 0.01341926782  112.8696133 
 98000.00002  1371.485372  2318.449986  2105.132593  3689.935359 0.01364726167  112.1898497 
 98250.00002  1479.182298  2210.748605  2107.927583  3689.930902  0.013499156  115.7734723 
 98500.00002  1658.168778  2031.762554  2106.636616  3689.931332 0.01316427983  109.8731256 
 98750.00002  1584.750756  2105.177052  2107.580644  3689.927808 0.01351546755   116.385886 
 99000.00002  1483.904626  2206.022159  2101.604345  3689.926785 0.0133232467  114.1017405 
 99250.00002  1685.647808   2004.27663  2098.747718  3689.924439 0.01314183373  115.0057669 
 99500.00002  1784.569338  1905.352188  2100.948295  3689.921526 0.01310564938  120.9373928 
 99750.00002  1495.667582   2194.25119  2105.163155  3689.918772 0.01321148268  116.5172413 
      100000  1614.679766  2075.235163  2100.526993  3689.914929 0.01325022613  117.0431362 
      100250  1616.634877  2073.280209  2100.900676  3689.915086  0.013244984  117.3565995 
      100500  1733.863669  1956.046466  2101.883881  3689.910135 0.01310184764   112.109356 
      100750  1523.893841   2166.01995  2104.498048  3689.913791 0.01332814885  109.3159583 
      101000  1444.630656  2245.279534  2106.570413  3689.910189 0.01417166522  134.8744132 
      101250  1547.013518  2142.894198  2096.731439  3689.907716 0.01380280946  115.2949957 
      101500  1743.249393  1946.657056   2100.71075  3689.906449 0.01298716083  116.7857502 
      101750  1664.709049    2025.1923   2100.94614   3689.90135   0.01312947  108.9332746 
      102000  1542.617108   2147.28169  2099.688098  3689.898799 0.0134816004  112.4420885 
      102250  1654.368762  2035.528552  2101.978171  3689.897315 0.01353528184  119.8762934 
      102500  1612.833219  2077.058889  2104.251348  3689.892108 0.01361064425  118.9430911 
      102750  1796.812675  1893.080872  2097.269227  3689.893548 0.01334498212  122.2543761 
      103000  1616.690733  2073.196715   2105.73775  3689.887448 0.01418545624  123.5595261 
      103250  1596.317141  2093.570609  2111.859229   3689.88775 0.01369309609   119.416292 
      103500  1595.988597  2093.896699  2105.773544  3689.885295 0.01410204369  119.8292382 
      103750  2032.288998  1657.593201  2103.436065  3689.882199 0.01300961579  117.1648547 
      104000  1300.079965  2389.801945  2108.494432  3689.881911 0.01494475554  122.3715628 
      104250  1533.917133  2155.959343  2104.528246  3689.876476 0.01367259764  124.4718981 
      104500  1365.591559  2324.284654  2106.693574  3689.876213 0.01457561797  116.2859506 
      104750  1434.599255  2255.273086  2103.261319  3689.872341 0.0141933872  122.0238884 
      105000  1623.360228  2066.510767  2112.437324  3689.870996 0.01394768349  118.8898011 
      105250  1452.167659  2237.701045  2099.195906  3689.868703 0.01456787764  129.4839155 
      105500  1385.739534  2304.124136  2100.652109   3689.86367 0.01420777546  124.8334901 
      105750  1794.227983  1895.635278  2107.141938  3689.863261 0.01336693789  111.5732677 
      106000  1711.946739  1977.912764   2103.45856  3689.859503 0.01335951807  123.6195472 
      106250  1782.399293  1907.458781  2109.950796  3689.858074 0.01361438453  120.6924108 
      106500  1585.434266  2104.420986  2114.961769  3689.855252 0.01395090723  116.2672245 
      106750   1573.02977  2116.824457  2110.790656  3689.854227 0.01409108639  118.3710176 
      107000  1608.559723  2081.290218  2108.174833  3689.849941 0.01370459335  116.5757998 
      107250  1761.935324  1927.912307   2102.57835  3689.847631 0.01335587577  118.4207352 
      107500  1741.827224  1948.018852  2100.443842  3689.846076 0.01297929189  112.0528495 
      107750  1429.505034   2260.33817  2104.418845  3689.843204 0.01367015109  116.3228602 
      108000  1550.857437  2138.983858  2110.132082  3689.841295 0.01398576403  113.6138877 
      108250  1851.332935  1838.505105  2100.574489   3689.83804 0.01323714556  115.3042206 
      108500  1425.731823  2264.106751  2099.366599  3689.838574 0.01392887092  115.7428398 
      108750  1662.877189  2026.956784  2106.858927  3689.833973 0.01364457944  125.9682843 
      109000  1548.840316  2140.989686  2107.666107  3689.830002 0.01362985785  126.5036335 
      109250  1616.882322  2072.945699  2104.778191   3689.82802 0.01374112344  122.5454113 
      109500  1807.515682  1882.311385  2107.834069  3689.827067 0.01362174124   126.711525 
      109750  1562.432821  2127.391088  2105.015139  3689.823909 0.01394073749  122.7498585 
      110000  1447.816683  2242.004449  2098.870551  3689.821132 0.01424547883  126.7457867 
      110250  1555.222279  2134.597703  2104.127543  3689.819983 0.01368403394  112.1360363 
      110500  1541.506026  2148.313674  2103.149581    3689.8197 0.01370648988  114.8364537 
      110750  1589.288828  2100.527175   2104.95019  3689.816003 0.0138953408  121.9327338 
      111000  1546.078543   2143.73484  2101.519808  3689.813383 0.01374754332  119.3141262 
      111250  1409.803983  2280.005517  2105.642026  3689.809501 0.01447044954  118.9182021 
      111500  1554.345748  2135.461611  2103.890713   3689.80736 0.01335132243  118.2235763 
      111750  1339.640933  2350.164437  2103.160881  3689.805371 0.0137535037  119.4414198 
      112000  1436.571648   2253.22944  2103.200115  3689.801089 0.01402442456  114.6757062 
      112250  1520.333999  2169.466775  2101.051389  3689.800774 0.01367822738   122.440857 
      112500  1544.442018  2145.355397  2097.186979  3689.797415 0.01356866335  116.3428759 
      112750  1863.062941  1826.732576  2105.639332  3689.795517 0.01332040441  113.2795266 
      113000   2000.44192  1689.349907  2101.233796  3689.791828 0.01370222614  115.2040594 
      113250  1595.801142   2093.99079  2100.976171  3689.791932 0.01420765681  126.3668344 
      113500  1563.574094  2126.211651  2104.709264  3689.785746 0.01403631969  123.2913614 
      113750  1891.653623  1798.132319  2105.365807  3689.785942 0.0133422547   118.663568 
      114000  1561.853987  2127.929407  2107.624756  3689.783394 0.01354092471  115.8203957 
      114250  1453.036707  2236.743142  2101.792631  3689.779849 0.01413245419  124.6266131 
      114500  1719.957709  1969.818989  2101.752692  3689.776698 0.01338604294  113.8450416 
      114750  1516.439385  2173.333639  2111.811083  3689.773024 0.01388960188   117.510057 
      115000  1533.909259  2155.864696  2111.316081  3689.773955 0.01381524999  123.6716087 
      115250   1615.11321  2074.655079  2108.862993  3689.768288 0.01366942119  117.1855676 
      115500  1670.023272  2019.744746   2107.74597  3689.768018 0.01385500823   112.912689 
      115750  1567.650963  2122.114473  2104.273817  3689.765436 0.01393155082  111.3180488 
      116000  1626.466755  2063.295021  2097.018494  3689.761777 0.01343846869  116.4734322 
      116250  1569.544061  2120.215883   2100.60681  3689.759943 0.01363165848  120.3371731 
      116500   1425.52375  2264.234619  2108.344422  3689.758369 0.01388044524  124.3126318 
      116750  1470.641471    2219.1124  2105.683642  3689.753871 0.01426411854  114.0407569 
      117000  1681.513998  2008.242233  2095.791131  3689.756231 0.01369213521  120.3458814 
      117250  1709.417423  1980.333021  2104.807513  3689.750443 0.0132077705  113.0689695 
      117500  1602.670905  2087.078604  2103.072021  3689.749509 0.01387216733  122.1619099 
      117750  1568.270235  2121.476044  2100.957338  3689.746279 0.01389922964  124.9148978 
      118000  1521.370952   2168.37336  2101.651045  3689.744312  0.013457232  117.2676854 
      118250  1371.842849  2317.898027  2098.342391  3689.740876 0.01382013732  116.6998227 
      118500  1881.945247  1807.794553  2103.397301  3689.739799 0.01306722174  120.3850929 
      118750  1579.238372  2110.495175   2099.31153  3689.733547 0.01365619125  117.5902984 
      119000   1531.24171  2158.493649  2107.497544   3689.73536 0.01354372998  118.7341822 
      119250  1703.267359  1986.462748  2099.033033  3689.730107 0.01322289546  118.9521204 
      119500  1311.405174  2378.325095  2102.639936  3689.730269 0.01403154539  123.5435536 
      119750  1439.576574  2250.147673  2103.673372  3689.724247 0.01423425801  123.1956718 
      120000  1524.874832  2164.848926  2101.695992  3689.723758 0.01460615481  126.7902207 
      120250  1806.655851  1883.064366  2097.465427  3689.720217 0.01338671816  115.1558869 
      120500   1477.31034  2212.408126  2099.601681  3689.718466 0.0138132852  118.7064547 
      120750  1508.531877  2181.184171  2110.578137  3689.716048 0.01426579495   120.840548 
      121000  1773.736363  1915.977555  2098.468063  3689.713917 0.01406042473   123.270235 
      121250  1782.794304  1906.917324  2106.636186  3689.711628 0.01410200171  117.0572403 
      121500  1486.261585  2203.447176   2108.39166  3689.708762 0.01479752422   127.245677 
      121750  1489.946907  2199.761449  2104.944951  3689.708356 0.01418920879  117.8355264 
      122000  1598.658616  2091.043889  2111.647616  3689.702506 0.01421374003  130.6767841 
      122250  1460.682409  2229.019148  2100.521543  3689.701558 0.01463940327  127.7642967 
      122500   1615.01017  2074.689955  2102.000485  3689.700124 0.01385839886  122.4120716 
      122750  1472.626229  2217.068748  2117.465098  3689.694977 0.01423108222  119.8833637 
      123000  1637.040573  2052.653806  2105.662597  3689.694378 0.01416435242  123.9545735 
      123250  1664.818906  2024.870132  2108.305996  3689.689038 0.01442108529  131.7239942 
      123500  1363.120187  2326.567828  2108.867621  3689.688015 0.01510020831  128.8923578 
      123750  1768.061178  1921.623771  2107.123927  3689.684949 0.01403164653  131.1888406 
      124000  1528.671604  2161.011346  2103.260098  3689.682951 0.01372225211  114.7563464 
      124250  1798.692541  1890.986869  2111.737667   3689.67941 0.0135923192  117.8127108 
      124500  1632.416106  2057.263157  2107.817758  3689.679262 0.0139017291  128.5698048 
      124750  1590.502624  2099.173533  2112.664273  3689.676156 0.01383310038  127.7718089 
      125000  1691.702023   1997.97014  2108.656037  3689.672162 0.01427536374  121.9051203 
      125250  1305.141386  2384.529285  2107.518704  3689.670671 0.0146969114  124.8948224 
      125500  1348.211181  2341.456429  2115.161335  3689.667611 0.01436378019  129.6161275 
      125750  1800.438103  1889.225133    2109.1059  3689.663236 0.01380565794   118.190259 
      126000  1742.362089  1947.299106  2110.828304  3689.661195 0.01366398545  116.0712703 
      126250   1379.59833  2310.060448  2113.206375  3689.658777  0.014805349  131.1089026 
      126500  1422.565961  2267.090511  2114.107806  3689.656473 0.01447231739  122.8491231 
      126750  1550.817503  2138.837471   2112.40911  3689.654973 0.01503846547  119.7957391 
      127000  1572.396784  2117.254238  2110.777668  3689.651022 0.01490302866   129.166358 
      127250  1478.340882  2211.303975  2112.797589  3689.644858 0.01482200947  125.7209446 
      127500  1518.485935  2171.160697  2110.711758  3689.646632 0.01443172126  124.6759938 
      127750  1825.583235   1864.05824  2114.894185  3689.641475 0.01398933267  119.3565077 
      128000  1343.458363  2346.182129   2108.42558  3689.640492 0.0152739715   128.415952 
      128250  1426.694318  2262.942972  2108.317918   3689.63729 0.01479237847  128.6489714 
      128500  1645.849064   2043.78573  2122.433355  3689.634794 0.01503188794  135.2875501 
      128750   1349.09728  2340.534941  2116.766024  3689.632221 0.01529368668  126.2678298 
      129000  1821.318894  1868.310769  2115.821503  3689.629663 0.01405881141  113.5865953 
      129250  1471.266162  2218.361133   2120.87306  3689.627295 0.01520460979   131.940772 
      129500  1928.522231  1761.102552  2116.704804  3689.624784 0.01410003623  126.9821593 
      129750  1683.590176  2006.028022  2108.566649  3689.618198 0.01434802236  120.0723007 
      130000  1517.718994   2171.89896  2107.847559  3689.617954 0.01418561929  120.4566543 
      130250   1600.53619  2089.077749  2105.675994  3689.613939 0.01475770981  129.6397239 
      130500  1489.483418  2200.128526  2115.498079  3689.611944 0.01464425894  119.3435439 
      130750  1430.434536  2259.175583  2117.420127  3689.610119 0.01572123857   132.505062 
      131000  1303.933523  2385.672053  2117.480641  3689.605576 0.0149492158  131.0179422 
      131250  1456.233375  2233.370327    2107.2175  3689.603702 0.01440872846   118.542855 
      131500  1835.615697  1853.985287  2115.030609  3689.600984 0.01383705861  120.0866122 
      131750  1698.493725  1991.105136  2118.123982  3689.598862 0.01427872582  133.3037822 
      132000  1713.114833  1976.483966  2115.274815  3689.598798 0.01406833406  115.4878832 
      132250   1591.53544  2098.056327  2109.763556  3689.591767 0.0143825034  119.7888239 
      132500  1481.312897  2208.277418  2107.073229  3689.590315 0.01462735335  125.6211056 
      132750  1767.304324   1922.28276  2110.267291  3689.587084 0.01407100635  117.7172328 
      133000  1537.563748  2152.018521  2113.301087  3689.582269 0.01458112627  128.3391506 
      133250  1481.410693  2208.171789  2110.237034  3689.582481 0.01513345345  121.0408388 
      133500  1417.494039  2272.087544  2119.714986  3689.581583 0.01453246677  124.5498415 
      133750  2172.549411  1517.027626  2120.125579  3689.577037 0.01337611356  113.6970612 
      134000  1369.187082  2320.387711  2115.842853  3689.574793 0.01500385634  123.7162956 
      134250  1749.619538  1939.950909  2112.415758  3689.570446 0.01447233744  121.7372099 
      134500  1744.710074  1944.858714  2107.951773  3689.568788 0.01450286499  133.3360856 
      134750  1663.826158  2025.739125  2097.279252  3689.565282 0.01389420378   119.849509 
      135000  1744.425733   1945.13712  2109.144447  3689.562852 0.01406134635  123.9192571 
      135250   1582.19476  2107.366171  2113.875484  3689.560931 0.01432675691  126.1636073 
 135500.0001  1671.012743  2018.545573  2114.950058  3689.558317 0.01430693104  125.5113886 
 135750.0001  1429.339878  2260.215026  2119.332726  3689.554903 0.01482646217  127.1039312 
 136000.0001  1585.572541  2103.982495  2112.310174  3689.555036 0.01423683122   126.849494 
 136250.0001  1407.944068  2281.605286  2110.684865  3689.549354 0.01461825588  129.0102316 
 136500.0001  1719.393653  1970.150415  2106.015298  3689.544068 0.01387224598  122.0390699 
 136750.0001  1607.460943  2082.082726  2113.983207  3689.543669 0.01471754296  124.2979267 
 137000.0001   1516.88864  2172.654532  2108.970929  3689.543172 0.01481236715  125.1726459 
 137250.0001  1694.350918  1995.189976  2106.755055  3689.540893 0.01432854467   125.782441 
 137500.0001  1685.403332  2004.132891  2111.903634  3689.536223 0.0146161423  130.6634217 
 137750.0001  1674.903905  2014.629279  2103.678419  3689.533184 0.01433989332  124.9857458 
 138000.0001  1548.096348  2141.433384    2101.8279  3689.529732 0.01432459184  120.7212921 
 138250.0001  1635.020074  2054.504033  2107.862263  3689.524107 0.01483478783  125.4439109 
 138500.0001  1569.653756  2119.872305  2123.888059  3689.526061 0.01435412701  113.2600725 
 138750.0001  1651.241553  2038.280599  2114.297168  3689.522152 0.01431359455  128.9718883 
 139000.0001  1750.555879  1938.963806  2112.450642  3689.519685 0.01449085982  119.3230727 
 139250.0001  1200.792524  2488.726797  2110.177759  3689.519321 0.01528882081  129.9036085 
 139500.0001  1542.801237  2146.710815  2104.086019  3689.512051 0.01414193564  124.4147236 
 139750.0001  1601.843711  2087.668524  2103.344446  3689.512235 0.01455970601  128.4313009 
 140000.0001  1770.880869  1918.626655  2105.902441  3689.507524 0.01426066478  138.6266187 
 140250.0001  1622.397611  2067.108757  2102.330097  3689.506368 0.01411505168  119.1021823 
 140500.0001  1563.029408  2126.474298  2108.910123  3689.503706 0.01466814752  124.7491321 
 140750.0001  1627.924705  2061.575519  2111.319833  3689.500224 0.01424841399  119.9237226 
 141000.0001  1582.559053  2106.940418  2110.133614  3689.499471 0.01433665164  118.9864868 
 141250.0001  1574.471723  2115.026549  2115.481356  3689.498273 0.01442278014  121.5700705 
 141500.0001  1655.532022  2033.960142  2109.419392  3689.492163 0.01468850568  127.4772443 
 141750.0001  1525.657932  2163.831243  2112.279366  3689.489175 0.01464759004  131.4305568 
 142000.0001  1479.635617  2209.853084  2117.259696  3689.488701 0.01469238497  120.2704341 
 142250.0001  1242.318802  2447.162854  2115.168128  3689.481656 0.01463726101  123.9884169 
 142500.0001  1307.194827  2382.288449  2111.301572  3689.483276 0.01488492214  127.1513146 
 142750.0001  1320.847241   2368.63038   2118.83951  3689.477621 0.01474860997   127.705907 
 143000.0001  1587.761532  2101.713751  2117.913977  3689.475283 0.01424066136  118.5889647 
 143250.0001  1752.767737  1936.703167  2106.458489  3689.470904 0.01399898457  131.7638201 
 143500.0001  1444.441252  2245.028412  2114.090227  3689.469665 0.01411890676  123.6208708 
 143750.0001  1634.295111  2055.171696  2112.087046  3689.466808 0.01428146846  124.0296886 
 144000.0001  1205.545581  2483.919462  2108.965593  3689.465043 0.01497865498  128.6839685 
 144250.0001  1756.053374  1933.407902  2107.294445  3689.461276 0.01401240511  130.1895294 
 144500.0001   1844.62361  1844.834406  2100.618954  3689.458015 0.01378022777  117.6243415 
 144750.0001  1951.380121  1738.076936  2106.846782  3689.457057 0.01403418067  117.6466391 
 145000.0001  1519.546589  2169.909639  2109.562246  3689.456228 0.0146566641  129.3072801 
 145250.0001  1612.638334  2076.812506  2110.665805   3689.45084 0.01434057317  120.7928937 
 145500.0001  1767.272833  1922.174278  2108.683309  3689.447111 0.0144659961  123.9602196 
 145750.0001  1661.160649  2028.285558  2117.305283  3689.446207 0.01422585966  132.0407445 
 146000.0001  1279.857825  2409.586349  2111.755815  3689.444173 0.01485816048  131.0537645 
 146250.0001  1635.170374  2054.267548   2112.62086  3689.437923 0.01395867226  122.5783183 
 146500.0001  1894.346555  1795.092044  2114.104921  3689.438599 0.01346450393  116.2010348 
 146750.0001  1778.915548  1910.517226  2101.064899  3689.432773 0.01372688694  119.0726855 
 147000.0001  1335.169435  2354.261653   2104.12017  3689.431088 0.01492915243   126.650423 
 147250.0001  1400.516356  2288.913991  2105.827382  3689.430346 0.01461502307  117.2150697 
 147500.0001  1625.308778  2064.118886  2104.321209  3689.427664 0.01460562274  126.6358715 
 147750.0001  1721.204142  1968.217392  2113.008091  3689.421534 0.0143101722  127.2369057 
 148000.0001  1397.020212  2292.398572  2111.299825  3689.418783 0.01458977224  119.8668277 
 148250.0001  1615.492516  2073.925367  2103.985772  3689.417883 0.01427761922  130.3008795 
 148500.0001  1364.756489  2324.658345  2101.167311  3689.414834 0.01427671884  123.6213886 
 148750.0001  1653.134519  2036.278532  2099.465859  3689.413051 0.01395200796  126.7699564 
 149000.0001  1620.770189  2068.639453  2107.186856  3689.409642 0.01416625131  116.3019078 
 149250.0001  1715.393474  1974.012177  2106.312271  3689.405652 0.01378198865  124.9169965 
 149500.0001  1904.609528  1784.794045  2109.024167  3689.403573 0.01343518535  122.4183817 
 149750.0001  1543.286053  2146.114968  2110.059076  3689.401021 0.01385158098  119.3310462 
