 0 2.935818395
 1 2.726683306
 2 0.783011016
 3 0.1837703419
 4 0.1039825711
 5 1.059891343
 6 2.594930531
 7 0.567936116
 8 0.7698469035
 9 2.667823471
 10 4.160787528
 11 18.3696898
 12 9.869244397
 13 3.974277799
 14 4.327524804
 15 1.334768377
 16 2.13702385
 17 3.246174845
 18 2.950977729
 19 6.241715677
 20 0.7264347362
 21 0.4987442439
 22 1.480069899
 23 0.8826558128
 24 1.807300365
 25 1.869512249
 26 4.372854522
 27 122.1292037
 28 2.539136325
 29 0.7059356544
 30 4.027272781
 31 9.53649489
 32 1.920182016
 33 0.9668626266
 34 1.929476507
 35 0.6044435969
 36 0.2868059012
 37 0.2175675381
 38 1.428312762
 39 0.4833581878
 40 0.331595915
 41 0.6794718272
 42 0.7366960698
 43 0.2859916428
 44 0.04215097001
 45 0.1109017452
 46 0.3082469379
 47 0.8308518989
 48 0.8573621892
 49 0.9020797458
 50 0.5452220589
 51 1.91341493
 52 1.456061888
 53 0.7325226711
 54 0.4688392909
 55 0.8697052966
 56 2.216652231
 57 0.7475489173
 58 1.530147355
 59 3.989245625
 60 2.060465559
 61 0.8186983565
 62 3.317785447
 63 0.588285532
 64 1.156516257
 65 0.439449346
 66 5.419183689
 67 0.9616123521
 68 0.6065394799
 69 0.9916364647
 70 0.8401231087
 71 0.7278386118
 72 2.028180673
 73 2.351745989
 74 0.4637300445
 75 0.4447681775
 76 0.8524102123
 77 0.5252815963
 78 1.039904606
 79 0.6581578087
 80 0.9888384052
 81 0.7015594043
 82 0.1800209342
 83 1.923359876
 84 0.5927130271
 85 2.472356625
 86 7.11097508
 87 4.159086876
 88 0.6307592921
 89 2.666047527
 90 0.9564690423
 91 1.568372615
 92 0.7883066931
 93 0.7103467893
 94 1.974175003
 95 0.6339108748
 96 2.217554178
 97 2.72635825
 98 1.283398827
 99 0.5229785478
 100 0.1101172503
 101 0.8581194674
 102 0.4757940169
 103 2.448877896
 104 1.235059451
 105 1.095978933
 106 1.637769521
 107 3.690685288
 108 12.67877199
 109 0.3648633574
 110 2.761939152
 111 1.072766073
 112 0.5110144097
 113 0.1949748369
 114 0.8514308061
 115 1.431237609
 116 0.7683018465
 117 1.842283758
 118 3.422850568
 119 2.006083499
 120 6.644863567
 121 2.852151772
 122 1.941817379
 123 3.015556585
 124 2.626496594
 125 0.8930033363
 126 0.8914136943
 127 0.4216270925
 128 1.380972645
 129 0.9447016989
 130 1.825868734
 131 0.3785492551
 132 1.155743588
 133 4.065825432
 134 104.1124853
 135 4.90687414
 136 3.103959095
 137 0.6493314538
 138 1.480515044
 139 0.4072192697
 140 5.762103903
 141 9.355026324
 142 1.327551741
 143 0.4783999222
 144 0.6925516774
 145 2.491761437
 146 1.940067845
 147 0.6773489207
 148 0.3329921097
 149 0.6695200741
 150 3.477254597
 151 0.3690966876
 152 0.8227537304
 153 1.950099548
 154 0.3707742886
 155 2.025236594
 156 1.570577647
 157 0.2415265411
 158 0.6812369733
 159 2.251618454
 160 0.3901091597
 161 2.019739622
 162 0.4347297891
 163 1.027574273
 164 3.539054435
 165 1.910576374
 166 1.257049676
 167 0.4238512473
 168 3.205821536
 169 0.4303077017
 170 0.5811499795
 171 0.1107141485
 172 0.3311685185
 173 0.6803898643
 174 1.295590581
 175 4.38545016
 176 1.705279575
 177 1.402964875
 178 0.9544857789
 179 0.3375408472
 180 2.485154308
 181 5.036929609
 182 2.701326606
 183 0.8889189499
 184 95.88726502
 185 7.260599859
 186 3.13050241
 187 1.457594682
 188 0.4557207058
 189 1.354443659
 190 2.084389885
 191 2.122790152
 192 4.01248714
 193 2.334877375
 194 0.9233643596
 195 0.3116351536
 196 0.520399051
 197 2.453755449
 198 0.8327104134
 199 0.05080559848
 200 0.1126290801
 201 0.1011210031
 202 0.6432266332
 203 0.310667203
 204 0.5308304982
 205 0.951644767
 206 0.2805058541
 207 3.926449045
 208 0.8305519551
 209 2.282386584
 210 2.801734715
 211 1.80746685
 212 0.1680212803
 213 0.5244683022
 214 2.932246216
 215 2.967188731
 216 0.4070856366
 217 0.8037460813
 218 2.992650207
 219 6.19506341
 220 2.142818735
 221 0.6037401154
 222 0.6900160613
 223 2.835822662
 224 7.668860066
 225 88.49033468
 226 7.050492525
 227 1.442065181
 228 3.258945959
 229 0.9690773097
 230 0.1853296658
 231 0.4080971112
 232 0.2160237826
 233 1.517960172
 234 0.7729640207
 235 1.798899924
 236 2.678093595
 237 1.457361114
 238 1.621314292
 239 1.911655891
 240 1.232706288
 241 1.548565903
 242 0.6769780805
 243 0.6275889063
 244 1.517215214
 245 1.910507914
 246 1.93501399
 247 0.2355049884
 248 1.220079184
 249 3.53794905
 250 1.906102872
 251 1.696094736
 252 1.97242725
 253 6.676988702
 254 0.3565786354
 255 0.463882208
 256 0.1609112923
 257 0.05433230928
 258 0.8725754823
 259 1.582849047
 260 0.3503495467
 261 0.4190436722
 262 4.526104104
 263 0.2412483939
 264 0.633374029
 265 1.074461997
 266 0.2409272212
 267 2.442575776
 268 3.116050727
 269 2.221338079
 270 1.42079569
 271 0.183191038
 272 1.095267793
 273 3.473287306
 274 1.210773525
 275 2.20503987
 276 84.41107709
 277 3.906615732
 278 0.977963552
 279 0.9351363118
 280 0.2625850847
 281 0.2062610341
 282 0.6402696884
 283 3.562006837
 284 1.26323304
 285 1.996263685
 286 1.347382117
 287 0.3628454115
 288 0.1158479906
 289 0.7408825927
 290 2.540414419
 291 2.097027712
 292 1.965669397
 293 3.760252734
 294 2.464892328
 295 1.243431739
 296 0.4210038389
 297 0.3573611607
 298 2.393355223
 299 2.227961443
 300 0.6740110744
 301 5.48895674
 302 92.40641905
 303 7.498376164
 304 1.193479201
 305 0.9964392346
 306 0.2839750161
 307 2.793587744
 308 3.154660928
 309 2.867840837
 310 1.133241558
 311 0.1154048124
 312 0.7120145354
 313 0.6151381075
 314 0.330446582
 315 0.4315312773
 316 0.2488187344
 317 0.8201401493
 318 0.6890014998
 319 0.5983648811
 320 0.4105205449
 321 0.3216142213
 322 0.5739216531
 323 0.695590736
 324 1.399470755
 325 1.287776254
 326 0.5809662476
 327 2.556071671
 328 1.95461802
 329 6.733153314
 330 87.87849815
 331 7.931902964
 332 1.302357951
 333 2.756399027
 334 0.6224169487
 335 0.05630034728
 336 0.1465460256
 337 0.3436800406
 338 1.597143127
 339 1.56808396
 340 0.399092884
 341 1.558781442
 342 3.289396227
 343 1.058966436
 344 1.0815925
 345 0.5743013541
 346 1.02966921
 347 0.8024124177
 348 1.149766834
 349 0.3284718837
 350 1.082907946
 351 2.671354017
 352 4.121881036
 353 0.7495193763
 354 14.01296479
 355 2.555010682
 356 5.110061761
 357 1.761066555
 358 0.5515743815
 359 1.685654018
 360 1.234825628
 361 8.282474828
 362 0.875627138
 363 0.3055532655
 364 0.6568881085
 365 0.3536408228
 366 2.310298054
 367 0.3709503532
 368 0.05549676308
 369 8.196163643
 370 106.2821722
 371 12.56593244
 372 0.1849556014
 373 0.6449781564
 374 0.3937748809
 375 1.356117847
 376 1.375786278
 377 0.5445136702
 378 1.865960871
 379 0.6843821912
 380 1.660628551
 381 0.9224741207
 382 2.454732271
 383 2.494259233
 384 1.963371786
 385 1.586967406
 386 0.1972867821
 387 0.685986741
 388 0.9783980367
 389 1.063634717
 390 1.32493792
 391 0.9657221732
 392 1.665235287
 393 4.704393826
 394 4.162366663
 395 0.5082319772
 396 0.2763864304
 397 1.833062725
 398 1.946742995
 399 1.935136687
 400 0.4157143649
 401 2.100882412
 402 1.405543821
 403 4.746106107
 404 0.1419406035
 405 0.3761589285
 406 0.9445139941
 407 0.618695228
 408 0.1045245522
 409 0.1385370004
 410 1.944957495
 411 0.4932797325
 412 0.3444644852
 413 0.04746011868
 414 1.008337005
 415 1.494808328
 416 0.6658379006
 417 0.3556639402
 418 1.646979441
 419 3.510089034
 420 1.872786609
 421 1.762631245
 422 3.445855774
 423 3.562384552
 424 1.115342706
 425 2.469037479
 426 2.707679726
 427 1.545198129
 428 1.957759304
 429 0.07584420856
 430 0.1308738185
 431 0.6830930504
 432 0.3788955162
 433 4.860639206
 434 7.427604534
 435 2.908826371
 436 1.325357718
 437 1.112148076
 438 1.167337966
 439 0.05536052969
 440 0.4113190256
 441 1.535437196
 442 3.244335088
 443 1.974015675
 444 1.775754869
 445 0.6844253455
 446 1.091838411
 447 0.2519191252
 448 0.09922508985
 449 0.3498467441
 450 0.8471684943
 451 1.543381922
 452 0.5206929753
 453 1.827741028
 454 1.857090769
 455 0.6681490517
 456 1.839074953
 457 15.39308228
 458 92.83136222
 459 5.803703548
 460 1.573642742
 461 0.8904707793
 462 0.8099875554
 463 0.2236364529
 464 0.3350928795
 465 1.977253241
 466 1.675244554
 467 0.5981760409
 468 0.675570743
 469 1.618659774
 470 0.3815761196
 471 2.699848496
 472 2.207246472
 473 1.818062588
 474 0.8100308331
 475 0.5400324364
 476 0.8325894304
 477 1.052175709
 478 2.455998261
 479 0.4074928366
 480 2.590391838
 481 2.569928286
 482 3.014211809
 483 2.126403486
 484 1.242105125
 485 2.119364041
 486 0.1274157441
 487 0.9704845816
 488 1.248261472
 489 0.119418238
 490 2.131093304
 491 0.9896337048
 492 2.182982239
 493 1.925651552
 494 0.5332332568
 495 4.611861086
 496 1.177137767
 497 0.2494716235
 498 0.1290174754
 499 0.3090016171
 500 0.6451477286
 501 2.921502165
 502 1.564219948
 503 1.462260647
 504 9.155519818
 505 100.1880065
 506 10.47272407
 507 0.5984591112
 508 1.679228181
 509 1.094759985
 510 1.041196622
 511 2.672245701
 512 0.7575410226
 513 1.951533828
 514 3.485029826
 515 4.809547139
 516 0.6082375787
 517 0.5962063846
 518 0.8430033919
 519 3.2134594
 520 1.409408427
 521 2.669792235
 522 1.033346018
 523 1.447161932
 524 0.7129180271
 525 0.1028922442
 526 0.9137819415
 527 0.8090413016
 528 0.5072846089
 529 1.861993562
 530 0.103049315
 531 0.9913404238
 532 1.276035858
 533 0.3639528183
 534 3.674415411
 535 0.4274001495
 536 0.7458383665
 537 1.358996916
 538 2.301317272
 539 2.889130749
 540 1.656310444
 541 1.068429659
 542 0.7729666062
 543 0.6960132812
 544 0.6435594674
 545 0.4219941826
 546 5.747790343
 547 92.78593581
 548 9.008999034
 549 3.745078959
 550 1.818076481
 551 2.827628313
 552 0.3600924752
 553 4.183641117
 554 1.148553574
 555 5.223689335
 556 0.5198330668
 557 3.466835421
 558 1.166834383
 559 2.675118816
 560 2.603714391
 561 0.707931755
 562 0.1301340775
 563 1.055404786
 564 4.858353161
 565 4.095148046
 566 0.5356952388
 567 5.207204505
 568 3.122079434
 569 1.731611195
 570 2.958172473
 571 0.6823251917
 572 3.344223275
 573 2.756850774
 574 0.6924593548
 575 4.652050981
 576 2.381023591
 577 0.8570286186
 578 1.995444519
 579 2.054391048
 580 2.233438002
 581 1.327135854
 582 3.111737295
 583 0.9261033973
 584 2.62235653
 585 6.436362968
 586 0.8158238415
 587 1.140157952
 588 1.116754707
 589 0.5968349514
 590 0.9053679634
 591 0.0930355411
 592 0.7881091985
 593 0.08429654837
 594 1.313972993
 595 3.730205467
 596 4.215766884
 597 1.191374231
 598 0.2300388017
 599 0.3258988249
 600 0.9836097755
 601 0.1599039815
 602 0.3601832208
 603 3.409388603
 604 2.374478257
 605 1.587607058
 606 1.249917256
 607 2.447236024
 608 2.803135728
 609 0.2943684386
 610 0.3054825818
 611 0.219193487
 612 2.654886002
 613 0.4805167967
 614 6.233291074
 615 107.4460617
 616 10.88584534
 617 0.640072737
 618 0.1437256392
 619 1.570757395
 620 0.1414861066
 621 0.1317934041
 622 0.6037010886
 623 1.841689336
 624 0.5641513239
 625 0.4567268725
 626 0.9074226782
 627 1.118782905
 628 1.070091342
 629 3.059951457
 630 0.8495580469
 631 0.7650445667
 632 1.118271652
 633 0.7706480857
 634 0.6094698
 635 3.310563009
 636 4.728937346
 637 5.053315015
 638 2.711461585
 639 9.615896769
 640 78.82364277
 641 15.28647549
 642 2.988586384
 643 2.51025759
 644 0.571924396
 645 0.135844121
 646 1.265144689
 647 3.625229885
 648 1.967391888
 649 0.3372767277
 650 0.7720552891
 651 0.5542403247
 652 0.6160352397
 653 0.2176004135
 654 0.1155531581
 655 1.204344976
 656 0.6129640354
 657 1.292485029
 658 0.3160760901
 659 0.1683964647
 660 0.8457990577
 661 0.943888791
 662 3.0901215
 663 5.190711441
 664 1.38773579
 665 0.1683206005
 666 3.307931561
 667 6.978345006
 668 0.9382384307
 669 0.394895132
 670 1.399060781
 671 0.4612131642
 672 0.8211759109
 673 1.730144921
 674 0.3091576317
 675 2.589357462
 676 9.134534826
 677 1.378544479
 678 1.153034074
 679 0.6225423372
 680 1.275459574
 681 3.174559249
 682 0.8801961228
 683 1.076791497
 684 0.3698270102
 685 4.273761072
 686 114.8388388
 687 2.069306401
 688 8.864428414
 689 3.42344678
 690 2.81569191
 691 1.559010365
 692 1.095960046
 693 1.22195747
 694 1.243483456
 695 0.6696286474
 696 0.2728512999
 697 0.1671581176
 698 1.575121799
 699 0.5217991031
 700 2.566115724
 701 2.863593191
 702 1.119959219
 703 1.158517758
 704 2.911288013
 705 1.383612469
 706 0.1936530188
 707 1.205688794
 708 0.2918941411
 709 0.6339879816
 710 0.7329366456
 711 0.3647524405
 712 0.2508483984
 713 0.2834665924
 714 1.647435716
 715 1.778149858
 716 6.609525142
 717 3.74285235
 718 0.2034480728
 719 0.1918631706
 720 1.06070337
 721 0.7759523226
 722 1.951808212
 723 1.337456574
 724 2.39645231
 725 0.5762813224
 726 1.219061223
 727 0.4947258425
 728 0.6136331663
 729 0.7259585635
 730 0.104785598
 731 0.03991879092
 732 0.645783563
 733 7.27943718
 734 3.719510406
 735 0.5959816589
 736 1.837730129
 737 0.4845335707
 738 1.374676551
 739 0.6153427915
 740 0.2897428852
 741 1.55524336
 742 2.464828493
 743 5.889354048
 744 0.610886221
 745 0.6218747438
 746 0.9233885741
 747 0.5443309558
 748 0.71588158
 749 0.4898984548
 750 0.7958691805
 751 0.2867602555
 752 0.5962253543
 753 0.3068552432
 754 0.4993834462
 755 0.6390686475
 756 1.545464088
 757 0.5516836315
 758 7.229266603
 759 12.00883973
 760 94.85075967
 761 7.756447855
 762 6.759826571
 763 3.763296313
 764 8.47697301
 765 5.203719069
 766 1.836137777
 767 1.501728901
 768 1.642463922
 769 0.8478253491
 770 0.8768923124
 771 1.053505422
 772 1.029711066
 773 0.5844189761
 774 1.872601432
 775 1.693401019
 776 3.380709232
 777 0.7186984262
 778 0.1281947092
 779 3.169322264
 780 0.6575991668
 781 0.2591703897
 782 3.452810141
 783 1.268984791
 784 1.105411334
 785 2.34159065
 786 1.843466483
 787 1.861652756
 788 0.4178942255
 789 0.545830368
 790 2.022029893
 791 0.7690067373
 792 0.2669660167
 793 0.5741385097
 794 4.418145611
 795 7.18288844
 796 3.286661953
 797 1.829998297
 798 2.063640379
 799 5.905953099
 800 2.490813341
 801 0.6080339197
 802 0.6027685387
 803 0.6929810014
 804 1.633743218
 805 0.8059540521
 806 2.035308817
 807 4.615196586
 808 0.6734397287
 809 0.08162958418
 810 3.312893796
 811 0.3534431523
 812 0.4202571301
 813 0.7568382392
 814 0.4552791674
 815 1.129754332
 816 2.321563673
 817 1.136747416
 818 2.279863107
 819 2.620919648
 820 7.577254341
 821 3.439928492
 822 0.4816544364
 823 1.06131819
 824 0.9507215955
 825 2.449791988
 826 3.907338759
 827 1.48198936
 828 2.597491269
 829 0.5742880241
 830 2.479884378
 831 5.337769928
 832 0.6503852623
 833 1.175981593
 834 0.4873856276
 835 1.096635811
 836 8.830532507
 837 120.7991926
 838 3.565046989
 839 3.364768422
 840 0.04837932754
 841 4.866388922
 842 1.574679487
 843 0.6936876285
 844 2.378184954
 845 1.555176239
 846 0.08710083906
 847 1.897607064
 848 2.11198286
 849 0.7299311605
 850 0.3225890004
 851 0.7255819516
 852 0.9599429766
 853 0.2709134713
 854 0.3735170925
 855 0.8033556772
 856 1.34923798
 857 0.7009918609
 858 1.151901472
 859 1.308219884
 860 1.742718985
 861 0.218059914
 862 0.7285506668
 863 5.936905763
 864 4.364924174
 865 6.013778462
 866 2.721120737
 867 1.628713701
 868 0.381222304
 869 0.4040246642
 870 1.343214274
 871 4.70783072
 872 1.288959188
 873 6.282419376
 874 7.711602873
 875 9.36373505
 876 1.927758408
 877 0.9215563914
 878 2.467609754
 879 0.6825562414
 880 1.984315757
 881 0.9378007509
 882 0.2376323837
 883 4.779814003
 884 5.900009808
 885 127.7451268
 886 3.440831033
 887 2.441940185
 888 1.103363792
 889 3.038012181
 890 0.3990423777
 891 0.73960373
 892 1.537975456
 893 1.642463865
 894 1.655618653
 895 0.2909255414
 896 0.8698052703
 897 2.475069112
 898 0.1983651397
 899 0.6129231148
 900 1.293262649
 901 4.727276694
 902 1.381252416
 903 0.629926285
 904 1.601072465
 905 0.3830293486
 906 2.05086279
 907 0.3160709074
 908 0.1701380151
 909 0.3692681028
 910 1.36193686
 911 0.1574238828
 912 0.2839179966
 913 2.466240629
 914 4.40147512
 915 0.3023521065
 916 2.317344579
 917 0.7916618332
 918 1.621373218
 919 2.254846862
 920 0.6475573887
 921 2.393314063
 922 2.982053373
 923 1.123476923
 924 0.3457227307
 925 0.619014867
 926 0.2772165379
 927 2.413010665
 928 4.848533156
 929 1.389819825
 930 0.8475869896
 931 1.306605253
 932 0.7049909713
 933 0.8632346103
 934 1.379025349
 935 2.711007436
 936 2.752643407
 937 0.0850155425
 938 0.4885999437
 939 3.777384251
 940 1.812323583
 941 7.668246722
 942 3.343623495
 943 4.878962726
 944 3.14806563
 945 1.701157993
 946 0.5622653325
 947 0.1664069289
 948 1.913355459
 949 0.2851408672
 950 0.2796255724
 951 2.848292358
 952 1.839459883
 953 1.541753085
 954 0.6623506535
 955 1.798332545
 956 1.362846579
 957 0.9635373262
 958 2.041873572
 959 1.253568498
 960 2.392577851
 961 1.843493709
 962 0.4445531195
 963 0.3587441761
 964 0.9237269147
 965 0.6780381752
 966 1.040077635
 967 1.918747181
 968 0.8328237272
 969 0.5661384428
 970 6.805257299
 971 1.167278877
 972 1.170484383
 973 1.413142955
 974 6.340447559
 975 105.996528
 976 14.66058642
 977 9.981730361
 978 1.775959755
 979 4.278368497
 980 0.3789904253
 981 1.549748513
 982 3.244945594
 983 1.463028907
 984 2.341168325
 985 4.206632191
 986 2.324839958
 987 3.233190228
 988 0.5790687708
 989 1.171199043
 990 3.183712369
 991 5.059523381
 992 1.303094931
 993 0.2364271266
 994 1.878329448
 995 4.365500549
 996 2.484712723
 997 0.8111182117
 998 4.486012883
 999 6.744154819
