 4.973146142 
 4.973146775 
 4.971377391 
 4.973148883 
  4.97137965 
 4.973151014 
 4.971381436 
 4.973152374 
 4.971382311 
 4.973152783 
  4.97138226 
 4.973152326 
 4.973151938 
 4.971381086 
 4.973150483 
  4.97137936 
 4.973148569 
 4.971377246 
  4.97314633 
 4.971374866 
 4.973143878 
 4.971372321 
 4.973141304 
 4.971369693 
 4.973138681 
 4.971367049 
  4.97313607 
 4.971364444 
  4.97313352 
 4.971361922 
 4.973131069 
 4.971359518 
 4.973128754 
 4.971357265 
   4.9731266 
 4.973125709 
 4.971354547 
 4.973123817 
 4.971352721 
 4.973122128 
 4.971351108 
 4.973120655 
 4.971349718 
 4.973119408 
 4.971348556 
 4.973118386 
 4.971347623 
  4.97311759 
 4.971346916 
 4.973117016 
 4.971346433 
 4.973116663 
 4.971346172 
 4.973116527 
 4.973116658 
 4.971346514 
 4.973116824 
 4.971346745 
 4.973117189 
 4.971347174 
  4.97311774 
 4.971347786 
 4.973118465 
 4.971348565 
 4.973119347 
 4.971349499 
 4.973120373 
 4.971350568 
 4.973121522 
  4.97135176 
 4.973122784 
 4.971353052 
 4.973124133 
 4.971354433 
 4.973125566 
  4.97312641 
 4.971356922 
 4.973127905 
 4.971358413 
