         180 -0.07916709644 
         181 0.08955733114 
         182 -0.1012621233 
         183 0.1144247741 
         184 -0.1291917946 
         185 0.1457085108 
         186 -0.1641130743 
         187 0.1845229967 
         188 -0.2070180599 
         189 0.2316180531 
         190 -0.2582493666 
         191 0.2867075055 
         192 -0.316614981 
         193 0.3473790556 
         194 -0.3781572117 
         195  0.407848679 
         196 -0.435123005 
         197 0.4585067743 
         198 -0.4765310995 
         199 0.4879273636 
         200 -0.4918289008 
         201 0.4879273158 
         202 -0.4765311777 
         203 0.4585065752 
         204 -0.4351228526 
         205 0.4078486027 
         206 -0.3781574195 
         207 0.3473790752 
         208 -0.3166152336 
         209 0.2867074913 
         210 -0.2582491282 
         211 0.2316179506 
         212 -0.207018205 
         213  0.184522796 
         214 -0.1641130419 
         215 0.1457087122 
         216 -0.1291916276 
         217 0.1144248001 
         218 -0.1012624763 
         219 0.08955743233 
         220 -0.07916685674 
         221 0.06995611772 
         222 -0.0617987885 
         223 0.05457998628 
         224 -0.04819639741 
         225 0.04255479099 
         226 -0.03757170941 
         227 0.03317240816 
         228 -0.02928943056 
         229 0.02586231585 
         230 -0.0228373567 
         231 0.0201669784 
         232 -0.01781062657 
         233 0.0157315569 
         234 -0.01389784617 
         235 0.01228106617 
         236 -0.0108558614 
         237 0.009598889826 
         238 -0.008489947669 
         239 0.007511278793 
