 14.50364453 
  14.5077339 
 14.50369192 
 14.50357011 
 14.50307501 
 14.50766762 
 14.50207571 
 14.50175892 
 14.50672804 
  14.5015568 
 14.50162201 
 14.50688835 
 14.50190884 
 14.50205845 
 14.50731382 
 14.50225088 
 14.50227153 
 14.50224527 
 14.50731992 
 14.50210201 
 14.50201634 
 14.50707994 
 14.50189513 
 14.50187589 
 14.50702413 
 14.50192632 
 14.50198021 
 14.50717644 
 14.50209608 
 14.50213305 
 14.50215133 
 14.50727921 
 14.50211838 
 14.50207691 
  14.5071648 
 14.50198389 
 14.50195017 
 14.50707058 
  14.5019376 
 14.50195748 
 14.50712916 
 14.50203798 
  14.5020776 
 14.50210088 
 14.50725158 
 14.50212087 
 14.50209329 
 14.50720142 
 14.50203454 
 14.50198233 
 14.50710743 
 14.50195138 
 14.50195971 
 14.50710673 
 14.50200017 
 14.50203212 
 14.50208162 
 14.50725184 
 14.50211796 
 14.50205766 
 14.50721542 
 14.50211507 
  14.5020018 
 14.50707801 
 14.50207093 
 14.50188677 
   14.507121 
  14.5020386 
 14.50190223 
 14.50733053 
 14.50189311 
  14.5022974 
 14.50187412 
 14.50747434 
 14.50182504 
 14.50229932 
 14.50693012 
 14.50216811 
 14.50190556 
 14.50702613 
