         180 0.0006382949424 
         181 -0.0008575410589 
         182 0.001230799321 
         183 -0.001706356262 
         184 0.002263652132 
         185 -0.003055446497 
         186 0.004446415452 
         187 -0.006860653464 
         188 0.01067091457 
         189 -0.01615666773 
         190 0.02375263451 
         191 -0.0343819989 
         192 0.04978993108 
         193 -0.07271113371 
         194 0.1068470091 
         195 -0.1567934486 
         196 0.2275704831 
         197 -0.3227383357 
         198 0.4379512408 
         199 -0.5472307601 
         200 0.5958549486 
         201 -0.5472307601 
         202 0.4379512408 
         203 -0.3227383358 
         204 0.2275704832 
         205 -0.1567934486 
         206 0.1068470091 
         207 -0.07271113371 
         208 0.04978993108 
         209 -0.03438199891 
         210 0.02375263451 
         211 -0.01615666774 
         212 0.01067091458 
         213 -0.006860653464 
         214 0.004446415452 
         215 -0.003055446497 
         216 0.002263652133 
         217 -0.001706356262 
         218 0.00123079932 
         219 -0.0008575410587 
         220 0.0006382949424 
         221 -0.0005295034859 
         222 0.0003733601356 
         223 -6.845078825e-05 
         224 -0.0003132644141 
         225 0.0005073474534 
         226 -0.0002772834962 
         227 -0.0003453454435 
         228 0.0009866365936 
         229 -0.001134114197 
         230 0.0005425100871 
         231 0.0005190553886 
         232 -0.001350017086 
         233 0.001293710268 
         234 -0.0002424571477 
         235 -0.001195090428 
         236 0.002045706341 
         237 -0.001655839325 
         238 0.0001945273585 
         239 0.001392845915 
