         180 -0.0007593849098 
         181 -0.0009528866414 
         182 -0.001209818549 
         183 -0.001626723745 
         184 -0.00231696966 
         185 -0.003471845177 
         186 -0.005409637659 
         187 -0.008602988476 
         188 -0.01377523693 
         189 -0.022124248 
         190 -0.03550088076 
         191 -0.05683752053 
         192 -0.09088662613 
         193 -0.1450825095 
         194 -0.2311131222 
         195 -0.3668134222 
         196 -0.5769524417 
         197 -0.8879571965 
         198 -1.298852555 
         199 -1.710962813 
         200 -1.897088401 
         201 -1.710962813 
         202 -1.298852555 
         203 -0.8879571965 
         204 -0.5769524418 
         205 -0.3668134222 
         206 -0.2311131223 
         207 -0.1450825095 
         208 -0.09088662613 
         209 -0.05683752053 
         210 -0.03550088076 
         211 -0.022124248 
         212 -0.01377523693 
         213 -0.008602988476 
         214 -0.005409637659 
         215 -0.003471845177 
         216 -0.002316969661 
         217 -0.001626723744 
         218 -0.001209818549 
         219 -0.0009528866418 
         220 -0.0007593849098 
         221 -0.0005829844584 
         222 -0.00043317019 
         223 -0.0002639933546 
         224 -9.878505972e-05 
         225 1.511383875e-05 
         226 0.000134170477 
         227 0.0001917440409 
         228 0.000172482074 
         229 0.000156450013 
         230 5.308566649e-05 
         231 -7.943351631e-05 
         232 -0.0001675439869 
         233 -0.0003124431399 
         234 -0.0003917168708 
         235 -0.0004012554166 
         236 -0.000434801836 
         237 -0.0003565357589 
         238 -0.0002528132766 
         239 -0.0001822529769 
