         180 -0.001036008549 
         181 -0.001081799387 
         182 -0.001100522929 
         183 -0.0005091368681 
         184 -9.863118359e-05 
         185 0.0005480224324 
         186 0.001648541343 
         187 0.002535102583 
         188 0.004122272727 
         189 0.006537792534 
         190 0.01004618599 
         191 0.01671165401 
         192 0.02815562259 
         193 0.04819491965 
         194 0.08423506312 
         195 0.1468654055 
         196  0.256001505 
         197 0.4409650838 
         198 0.7322749602 
         199  1.091762376 
         200  1.266572026 
         201  1.091762383 
         202 0.7322749674 
         203 0.4409650887 
         204  0.256001508 
         205 0.1468654073 
         206 0.08423506418 
         207 0.04819492026 
         208 0.02815562295 
         209 0.01671165421 
         210 0.01004618611 
         211 0.006537792606 
         212 0.004122272765 
         213 0.002535102607 
         214 0.001648541356 
         215 0.0005480224388 
         216 -9.863117677e-05 
         217 -0.0005091368664 
         218 -0.001100522928 
         219 -0.001081799384 
         220 -0.00103600855 
         221 -0.0009527821437 
         222 -0.0003876855999 
         223 -1.799400846e-05 
         224 0.0003921735657 
         225 0.0009349293588 
         226 0.001103716548 
         227 0.00119854491 
         228 0.001217219657 
         229 0.0008566905852 
         230 0.0005050180495 
         231 0.000119169992 
         232 -0.0003848123637 
         233 -0.0007150352892 
         234 -0.0008797561357 
         235 -0.0009792829818 
         236 -0.0008851377402 
         237 -0.0005297260815 
         238 -0.0002875711529 
         239 7.619232408e-05 
