         180 0.06620681125 
         181 0.07472615655 
         182 0.08430660407 
         183 0.09505969634 
         184 0.1071013621 
         185 0.1205450753 
         186 0.1354949498 
         187 0.1520353074 
         188 0.1702178206 
         189 0.1900418734 
         190 0.2114312525 
         191 0.2342040131 
         192 0.2580423032 
         193 0.2824589364 
         194 0.3067795161 
         195 0.3301361301 
         196 0.3514972414 
         197 0.3697376784 
         198 0.3837497459 
         199 0.3925871778 
         200 0.3956087674 
         201 0.3925872715 
         202 0.3837498668 
         203 0.3697376186 
         204 0.3514974307 
         205 0.3301362012 
         206 0.3067795272 
         207 0.2824592078 
         208 0.2580418451 
         209 0.2342040848 
         210 0.2114312028 
         211 0.1900420606 
         212 0.1702177701 
         213 0.1520351916 
         214 0.1354946357 
         215  0.120545083 
         216 0.1071016021 
         217 0.09505992723 
         218 0.08430614862 
         219 0.07472617776 
         220 0.06620663481 
         221 0.05864098093 
         222 0.05192946523 
         223 0.04597935212 
         224 0.04070826949 
         225 0.03604085214 
         226 0.0319101369 
         227 0.02825548374 
         228 0.02502408581 
         229 0.02216788964 
         230 0.01964452197 
         231 0.01741609586 
         232 0.01544888501 
         233 0.01371236353 
         234 0.01218066572 
         235 0.01082885748 
         236 0.009635498978 
         237 0.008581998306 
         238 0.007651443741 
         239 0.006829258662 
