           0 0.003419717123
           1 0.007227328322
           2 0.006450651825
           3 0.01351596944
           4 0.02071406784
           5 0.02022691084
           6 0.03351362756
           7 0.04115430568
           8 0.04152984693
           9 0.03709906757
          10 0.03584025124
          11 0.03102143566
          12 0.03646610932
          13 0.02917900784
          14 0.03173460948
          15 0.02074819971
          16 0.01357008762
          17 0.007524963735
          18 0.005011575137
          19 0.002187646121
          20 0.001214341938
          21 0.004017851318
          22 0.00444718035
          23 0.006323827443
          24 0.007543457748
          25 0.008629683201
          26 0.01394193883
          27 0.01804770386
          28 0.02374757418
          29 0.02486633208
          30 0.02915397029
          31 0.03616553098
          32 0.03202513325
          33 0.03731254063
          34 0.03793824378
          35 0.03944301679
          36 0.03090633297
          37 0.05879197196
          38 0.04677286563
          39  0.045019049
          40 0.05028654323
          41 0.03946043593
          42 0.04247113989
          43 0.03773005146
          44 0.03603906882
          45 0.02436980088
          46 0.02302474886
          47 0.02032627164
          48 0.02814232227
          49 0.03689219777
          50 0.02766668215
          51 0.02097165918
          52 0.01729321713
          53 0.007999125324
          54 0.007393619106
          55 0.009668481513
          56 0.01688452198
          57 0.02573698497
          58 0.04388876205
          59 0.05080359867
          60 0.04790349681
          61 0.05102650689
          62 0.04446278608
          63 0.03293131923
          64 0.0268562059
          65 0.02674732572
          66 0.01979089493
          67 0.01113544185
          68 0.01553287644
          69 0.01362373492
          70 0.01548860177
          71 0.02111337172
          72 0.04223180813
          73 0.05484683522
          74 0.08509476854
          75 0.1213868021
          76 0.1552956571
          77 0.2033894726
          78 0.2454593855
          79 0.2431136531
          80 0.2360060253
          81 0.1834551167
          82 0.1328680336
          83 0.08573295616
          84 0.07505908477
          85 0.04918229013
          86 0.03698275921
          87 0.01640197641
          88 0.01976166369
          89 0.008834321852
          90 0.005090441272
          91 0.0008308299371
          92 0.001732564576
          93 0.008896777517
          94 0.01309313637
          95 0.03253961494
          96 0.04696453884
          97 0.04042146462
          98 0.05004813632
          99 0.03046192989
         100 0.03458490866
         101 0.02406783729
         102 0.03828975002
         103 0.03558606044
         104 0.03209035066
         105 0.04670468033
         106 0.0468697579
         107 0.06576358596
         108 0.05123448101
         109 0.05771842855
         110 0.03043058905
         111 0.01352937722
         112 0.006034455043
         113 0.002275200743
         114 0.004699820841
         115 0.008018555293
         116 0.01401681063
         117 0.01287993101
         118 0.01905269583
         119 0.01943411672
         120 0.01314901121
         121 0.01204243701
         122 0.01752346717
         123 0.01014720689
         124 0.01326949473
         125 0.01357260143
         126 0.0176161935
         127 0.01954376039
         128 0.02120237914
         129 0.0109151627
         130 0.007087111613
         131 0.01006638555
         132 0.01047416416
         133 0.01260255105
         134 0.01505807308
         135 0.01580479355
         136 0.02413919282
         137 0.0298387579
         138 0.03465179826
         139 0.03728223574
         140 0.03577759599
         141 0.02266019138
         142 0.01575377682
         143 0.0104525174
         144 0.005757813014
         145 0.008822030777
         146 0.01133747949
         147 0.01077537501
         148 0.02960515813
         149 0.02180425271
         150 0.02818951348
         151 0.04136602429
         152 0.03995555645
         153 0.03608408889
         154 0.04139712097
         155 0.03175341086
         156 0.03667836842
         157 0.04033886619
         158 0.0662246597
         159 0.06482016078
         160 0.08551721274
         161 0.08026783069
         162 0.05886525293
         163 0.03160333997
         164 0.02408973422
         165 0.01383301574
         166 0.003754740482
         167 0.002995664533
         168 0.005524817015
         169 0.007004958443
         170 0.004520766267
         171 0.01021981542
         172 0.006530760556
         173 0.009015726738
         174 0.006079734488
         175 0.007354107106
         176 0.01781031051
         177 0.02317188242
         178 0.02555412727
         179 0.01647436032
         180 0.01195766961
         181 0.009634690149
         182 0.005533651111
         183 0.01030596908
         184 0.007977349274
         185 0.01684664211
         186 0.02031269621
         187 0.0267313929
         188 0.0310398061
         189 0.03328492092
         190 0.05117679026
         191 0.04243424478
         192 0.04393981243
         193 0.03795183587
         194 0.04154888189
         195 0.0407749876
         196 0.04368147545
         197 0.04451085241
         198 0.02531011622
         199 0.01559824199
         200 0.009707087407
         201 0.009497060446
         202 0.0105154547
         203 0.01504298743
         204 0.02208506858
         205 0.03316636766
         206 0.03771451582
         207 0.04649690599
         208 0.07075515791
         209 0.07397289427
         210 0.09665014727
         211 0.1231611038
         212  0.148857385
         213 0.1970847504
         214 0.2013105679
         215 0.2189312939
         216 0.2681608233
         217 0.2447109649
         218 0.2497864805
         219 0.2407020353
         220 0.2218561502
         221 0.2108555121
         222 0.1996684623
         223 0.1715123925
         224  0.159712825
         225 0.1558487302
         226 0.1656900589
         227 0.1795213144
         228 0.2018048799
         229 0.1730796488
         230  0.149732874
         231 0.1203334448
         232 0.06436299461
         233 0.02610759796
         234 0.01018864607
         235 0.002472526534
         236 0.0009935801905
         237 0.0007240871996
         238 0.002687619425
         239 0.008346856545
         240 0.01133043582
         241 0.0154915073
         242 0.0221697482
         243 0.03408927893
         244 0.03350959742
         245 0.04753585139
         246 0.0363016168
         247 0.0341193051
         248 0.02847084554
         249 0.03414245725
         250 0.03670735838
         251 0.05846153539
         252 0.08992711399
         253 0.1517426372
         254 0.1721233857
         255 0.1622993984
         256 0.2013991069
         257 0.1898684828
         258 0.1566257552
         259 0.1509842254
         260 0.1094053689
         261 0.09095927119
         262 0.04321294522
         263 0.0261216216
         264 0.008428248629
         265 0.00221522165
         266 0.003640542875
         267 0.002285154356
         268 0.004003473343
         269 0.009400531746
         270 0.01206924228
         271 0.01085988007
         272 0.02025249393
         273 0.02104435911
         274 0.02659721022
         275 0.03757164341
         276 0.03881779692
         277 0.03708565981
         278 0.02978227002
         279 0.02251211662
         280 0.01582055705
         281 0.01025556081
         282 0.005729297756
         283 0.002813548714
         284 0.001549556521
         285 0.002182108247
         286 0.005937848738
         287 0.00826283142
         288 0.01309279018
         289 0.01449685016
         290 0.02304388539
         291 0.01830130465
         292 0.02920090931
         293 0.02497654754
         294 0.0124949176
         295 0.003478063103
         296 0.001038878689
         297 0.005599937059
         298 0.004562250454
         299 0.01090749683
         300 0.01669190246
         301 0.02334067317
         302 0.02293357033
         303 0.01397877051
         304 0.01185827451
         305 0.006098435257
         306 0.01153566689
         307 0.01448302185
         308 0.02185983342
         309 0.02463544373
         310 0.02599219266
         311 0.02792760822
         312 0.02764503391
         313 0.02676180086
         314 0.02054812897
         315 0.02074716593
         316 0.01807411615
         317 0.02256738774
         318 0.009065080501
         319 0.008870064343
         320 0.002794272016
         321 0.0009583593359
         322 0.0006087069911
         323 0.003021776278
         324 0.005020593383
         325 0.004460234218
         326 0.003333449807
         327 0.004285917434
         328 0.003082397041
         329 0.003081325206
         330 0.00796727094
         331 0.007104758899
         332 0.01110750844
         333 0.01221224662
         334 0.01353249254
         335 0.0107559314
         336 0.006125385255
         337 0.003997306436
         338 0.001035444512
         339 0.002223843279
         340 0.003589245373
         341 0.004255939648
         342 0.0105747592
         343 0.01215893544
         344 0.01636313388
         345 0.0156323202
         346 0.01777115059
         347 0.02019636622
         348 0.02363803436
         349 0.02532801687
         350 0.02693406134
         351 0.03779643736
         352 0.04074786373
         353 0.05279495809
         354 0.0618427018
         355 0.06803616052
         356 0.07262307416
         357 0.06596966353
         358 0.05789308076
         359 0.03651102016
         360 0.01677433592
         361 0.006673448232
         362 0.002954697761
         363 0.001582394787
         364 0.004931866325
         365 0.005887790582
         366 0.007752775466
         367 0.006970616879
         368 0.005311423377
         369 0.0025936203
         370 0.00196525495
         371 0.001495569374
         372 0.004993664591
         373 0.006903970981
         374 0.01688883204
         375 0.02518366865
         376 0.04120464229
         377 0.04574260703
         378 0.05761866382
         379 0.0695630177
         380 0.06324671613
         381 0.06164310472
         382 0.04565638449
         383 0.0367188893
         384 0.0328754852
         385 0.03397538046
         386  0.038339248
         387 0.05341249213
         388 0.06827599338
         389 0.09066467958
         390 0.09954259603
         391 0.1089631492
         392 0.09948671984
         393  0.103636494
         394 0.09987121739
         395 0.09098530292
         396 0.07370279919
         397 0.0700717165
         398 0.06463864387
         399 0.0619668234
         400 0.04793373493
         401 0.05334012606
         402 0.02969264485
         403 0.03095122302
         404 0.02057552479
         405 0.03192815811
         406 0.03664110527
         407 0.04930880299
         408 0.05076663661
         409 0.05265704901
         410 0.04700171048
         411 0.0449800175
         412 0.03794987829
         413 0.03042524935
         414 0.01727271087
         415 0.01223443032
         416 0.006946208258
         417 0.006552160854
         418 0.01342791143
         419 0.01317582947
         420 0.0218097297
         421 0.03306493992
         422 0.03284487894
         423 0.03420362753
         424 0.04807400117
         425 0.04256609774
         426 0.04810992213
         427 0.03843657942
         428 0.03200266994
         429 0.03418934596
         430 0.0324699825
         431 0.02601772203
         432 0.02053284379
         433 0.01905254422
         434 0.01828100489
         435 0.02871013283
         436 0.03178543673
         437 0.04400968969
         438 0.04397362388
         439 0.05555476035
         440 0.04578669452
         441 0.03691113338
         442 0.03280431628
         443 0.02513555352
         444 0.03131753077
         445 0.01995440763
         446 0.02116865452
         447 0.02970882375
         448 0.03859161165
         449 0.0490606937
         450 0.04521786482
         451 0.05854202899
         452 0.05854062761
         453 0.06431963289
         454 0.07763918318
         455 0.1046231108
         456 0.1036213723
         457 0.1128167839
         458 0.08847785709
         459 0.08506813622
         460 0.05890342032
         461 0.0422908942
         462 0.02443897766
         463 0.01498313344
         464 0.01745407134
         465 0.00975746791
         466 0.00562332113
         467 0.006560276203
         468 0.009315068903
         469 0.008293377273
         470 0.01025265995
         471 0.01103191185
         472 0.007350177405
         473 0.0099658717
         474 0.01458495866
         475 0.02415722028
         476 0.02740740363
         477 0.04802716843
         478 0.07126749198
         479 0.08787413509
         480 0.1078975553
         481 0.1270559582
         482 0.1310819776
         483 0.1129801929
         484 0.09517577133
         485 0.06874251608
         486 0.05141007562
         487 0.03893114536
         488 0.02647251592
         489 0.01523178363
         490 0.009141317599
         491 0.007936791717
         492 0.007147637389
         493 0.004230453055
         494 0.001531058619
         495 0.001431525709
         496 0.001472388063
         497 0.001789917349
         498 0.00346462584
         499 0.003936676443
         500 0.004679527145
         501 0.003586105803
         502 0.007281402325
         503 0.005027002858
         504 0.003553976035
         505 0.001736193596
         506 0.003961388232
         507 0.002125086095
         508 0.001180966711
         509 0.001525110641
         510 0.008304253968
         511 0.01694497479
         512 0.02765195233
         513 0.03706969019
         514 0.05017676791
         515 0.04477332002
         516 0.04281826808
         517 0.04271510632
         518 0.05274402859
         519 0.0496549647
         520 0.04859802509
         521 0.04540845978
         522 0.03923741788
         523 0.03408981242
         524 0.02973007574
         525 0.03262816074
         526 0.03422628211
         527 0.03779277452
         528 0.02593273256
         529 0.01905230268
         530 0.01066110881
         531 0.01048153165
         532 0.01274846994
         533 0.01221757451
         534 0.01633257757
         535 0.01870396273
         536 0.01702688403
         537 0.01226916819
         538 0.01360201046
         539 0.01444271504
         540 0.02399347207
         541 0.04289119783
         542 0.08140549608
         543 0.1150097907
         544 0.1598777514
         545 0.1967811541
         546 0.2407381433
         547 0.2698884077
         548 0.2747922583
         549 0.2425755763
         550 0.2093956801
         551  0.135261102
         552 0.09131552082
         553 0.04608207157
         554 0.02993646443
         555 0.01666209887
         556 0.0120528317
         557 0.01146166274
         558 0.01271088047
         559 0.01970251611
         560 0.02220794363
         561 0.02675580072
         562 0.02488351359
         563 0.03279190987
         564 0.03683446913
         565 0.03677418333
         566 0.04089353185
         567 0.03445389449
         568 0.03589238339
         569 0.03294202688
         570 0.03355975169
         571 0.03406606656
         572 0.03188163299
         573 0.02826257203
         574 0.02672749521
         575 0.02452510785
         576 0.03117546645
         577 0.02036845184
         578 0.0289636894
         579 0.02446528215
         580 0.02393217714
         581 0.01348051505
         582 0.008925487483
         583 0.005324387373
         584 0.009286272048
         585 0.004100740342
         586 0.004398431355
         587 0.00518184825
         588 0.01081600317
         589 0.01600141201
         590 0.01389343162
         591 0.01426155254
         592 0.007613179863
         593 0.009689536048
         594 0.02001144098
         595 0.01586293137
         596 0.01100335473
         597 0.01685753649
         598 0.01361958722
         599 0.01388194589
         600 0.007701897927
         601 0.005673705873
         602 0.008473388694
         603 0.002824264704
         604 0.006140436239
         605 0.006766581368
         606 0.01745007547
         607 0.02823960089
         608 0.08787732924
         609 0.1737687017
         610 0.4329639223
         611 0.9079878337
         612  1.339004704
         613  1.485508243
         614  1.343512825
         615 0.8615493811
         616 0.4625224228
         617 0.1786078033
         618 0.0678536271
         619 0.01951993062
         620 0.004425188842
         621 0.005194755266
         622 0.0113251078
         623 0.01688990607
         624 0.02715218748
         625 0.03350803067
         626 0.03062116439
         627 0.04076115665
         628 0.02636347327
         629 0.03596310783
         630 0.0345745035
         631 0.03013550434
         632 0.03816819522
         633 0.04036950992
         634 0.05094201612
         635 0.04673267814
         636 0.04073325538
         637 0.02481010117
         638 0.01705871355
         639 0.01133850568
         640 0.001948102051
         641 0.001419685587
         642 0.00151082566
         643 0.007220107891
         644 0.004894383328
         645 0.002600975826
         646 0.00493855685
         647 0.00304931494
         648 0.0002818572874
         649 0.001453282681
         650 0.0007140590203
         651 0.0003409091212
         652 0.002006543063
         653 0.0008634596145
         654 0.005900777267
         655 0.00330142008
         656 0.005086998993
         657 0.003203976858
         658 0.005842704544
         659 0.005603964304
         660 0.01018874747
         661 0.01037728164
         662 0.01602217435
         663 0.01730124482
         664 0.02721702738
         665 0.03323724904
         666 0.03471280651
         667 0.03692175759
         668 0.03904640849
         669 0.05050673584
         670 0.05264326927
         671 0.05913571283
         672 0.1023242115
         673 0.1188549696
         674 0.1476760818
         675 0.1649012689
         676 0.1942946384
         677 0.1709851039
         678  0.167286101
         679 0.1460752035
         680  0.118464439
         681 0.09922959462
         682 0.07340796095
         683 0.07738142935
         684 0.08578063542
         685 0.0922033458
         686 0.1097336375
         687 0.1011417506
         688 0.1320068085
         689  0.134333119
         690 0.1386047339
         691 0.09700264228
         692 0.07888308696
         693 0.03935681828
         694 0.0240124205
         695 0.005622516672
         696 0.004867879082
         697 0.002174601755
         698 0.002416563492
         699 0.003003055796
         700 0.008880838022
         701 0.01221639147
         702 0.009576594302
         703 0.008658014755
         704 0.002643395063
         705 0.001764741394
         706 0.004435518988
         707 0.007684163343
         708 0.01085433072
         709 0.02096796574
         710 0.03271747376
         711 0.02873230985
         712 0.04293626053
         713 0.04739192267
         714 0.02945754865
         715 0.02917602425
         716 0.01940967392
         717 0.01220604957
         718 0.008852146963
         719 0.008233686651
         720 0.01235150137
         721 0.007436218039
         722 0.01055190514
         723 0.009630291958
         724 0.01474815923
         725 0.01700024458
         726 0.0157618398
         727 0.01541031254
         728 0.01040092745
         729 0.00513401851
         730 0.006548660946
         731 0.007435412723
         732 0.005824492876
         733 0.007060599563
         734 0.002772483289
         735 0.002609345807
         736 0.00606861931
         737 0.007835708952
         738 0.01016959039
         739 0.009269417362
         740 0.008886173676
         741 0.008252956402
         742 0.00944584956
         743 0.006637201355
         744 0.003629233928
         745 0.002893374576
         746 0.004269529441
         747 0.001562056264
         748 0.0007528747428
         749 0.001766410745
         750 0.004204318476
         751 0.005818962379
         752 0.009051753714
         753 0.009916772986
         754 0.01019650613
         755 0.01251120274
         756 0.01083483226
         757 0.01631274234
         758 0.02117832197
         759 0.02390105234
         760 0.03228807013
         761 0.02701838075
         762 0.03028630163
         763 0.02793255304
         764 0.01747566073
         765 0.01763073802
         766 0.01183102003
         767 0.009732592687
         768 0.007760209876
         769 0.005550027184
         770 0.008346518856
         771 0.009032956449
         772 0.01014338195
         773 0.01463693742
         774 0.01532458675
         775 0.01101501005
         776 0.01165790289
         777 0.008684565449
         778 0.00757894899
         779 0.01044476721
         780 0.01073984779
         781 0.007302177236
         782 0.004479658841
         783 0.003016489988
         784 0.001952019966
         785 0.0009859786423
         786 0.001690643461
         787 0.002130059514
         788 0.006638782481
         789 0.009931046999
         790 0.01096188135
         791 0.01274990754
         792 0.01701016628
         793 0.02066015847
         794 0.02512132669
         795 0.02047822407
         796 0.02883849194
         797 0.01736338078
         798 0.01254154899
         799 0.003338811781
         800 0.0009156661802
         801 0.0009058025907
         802 0.004099722178
         803 0.005346273746
         804 0.01082536706
         805 0.01607267993
         806 0.0295634506
         807 0.03163220656
         808 0.03364429888
         809 0.03954020047
         810 0.04103008719
         811 0.04689779186
         812 0.04387571625
         813 0.04395622755
         814 0.0543991703
         815 0.05857311314
         816 0.04793777488
         817 0.05634944751
         818 0.05747481891
         819 0.06247636948
         820 0.05986801076
         821 0.08993171993
         822 0.08383248147
         823 0.06147835069
         824 0.04934119704
         825 0.03842782406
         826 0.02671745045
         827 0.01805089447
         828 0.02225259954
         829 0.01584173905
         830 0.01376560863
         831 0.01251874292
         832 0.01263156434
         833 0.01811169511
         834 0.02478850393
         835 0.03522385892
         836 0.03435366632
         837 0.02863412943
         838 0.02668532655
         839 0.03902869189
         840 0.04035586201
         841 0.05775124604
         842 0.06147580891
         843 0.07604011989
         844 0.09246688753
         845 0.07984948611
         846 0.06459356231
         847 0.05092194309
         848 0.03858918651
         849 0.02761457694
         850  0.023467936
         851 0.02065078004
         852 0.01477361296
         853 0.01408410584
         854 0.01482452675
         855 0.01677796711
         856 0.01149480199
         857 0.007364623822
         858 0.005820769515
         859 0.01445671796
         860 0.01934147924
         861 0.02528346316
         862 0.02884561797
         863 0.02577369618
         864 0.02990656925
         865 0.01662707631
         866 0.02048818534
         867 0.02053378071
         868 0.03401445415
         869 0.04323109162
         870 0.07417914333
         871 0.08064039794
         872 0.1131840472
         873 0.1389178463
         874 0.1525246217
         875 0.1697717374
         876 0.1654083534
         877 0.1496116521
         878 0.1398407988
         879 0.1117352937
         880 0.0811059612
         881 0.07150191049
         882 0.06421558599
         883 0.05288222173
         884 0.05544293317
         885 0.05627926893
         886 0.06840856912
         887 0.06617254844
         888 0.06285115712
         889 0.04782393834
         890 0.03743226229
         891 0.02853263293
         892 0.02009601137
         893 0.02732587883
         894 0.02292689205
         895 0.0312855528
         896 0.03912576998
         897 0.03242474816
         898 0.02879857849
         899 0.02927083183
         900 0.01388457697
         901 0.009535485405
         902 0.01261856626
         903 0.009618208494
         904 0.01463606125
         905 0.0212646385
         906 0.03413386174
         907 0.03663754216
         908 0.03706231974
         909 0.03322804886
         910 0.02804058692
         911 0.02804448424
         912 0.02771624342
         913 0.02925849069
         914 0.02496821559
         915 0.01443989847
         916 0.01143419981
         917 0.01849398625
         918 0.01720733702
         919 0.02953726619
         920 0.04210509343
         921 0.0478188781
         922 0.06271141543
         923 0.06588743468
         924 0.0489015043
         925 0.03301752683
         926 0.0208390809
         927 0.009917546139
         928 0.008906862797
         929 0.01727082986
         930 0.02137473761
         931 0.03712658368
         932 0.03902769507
         933 0.0348741327
         934 0.02376653787
         935 0.02057539591
         936 0.02267074153
         937  0.018017721
         938 0.02401217394
         939 0.03542472451
         940 0.04383291392
         941 0.04966905053
         942 0.05064885956
         943 0.05231542942
         944 0.04717799413
         945 0.04765603559
         946 0.04417921237
         947 0.0308700566
         948 0.02234501396
         949 0.01474515811
         950 0.005051552631
         951 0.002230409919
         952 0.001662603797
         953 0.001919409726
         954 0.007374398555
         955 0.01552771868
         956 0.03203109835
         957 0.05558148926
         958 0.05802565021
         959 0.08886751059
         960 0.09754062857
         961 0.1369052539
         962 0.1419489947
         963 0.1548926653
         964 0.1557076578
         965 0.1313034939
         966 0.1292068079
         967 0.1098731716
         968 0.0680070569
         969 0.05925926693
         970 0.05850298077
         971 0.04014425629
         972 0.03592267219
         973 0.02554340296
         974 0.02037156056
         975 0.01164014123
         976 0.01207937835
         977 0.0159937984
         978 0.01452449012
         979 0.01630950534
         980 0.03021432328
         981 0.03143779406
         982 0.03383997901
         983 0.04196680059
         984 0.03955313587
         985 0.04069626375
         986 0.03431846164
         987 0.02670752506
         988 0.02314910209
         989 0.01880527622
         990 0.01098378528
         991 0.006516560852
         992 0.006329636558
         993 0.002835454104
         994 0.002532886094
         995 0.001358656752
         996 0.003190559233
         997 0.00317237355
         998 0.002244450567
         999 0.003663771262
