           1           12  2.850142657
           2           71  2.705602449
           3           73  3.079075813
           4          127  1.636226877
           5          195  5.011465947
           6          266  3.209108818
           7          268  3.023860141
           8          372  8.447269368
           9          412  6.536578485
          10          425  6.807755844
          11          518  7.443464221
          12          635  6.384225429
          13          692  4.583668222
          14          729  8.469658353
          15          765  3.069732471
          16          862  6.613200074
          17          919  8.110091891
