        2500  98.47532176  76.18981042  85.39485443  174.6651322 0.002026395078  1.371439108 
        5000  101.5615734  73.10355803  85.22060589  174.6651314 0.002034270744   1.01597093 
        7500  82.59784355  92.06728805  84.96719119  174.6651316 0.002178787271  1.438102746 
       10000  85.11536882  89.54976339  85.18109969  174.6651322 0.002390063087  1.487043159 
       12500  87.35332338  87.31180925  85.13451567  174.6651326 0.002253125532  1.475146537 
       15000   92.9800825  81.68504966  84.60301961  174.6651322 0.00198494156  0.952308995 
       17500  87.57077241  87.09435855  85.59746464   174.665131 0.002117178199  1.090643571 
       20000  92.60336132  82.06176914  85.39333375  174.6651305 0.002065526656     1.206996 
       22500  75.76881915  98.89631227  85.19662896  174.6651314 0.002278384154  1.609098525 
       25000  87.83764118  86.82749031   85.0314627  174.6651315 0.002234986892  1.365174543 
       27500  100.9996045  73.66552638  85.23769609  174.6651309 0.002202566693  1.075717337 
       30000  89.79085228  84.87427773  84.57771269    174.66513 0.00237896958  1.344134652 
       32500  94.01532457  80.64980637  85.37682438  174.6651309 0.002113411539  1.008759468 
       35000  91.67422189  82.99090919  84.99552693  174.6651311 0.002449345036  1.433934093 
       37500  115.2174685  59.44766172  85.49352848  174.6651302 0.002017340869  1.047589437 
       40000   70.8089616  103.8561683  84.85479328  174.6651299 0.002479016691  1.248942692 
       42500  84.51923995  90.14589143  84.87413484  174.6651314 0.002061427343  1.025995638 
       45000   89.7788966  84.88623329  85.17852587  174.6651299 0.002369300004  1.028305492 
 47499.99999  89.62689095  85.03823981   85.0327587  174.6651308 0.002254798952  1.183707229 
 49999.99999    91.762903  82.90222694  84.96495107  174.6651299 0.002230221711 0.9948020615 
 52499.99999  105.1566128  69.50851831  85.40450116  174.6651311 0.002317919076  1.171779619 
 54999.99999  97.14996749  77.51516215  84.73402436  174.6651296 0.002462767569  1.318386866 
 57499.99999  96.96761561  77.69751514  85.21588477  174.6651307 0.002161938846  1.251805167 
 59999.99999  82.31600489   92.3491253  85.31545792  174.6651302 0.002312733892     1.481595 
 62499.99999  75.43034094  99.23478756  84.75984959  174.6651285 0.002656419077  1.540116269 
 64999.99999  92.05361382  82.61151623  85.08905512    174.66513 0.002321991218   1.21584027 
 67499.99999  80.47160885  94.19352073  84.81700331  174.6651296 0.002199792459 0.9848497986 
 69999.99999  106.6128772  68.05225209  84.92489694  174.6651293 0.00243148416  1.421869941 
 72499.99999  86.74153782  87.92359159  85.09096422  174.6651294 0.002301963241   1.35493102 
 74999.99999  90.04099088  84.62413845  84.70974868  174.6651293 0.002361209357  1.239169728 
       77500  99.25008518  75.41504387  84.52141119   174.665129 0.0025002485  1.235549131 
       80000  98.91811758  75.74701174  85.09289034  174.6651293 0.00283584955   1.86812655 
       82500  90.04551719  84.61961135  85.26568766  174.6651285 0.002585656937  1.525105573 
       85000   95.7600302  78.90509936  84.35638057  174.6651296 0.002436688884  1.434731563 
 87500.00001  110.0707382  64.59439034  84.74887851  174.6651285 0.002382486326  1.207499138 
 90000.00001  91.15427201  83.51085723  84.70488814  174.6651292 0.002626529537  2.050123417 
 92500.00001   98.3203848  76.34474452  84.87075013  174.6651293 0.002210335535  1.015099343 
 95000.00001  86.87674916   87.7883786  84.36709352  174.6651278 0.002420923557  1.410596526 
 97500.00001  96.32380609  78.34132234  84.68470756  174.6651284 0.002869168003  1.846718709 
      100000  79.35828272  95.30684582   84.1756812  174.6651285 0.002742678962  1.693961252 
      102500   96.3320833  78.33304382  85.19905995  174.6651271 0.002458002647  2.085165364 
      105000  100.1710222    74.494105  84.78838384  174.6651272 0.002265429179  1.101647191 
      107500  83.77245376  90.89267401  84.78051982  174.6651278 0.002530017763  1.536461098 
      110000  68.91883439  105.7462924   84.3327995  174.6651268 0.002855601293  2.234577333 
      112500  95.29489651   79.3702311  84.82368519  174.6651276 0.002340454702  1.192260439 
      115000  80.94626579  93.71886099  84.98454948  174.6651268 0.002509429454  1.277295479 
      117500  88.35935823  86.30576967   84.3241062  174.6651279 0.002517627397  1.391632755 
      120000  75.05317604  99.61195178  84.22818253  174.6651278 0.002670745795  2.186482091 
      122500  103.1525962  71.51253176  85.20841134  174.6651279 0.002565136618  2.416461938 
      125000  77.85449896  96.81062711  84.52149081  174.6651261 0.002662431007  1.628506376 
      127500  87.76513534  86.89999031  84.25508341  174.6651257 0.002271516523  1.565812005 
      130000   101.225733  73.43939351  85.26829536  174.6651265 0.002700273795  1.439562749 
      132500  70.38598656  104.2791396  85.23569466  174.6651262 0.002716332073  2.599345239 
      135000  94.19810823  80.46701769  84.58494402  174.6651259 0.002454811536  1.347108265 
 137500.0001   106.288436  68.37668992  85.06510481  174.6651259 0.0024096448  1.221645667 
 140000.0001  93.84878313   80.8163435   84.8298904  174.6651266 0.002745713252  1.590167501 
 142500.0001  91.00777173  83.65735443  84.85805699  174.6651262 0.002887507089  1.656147432 
 145000.0001  91.03224274  83.63288263  84.21122813  174.6651254 0.002693589862  2.175585509 
 147500.0001  102.3461368  72.31898808  84.36105259  174.6651248 0.002569388057  1.391061302 
 150000.0001  87.88312081  86.78200461   84.8004711  174.6651254 0.002856601826  1.622743792 
 152500.0001  104.5581204  70.10700571  83.89405902  174.6651261 0.002636987126  1.992311346 
 155000.0001  88.93530234  85.72982362   84.7125044   174.665126 0.003592750917  2.797445576 
 157500.0001   93.7243216  80.94080369  84.24778866  174.6651253 0.002793192267  2.079787234 
 160000.0001  87.00275843  87.66236655  84.67039964   174.665125 0.003042994364  1.871971454 
 162500.0001  91.68888752  82.97623853  84.32587777   174.665126 0.002707431298  1.725529977 
 165000.0001  97.08097366  77.58415061  84.71786215  174.6651243 0.002705458335  1.533005261 
 167500.0001  99.06396997  75.60115541  84.13716956  174.6651254 0.002717644496  1.472307001 
 170000.0001  97.40976395  77.25536013  84.68699652  174.6651241 0.002796946502  1.979266915 
 172500.0001  87.82557582  86.83954818   84.0799294   174.665124 0.002783813645  1.824320849 
 175000.0001  89.46762132  85.19750281  84.46717185  174.6651241 0.002741900279  2.658167359 
 177500.0001  88.65261286  86.01251287  84.41332018  174.6651257 0.002912024909  2.026146973 
 180000.0001  97.95250655  76.71261615  84.50759583  174.6651227 0.003002480264  1.804520258 
 182500.0001  93.10173224  81.56339178   84.4226261   174.665124 0.002779153993  2.661777806 
 185000.0001  105.8280545  68.83706814  84.26162659  174.6651227 0.002604330843  1.691306185 
 187500.0001  86.84718119  87.81794134  84.20214517  174.6651225 0.00277601388  1.461321464 
 190000.0001  97.01998209  77.64513989  84.16656778   174.665122 0.002833886521  1.653182351 
 192500.0001  95.10152108  79.56360159  83.99142918  174.6651227 0.003031675287   1.93406872 
 195000.0001  82.80322895  91.86189277  84.44699865  174.6651217 0.002801101634  1.677737443 
 197500.0001  96.30637789  78.35874423  84.35761191  174.6651221 0.002858186049  1.756713822 
 200000.0001  78.11326161  96.55186009  84.80047349  174.6651217 0.002983415065  1.744990557 
 202500.0001  88.77823383  85.88688558  84.82374881  174.6651194 0.003051436625  1.932742137 
 205000.0001  85.59880808  89.06631121  84.19891161  174.6651193 0.002871364368  2.014098282 
 207500.0001  92.41123819  82.25388154  84.46597776  174.6651197 0.002816929053  1.545893666 
 210000.0001  90.28472774  84.38039128  84.45898552   174.665119 0.00293590896  2.152826897 
 212500.0001  84.25820535  90.40691359  84.20374142  174.6651189 0.002716563393  1.790891416 
 215000.0001  90.75219279  83.91292537  84.30942095  174.6651182 0.003149381485  2.364103399 
 217500.0001  82.26717534   92.3979427  84.22354038   174.665118 0.003023754872  1.733477775 
 220000.0001  85.60198922  89.06313009  84.25110477  174.6651193 0.003250471433  2.413153973 
 222500.0001  97.82957387   76.8355429  84.51291816  174.6651168 0.003496239677  2.301320415 
 225000.0001  92.46102147  82.20409429  84.30524892  174.6651158 0.003087476859  1.932118477 
 227500.0001  76.53400345  98.13111411  84.27671992  174.6651176 0.003058675799  2.102715843 
