 0 0.07912912758
 1 0.1131030812
 2 0.2629647304
 3 0.1822854911
 4 0.1190543324
 5 0.05562773125
 6 0.1019622962
 7 0.2324436683
 8 0.1974636112
 9 0.3684236105
 10 0.451840385
 11 0.6626208247
 12 0.7434320142
 13 0.4263622118
 14 0.5700642167
 15 0.3524680472
 16 0.2784457065
 17 0.2478311767
 18 0.1611178191
 19 0.124564271
 20 0.1496861489
 21 0.09858258149
 22 0.09541791196
 23 0.04763718492
 24 0.08343837774
 25 0.1184489967
 26 0.07974721457
 27 0.0753270863
 28 0.1207292079
 29 0.1264443142
 30 0.1182972345
 31 0.09519229073
 32 0.1048378787
 33 0.09354275869
 34 0.04913114028
 35 0.0926751126
 36 0.06348617816
 37 0.07085188993
 38 0.04500956494
 39 0.02427392078
 40 0.07249843428
 41 0.02958051033
 42 0.07826078393
 43 0.0813714337
 44 0.1000924166
 45 0.06256686135
 46 0.145374608
 47 0.1352150303
 48 0.1549610715
 49 0.2427436621
 50 0.2256736012
 51 0.2404938871
 52 0.1981637599
 53 0.1247625834
 54 0.09736567797
 55 0.04725698189
 56 0.05947925805
 57 0.03599400997
 58 0.02557326103
 59 0.04056594963
 60 0.0324823148
 61 0.02837262292
 62 0.01179042999
 63 0.07300748028
 64 0.03658135532
 65 0.04193620017
 66 0.07633826079
 67 0.08832203119
 68 0.1560506245
 69 0.3326238097
 70 0.4450133774
 71 0.7740605607
 72 0.7546762295
 73 0.8228416999
 74 0.593732196
 75 0.3896799088
 76 0.3041781893
 77 0.1310541115
 78 0.05051670131
 79 0.03239677689
 80 0.06521816076
 81 0.01990281043
 82 0.0013404361
 83 0.02048548748
 84 0.001402896828
 85 0.01359944469
 86 0.02757768335
 87 0.02398750223
 88 0.08485328414
 89 0.03898629359
 90 0.04385221805
 91 0.05985571599
 92 0.05995103607
 93 0.1898342482
 94 0.1930586122
 95 0.2352486418
 96 0.2649804546
 97 0.2236155424
 98 0.1337464095
 99 0.04210357091
 100 0.02274756877
 101 0.006304685195
 102 0.02897715917
 103 0.06615054961
 104 0.1486681905
 105 0.08937093537
 106 0.07534215023
 107 0.06444328122
 108 0.1960769163
 109 0.06494866401
 110 0.0962506917
 111 0.1039927244
 112 0.0185063479
 113 0.05949525139
 114 0.02228629642
 115 0.05533229127
 116 0.04368159998
 117 0.07424642241
 118 0.03666415659
 119 0.05816440545
 120 0.04283101301
 121 0.01104498681
 122 0.02845138413
 123 0.1670346175
 124 0.2049320827
 125 0.4922925214
 126 0.2628033959
 127 0.7265729163
 128 0.6468505652
 129 0.6848971124
 130 0.5208628212
 131 0.5589901403
 132 0.3777193747
 133 0.2301467893
 134 0.2458068423
 135 0.2012879223
 136 0.08757148594
 137 0.01580040902
 138 0.005344603374
 139 0.007289633144
 140 0.05338431311
 141 0.05236159
 142 0.0294163295
 143 0.1056082737
 144 0.02728690455
 145 0.02362620982
 146 0.02455633712
 147 0.01582700912
 148 0.03741634465
 149 0.03355538859
 150 0.0685438074
 151 0.02436730634
 152 0.05561081807
 153 0.05842668274
 154 0.06515466868
 155 0.05125577677
 156 0.02282164254
 157 0.02049929012
 158 0.05011983672
 159 0.04869184737
 160 0.09461936312
 161 0.01767671463
 162 0.01068444314
 163 0.01644190345
 164 0.01559872159
 165 0.05624946823
 166 0.08883937842
 167 0.05761056277
 168 0.05184092347
 169 0.1038973763
 170 0.08417726492
 171 0.1693456055
 172 0.07676368724
 173 0.07032589236
 174 0.005553742668
 175 0.0536921176
 176 0.01564707623
 177 0.04912559568
 178 0.06095928705
 179 0.04517191048
 180 0.05369477179
 181 0.03052248153
 182 0.01232305939
 183 0.008372625019
 184 0.01264392354
 185 0.006603625504
 186 0.001914425621
 187 0.01750608916
 188 0.04868294471
 189 0.07725882586
 190 0.0999893014
 191 0.2695492616
 192 0.4284426719
 193 0.5285718706
 194 0.808982694
 195 0.9843029128
 196 0.7247381494
 197 0.3933866532
 198 0.2962878495
 199 0.1759213552
 200 0.1559309424
 201 0.1639366288
 202 0.2553323407
 203 0.0911134864
 204 0.159829369
 205 0.0970904115
 206 0.05178922433
 207 0.1691266134
 208 0.3983437847
 209 0.2925717493
 210 0.1539167677
 211 0.09730117704
 212 0.1188832111
 213 0.03776677019
 214 0.03888493879
 215 0.06147331842
 216 0.0198748131
 217 0.00620834155
 218 0.006923654939
 219 0.008238057014
 220 0.02260086909
 221 0.05707255468
 222 0.1651181444
 223 0.08204210467
 224 0.097472766
 225 0.2422617193
 226 0.1784662075
 227 0.075094798
 228 0.01141851763
 229 0.07461097891
 230 0.02936382632
 231 0.015963372
 232 0.006764020918
 233 0.01030921088
 234 0.009496258628
 235 0.009875692256
 236 0.01914631041
 237 0.05309943382
 238 0.06365691218
 239 0.09649605812
 240 0.0389030121
 241 0.01678466125
 242 0.04160102597
 243 0.03713414669
 244 0.0653517803
 245 0.04915048303
 246 0.238842076
 247 0.3270524328
 248 0.2539399285
 249 0.152579279
 250 0.1481956727
 251 0.1316286277
 252 0.1343596296
 253 0.1487631357
 254 0.1007203334
 255 0.07112146399
 256 0.1614354007
 257 0.196596915
 258 0.08137496885
 259 0.1098199582
 260 0.1255854125
 261 0.1159188635
 262 0.2298295951
 263 0.2627109293
 264 0.3334919992
 265 0.5852960256
 266 0.8664503531
 267 0.8154110521
 268 0.8855927395
 269 0.563520325
 270 0.3337854516
 271 0.215950665
 272 0.09444919366
 273 0.07245376207
 274 0.02942443682
 275 0.01327251505
 276 0.0231796515
 277 0.09871545912
 278 0.1218202347
 279 0.07424662583
 280 0.08342242444
 281 0.07307466977
 282 0.1132226501
 283 0.1419496034
 284 0.09090810773
 285 0.06972553158
 286 0.1005438223
 287 0.1892779018
 288 0.1103462094
 289 0.1022290021
 290 0.08951175974
 291 0.07946834611
 292 0.1130679615
 293 0.07475795737
 294 0.09029864506
 295 0.02485674822
 296 0.03860418775
 297 0.0883216678
 298 0.02466066883
 299 0.04780585231
 300 0.04523007187
 301 0.1379660807
 302 0.04452518224
 303 0.08114876265
 304 0.1445835192
 305 0.1162557028
 306 0.1473029809
 307 0.08266176725
 308 0.04636876923
 309 0.08170062064
 310 0.09825952769
 311 0.02928973067
 312 0.03616052623
 313 0.01701645102
 314 0.0189243588
 315 0.1035588496
 316 0.07467793397
 317 0.1239573811
 318 0.1741612297
 319 0.2349118169
 320 0.2106847027
 321 0.2510224139
 322 0.2157080722
 323 0.2733987002
 324 0.171991921
 325 0.1076251763
 326 0.1584018929
 327 0.04172294212
 328 0.1210773803
 329 0.1474913391
 330 0.06316465116
 331 0.03001832355
 332 0.09040923229
 333 0.03422996355
 334 0.03924865545
 335 0.005611521383
 336 0.0177198789
 337 0.03545311347
 338 0.02513129341
 339 0.01281927653
 340 0.03964862117
 341 0.01133372144
 342 0.006649249529
 343 0.01163295964
 344 0.01879437331
 345 0.01181435781
 346 0.01228856482
 347 0.01428773389
 348 0.03086870674
 349 0.1156791465
 350 0.04767603468
 351 0.03370212456
 352 0.03301522859
 353 0.008299131282
 354 0.006733685045
 355 0.01897762727
 356 0.02584408997
 357 0.07993649043
 358 0.1130605326
 359 0.2275822655
 360 0.3556093028
 361 0.4195481784
 362 0.4617133414
 363 0.3841346915
 364 0.2951231846
 365 0.2941283442
 366 0.09252398292
 367 0.02367991946
 368 0.07954728984
 369 0.3665817099
 370 1.021754883
 371 1.790820107
 372 2.247228071
 373 1.67651785
 374 0.832254502
 375 0.2793430684
 376 0.09086441084
 377 0.0257460686
 378 0.01120779015
 379 0.001723696504
 380 0.002825300694
 381 0.02536631869
 382 0.003469040489
 383 0.01133822584
 384 0.004056362223
 385 0.02279983459
 386 0.006835310455
 387 0.03411168238
 388 0.09027563111
 389 0.1136179113
 390 0.1618082882
 391 0.2833002791
 392 0.2993499414
 393 0.2537072302
 394 0.3390825636
 395 0.2565129026
 396 0.3432929404
 397 0.4621221511
 398 0.4704997706
 399 0.2631276756
 400 0.2838081484
 401 0.2309988622
 402 0.1023710661
 403 0.06836126944
 404 0.09766732374
 405 0.1178619317
 406 0.2107558505
 407 0.08869251752
 408 0.09610244322
 409 0.1643130755
 410 0.3133790326
 411 0.6904212795
 412 1.867590478
 413 1.732871022
 414 1.108998583
 415 0.3129627145
 416 0.1187363904
 417 0.04251094908
 418 0.09361190996
 419 0.1517011694
 420 0.2830485693
 421 0.1544275918
 422 0.2636990985
 423 0.5483092258
 424 0.7161590587
 425 1.487364769
 426 1.200078813
 427 0.8558372804
 428 0.625140392
 429 0.393963876
 430 0.3091169865
 431 0.2536587527
 432 0.376062754
 433 0.3487512447
 434 0.3183750043
 435 0.2557549055
 436 0.1315958912
 437 0.1035973747
 438 0.08250406707
 439 0.02936722764
 440 0.03949647085
 441 0.08920994337
 442 0.08265248472
 443 0.1170289103
 444 0.2555699259
 445 0.387487618
 446 0.3457640237
 447 0.2239954565
 448 0.4291811571
 449 0.4485135528
 450 0.4715968691
 451 0.4854954481
 452 0.4422050995
 453 0.387318121
 454 0.25962168
 455 0.2421252897
 456 0.1439481952
 457 0.1889149429
 458 0.1407657736
 459 0.1563693784
 460 0.2084785322
 461 0.1553820106
 462 0.1819534352
 463 0.2285134127
 464 0.2338105452
 465 0.4303630135
 466 0.4752309196
 467 0.4963457114
 468 0.3806922028
 469 0.2785470449
 470 0.1732423324
 471 0.07564262933
 472 0.03520979242
 473 0.04553567581
 474 0.05150627406
 475 0.05051487055
 476 0.07071023757
 477 0.03824607773
 478 0.05504332879
 479 0.08257649452
 480 0.1284121023
 481 0.0801044338
 482 0.1420201729
 483 0.4350567993
 484 0.3830477346
 485 0.5239806415
 486 0.5508542433
 487 0.580407231
 488 0.2399231512
 489 0.3204110633
 490 0.2477494348
 491 0.141375948
 492 0.03259806539
 493 0.0680545061
 494 0.00614357596
 495 0.003669457869
 496 0.004737754121
 497 0.01912407206
 498 0.037458406
 499 0.1538503049
 500 0.3224098713
 501 0.3201829262
 502 0.4480699556
 503 0.3835229178
 504 0.215647888
 505 0.1844160005
 506 0.1195868169
 507 0.1617741079
 508 0.2159930312
 509 0.1048363825
 510 0.04723743696
 511 0.07850504863
 512 0.1320598238
 513 0.2103649
 514 0.4729182188
 515 0.6630587512
 516 0.9560037678
 517 1.157482334
 518 1.227267101
 519 0.9855368741
 520 0.7564424841
 521 0.482985358
 522 0.165099706
 523 0.07735716029
 524 0.02849530829
 525 0.002649947459
 526 0.006076241666
 527 0.03790041346
 528 0.08591322418
 529 0.02290074598
 530 0.04454634969
 531 0.09718813445
 532 0.1469481008
 533 0.04264512851
 534 0.01824352455
 535 0.00751042674
 536 0.06119037754
 537 0.01389758572
 538 0.06147843106
 539 0.04560775385
 540 0.03680904265
 541 0.02011813403
 542 0.03391170605
 543 0.08648968474
 544 0.07701984199
 545 0.110177782
 546 0.1468214458
 547 0.1797955823
 548 0.1505097566
 549 0.1463298302
 550 0.1582618017
 551 0.1073145646
 552 0.2044653973
 553 0.178353628
 554 0.1218182738
 555 0.1126933808
 556 0.04383256358
 557 0.07652111627
 558 0.04743430632
 559 0.08761287736
 560 0.1084619344
 561 0.1548699622
 562 0.1044016907
 563 0.1604918395
 564 0.09214370786
 565 0.1159935084
 566 0.08636199452
 567 0.06060889638
 568 0.01781486829
 569 0.02900032831
 570 0.01469702506
 571 0.01479895516
 572 0.01879483459
 573 0.008669839525
 574 0.0338339874
 575 0.06870511237
 576 0.125862934
 577 0.1780386639
 578 0.1863109246
 579 0.163973926
 580 0.1492769725
 581 0.2074346708
 582 0.1528137075
 583 0.08575445797
 584 0.04984011538
 585 0.08983085206
 586 0.03484449355
 587 0.01149625607
 588 0.03234231248
 589 0.01417410741
 590 0.002092131528
 591 0.00457378974
 592 0.004063024285
 593 0.01674290138
 594 0.01172157767
 595 0.0101034638
 596 0.03526500502
 597 0.009571250265
 598 0.008487943296
 599 0.01396707111
 600 0.0162745722
 601 0.02060799003
 602 0.01074216226
 603 0.02540694389
 604 0.04251637671
 605 0.0311521757
 606 0.01672346998
 607 0.0132745312
 608 0.01724850618
 609 0.02448601327
 610 0.07083481881
 611 0.1497003993
 612 0.04548054847
 613 0.1384336394
 614 0.05132024921
 615 0.02900141766
 616 0.003766562259
 617 0.01822073492
 618 0.06597607184
 619 0.007458586799
 620 0.01745212133
 621 0.06750085015
 622 0.01375779182
 623 0.09592997235
 624 0.02781972525
 625 0.06373374909
 626 0.02296837395
 627 0.02045722818
 628 0.04370604144
 629 0.1041494377
 630 0.1019868788
 631 0.193903269
 632 0.3538575412
 633 0.5394734891
 634 0.9486667701
 635 1.02230527
 636 0.9626930566
 637 0.8817654769
 638 0.5658213713
 639 0.3845527383
 640 0.2536019505
 641 0.1052264165
 642 0.07037120045
 643 0.08242957128
 644 0.02194139201
 645 0.006209419479
 646 0.004918095927
 647 0.0006629638375
 648 0.02368454353
 649 0.002359340523
 650 0.003516840371
 651 0.01999221067
 652 0.02659849298
 653 0.04282885694
 654 0.01073897486
 655 0.02181303308
 656 0.01778518891
 657 0.004053087084
 658 0.01424355865
 659 0.004652420127
 660 0.01377397321
 661 0.02431136865
 662 0.02692471599
 663 0.02728911162
 664 0.02592158673
 665 0.08251266665
 666 0.05556404529
 667 0.05197782769
 668 0.1098041881
 669 0.2181007289
 670 0.2367076142
 671 0.3914674766
 672 0.2823567258
 673 0.3101511512
 674 0.2860236716
 675 0.3494162554
 676 0.2760262089
 677 0.1471767095
 678 0.08672750029
 679 0.05158245922
 680 0.01355233161
 681 0.04563648515
 682 0.03461267868
 683 0.04651359838
 684 0.06179995108
 685 0.08751011121
 686 0.0909771573
 687 0.1945058077
 688 0.2256957818
 689 0.4238702652
 690 0.6132158411
 691 0.7345547372
 692 0.8289801282
 693 0.5996228564
 694 0.3167584504
 695 0.1971743493
 696 0.1278765087
 697 0.1654745761
 698 0.08212949855
 699 0.1249393866
 700 0.1308965972
 701 0.1281732435
 702 0.06296410118
 703 0.03646729354
 704 0.0146069621
 705 0.04671994766
 706 0.01114793912
 707 0.01128419475
 708 0.03551257247
 709 0.0133043154
 710 0.00589949689
 711 0.0281055554
 712 0.05908818855
 713 0.03330139269
 714 0.007805720416
 715 0.03403352094
 716 0.02791438073
 717 0.01640428971
 718 0.06124697117
 719 0.03722622778
 720 0.1628039781
 721 0.365899458
 722 0.3178369037
 723 0.2576431343
 724 0.105478823
 725 0.04378156339
 726 0.1673197562
 727 0.6533995911
 728 2.18760831
 729 2.62074562
 730 1.744604656
 731 0.7767335557
 732 0.2271662518
 733 0.04829904815
 734 0.0616684215
 735 0.08836133122
 736 0.1225067672
 737 0.1309792637
 738 0.04834768192
 739 0.05633081066
 740 0.01615783111
 741 0.005327385904
 742 0.01498744829
 743 0.03814493729
 744 0.07003515474
 745 0.069959345
 746 0.09771939943
 747 0.05620179568
 748 0.04416848433
 749 0.0837680122
 750 0.08400669284
 751 0.06392436494
 752 0.1177106455
 753 0.1216381791
 754 0.1560654308
 755 0.1920630817
 756 0.1471315428
 757 0.5605915204
 758 0.267587894
 759 0.2082631927
 760 0.1598073379
 761 0.1880868222
 762 0.1878637714
 763 0.5080384151
 764 0.463105201
 765 0.83066762
 766 0.7123403737
 767 0.5156940527
 768 0.4006505798
 769 0.1472746437
 770 0.2147236457
 771 0.1449073558
 772 0.0833801918
 773 0.1178381894
 774 0.03657584122
 775 0.01779030472
 776 0.02995947065
 777 0.02398127228
 778 0.02923105236
 779 0.03332673081
 780 0.01200026719
 781 0.04023147901
 782 0.02056361452
 783 0.01002255201
 784 0.04155263344
 785 0.03123780196
 786 0.01244530595
 787 0.01175012883
 788 0.02304924363
 789 0.04199105168
 790 0.00668908373
 791 0.01731404894
 792 0.01073663879
 793 0.01999119332
 794 0.03158911213
 795 0.01388673681
 796 0.03735215324
 797 0.03342249074
 798 0.06718718769
 799 0.05816654095
 800 0.1497535766
 801 0.2851493644
 802 0.3271833052
 803 0.5209700763
 804 0.6056844338
 805 0.4913345669
 806 0.6206073906
 807 0.3878726605
 808 0.39007307
 809 0.1826093502
 810 0.09105599019
 811 0.1185303702
 812 0.1251265134
 813 0.09814162114
 814 0.03583288468
 815 0.07231572939
 816 0.1402081937
 817 0.2993788759
 818 0.1694108865
 819 0.1320819431
 820 0.09922598579
 821 0.03513999324
 822 0.06429886518
 823 0.0141995028
 824 0.03951302701
 825 0.03356494704
 826 0.01080921454
 827 0.01863120136
 828 0.03477341315
 829 0.008507874284
 830 0.03656518071
 831 0.01308656471
 832 0.008444385288
 833 0.06912573604
 834 0.1094970254
 835 0.2805109878
 836 0.06451433342
 837 0.03377192042
 838 0.08552231048
 839 0.1000452287
 840 0.05650865937
 841 0.05490560025
 842 0.1137751313
 843 0.08410178102
 844 0.1406504552
 845 0.1332076172
 846 0.1661544615
 847 0.1053315783
 848 0.124007615
 849 0.2358332445
 850 0.05616429756
 851 0.0377882505
 852 0.03743949965
 853 0.0331506927
 854 0.07984459295
 855 0.05047140103
 856 0.1534870434
 857 0.163778183
 858 0.287204719
 859 0.4104563871
 860 0.66506272
 861 0.9414549448
 862 1.249879091
 863 1.190493736
 864 0.7458020094
 865 0.5453429227
 866 0.1633854288
 867 0.04638148742
 868 0.06669265661
 869 0.04480899347
 870 0.01233162131
 871 0.03560553776
 872 0.05251548481
 873 0.07286304115
 874 0.01018822712
 875 0.008220767827
 876 0.009355664333
 877 0.02840304198
 878 0.01848546158
 879 0.04916080717
 880 0.02246733313
 881 0.05495356662
 882 0.09744809279
 883 0.06945052131
 884 0.1704391039
 885 0.07078057303
 886 0.09655264798
 887 0.08024087329
 888 0.09333047436
 889 0.09142679213
 890 0.1953000681
 891 0.05399139693
 892 0.07574929538
 893 0.03996986914
 894 0.05368692269
 895 0.01194244189
 896 0.03256927931
 897 0.002332987096
 898 0.02541809063
 899 0.01068084446
 900 0.04381599593
 901 0.04045446178
 902 0.01594375519
 903 0.03248218543
 904 0.04050220189
 905 0.03202098879
 906 0.02366432159
 907 0.09518876527
 908 0.1087663521
 909 0.1136773982
 910 0.07726939323
 911 0.1501667967
 912 0.1388310837
 913 0.1271091619
 914 0.1258322414
 915 0.1543202185
 916 0.3335577411
 917 0.976161358
 918 1.838929663
 919 2.021755009
 920 1.523563367
 921 0.7998795333
 922 0.2366184031
 923 0.05946797972
 924 0.04000637649
 925 0.07808355896
 926 0.07725684314
 927 0.06881611984
 928 0.03972944394
 929 0.0420074296
 930 0.01573347952
 931 0.03641652706
 932 0.03399318203
 933 0.03980767771
 934 0.03763916532
 935 0.01581639034
 936 0.005750050545
 937 0.002267013135
 938 0.01237870468
 939 0.013305971
 940 0.003118904009
 941 0.01480006113
 942 0.006050519571
 943 0.01310034852
 944 0.03142775443
 945 0.04744754458
 946 0.06364707469
 947 0.09715399494
 948 0.122069214
 949 0.04333116523
 950 0.09929960244
 951 0.07595880501
 952 0.08962701921
 953 0.07717653252
 954 0.0950910417
 955 0.08620817715
 956 0.1642146837
 957 0.2133281239
 958 0.1857473784
 959 0.1238072288
 960 0.09457234276
 961 0.05758198209
 962 0.04076175543
 963 0.04039311034
 964 0.01646414174
 965 0.01429219035
 966 0.04074329519
 967 0.009160722482
 968 0.03904159916
 969 0.004055983833
 970 0.02314411927
 971 0.006080812211
 972 0.07332085147
 973 0.05714929154
 974 0.08848964278
 975 0.03856448721
 976 0.1668502446
 977 0.08284660956
 978 0.08486031581
 979 0.1012004138
 980 0.08424239005
 981 0.1122094695
 982 0.1535058552
 983 0.03434228024
 984 0.05065296002
 985 0.1363638106
 986 0.175131351
 987 0.228216986
 988 0.2154468484
 989 0.2404684853
 990 0.1915173072
 991 0.3494728465
 992 0.1778731157
 993 0.1882788357
 994 0.1047435168
 995 0.01170075346
 996 0.04373881872
 997 0.1001975814
 998 0.09334853698
 999 0.05157171162
