        2500        0.008            0            0            0            0            0
        5000        0.006            0            0            0            0            0
        7500        0.005        0.001            0            0            0            0
       10000         0.01        0.001            0            0            0            0
       12500        0.008        0.001            0            0            0            0
       15000        0.004            0            0            0            0            0
       17500        0.006            0            0            0            0            0
       20000        0.008            0            0            0            0            0
       22500        0.007        0.001            0            0            0            0
       25000        0.009            0            0            0            0            0
       27500        0.009            0            0            0            0            0
       30000        0.008            0            0            0            0            0
       32500        0.008            0            0            0            0            0
       35000        0.012        0.001            0            0            0            0
       37500        0.006            0            0            0            0            0
       40000        0.013            0            0            0            0            0
       42500        0.007            0            0            0            0            0
       45000        0.012            0            0            0            0            0
 47499.99999        0.009            0            0            0            0            0
 49999.99999         0.01            0            0            0            0            0
 52499.99999        0.009            0            0            0            0            0
 54999.99999        0.012            0            0            0            0            0
 57499.99999        0.008            0            0            0            0            0
 59999.99999        0.008        0.001            0            0            0            0
 62499.99999        0.012        0.001            0            0            0            0
 64999.99999        0.012            0            0            0            0            0
 67499.99999         0.01            0            0            0            0            0
 69999.99999         0.01        0.001            0            0            0            0
 72499.99999        0.012            0            0            0            0            0
 74999.99999        0.014            0            0            0            0            0
       77500        0.015            0            0            0            0            0
       80000        0.011        0.003            0            0            0            0
       82500        0.011        0.001            0            0            0            0
       85000        0.012        0.001            0            0            0            0
 87500.00001        0.012            0            0            0            0            0
 90000.00001        0.012        0.001            0            0            0            0
 92500.00001         0.01            0            0            0            0            0
 95000.00001        0.012        0.001            0            0            0            0
 97500.00001        0.009        0.003            0            0            0            0
      100000        0.008        0.004            0            0            0            0
      102500        0.009        0.002            0            0            0            0
      105000        0.012            0            0            0            0            0
      107500        0.012        0.001            0            0            0            0
      110000        0.014        0.001            0            0            0            0
      112500        0.012            0            0            0            0            0
      115000        0.015            0            0            0            0            0
      117500        0.011            0            0            0            0            0
      120000        0.011        0.002            0            0            0            0
      122500        0.007        0.001            0            0            0            0
      125000         0.01        0.003            0            0            0            0
      127500        0.008        0.001            0            0            0            0
      130000        0.011        0.001            0            0            0            0
      132500         0.01        0.001            0            0            0            0
      135000        0.014            0            0            0            0            0
 137500.0001        0.012            0            0            0            0            0
 140000.0001        0.013        0.001            0            0            0            0
 142500.0001         0.01        0.003            0            0            0            0
 145000.0001        0.009        0.002            0            0            0            0
 147500.0001        0.016            0            0            0            0            0
 150000.0001        0.017        0.002            0            0            0            0
 152500.0001        0.012        0.001            0            0            0            0
 155000.0001        0.011        0.002        0.001            0            0            0
 157500.0001        0.013        0.001            0            0            0            0
 160000.0001        0.015        0.003            0            0            0            0
 162500.0001        0.009        0.002            0            0            0            0
 165000.0001        0.007        0.002            0            0            0            0
 167500.0001        0.014        0.001            0            0            0            0
 170000.0001        0.012        0.002            0            0            0            0
 172500.0001        0.009        0.003            0            0            0            0
 175000.0001        0.013        0.001            0            0            0            0
 177500.0001        0.008        0.004            0            0            0            0
 180000.0001         0.01        0.004            0            0            0            0
 182500.0001         0.01        0.002            0            0            0            0
 185000.0001        0.011        0.002            0            0            0            0
 187500.0001        0.016        0.002            0            0            0            0
 190000.0001        0.014        0.003            0            0            0            0
 192500.0001        0.014        0.003            0            0            0            0
 195000.0001        0.011        0.003            0            0            0            0
 197500.0001        0.014        0.002            0            0            0            0
 200000.0001        0.014        0.004            0            0            0            0
 202500.0001        0.012        0.003            0            0            0            0
 205000.0001        0.013        0.003            0            0            0            0
 207500.0001        0.014        0.002            0            0            0            0
 210000.0001        0.011        0.003            0            0            0            0
 212500.0001        0.016        0.001            0            0            0            0
 215000.0001        0.016        0.003            0            0            0            0
 217500.0001        0.011        0.005            0            0            0            0
 220000.0001        0.012        0.004            0            0            0            0
 222500.0001        0.019        0.004            0            0            0            0
 225000.0001        0.011        0.004            0            0            0            0
 227500.0001        0.017        0.004            0            0            0            0
