         180 -0.001344700582 
         181 -0.001861064552 
         182 -0.002594405433 
         183 -0.003650184629 
         184 -0.005180410007 
         185 -0.007415834015 
         186 -0.01065953217 
         187 -0.015354352 
         188 -0.02213409831 
         189 -0.0318815109 
         190 -0.04587751852 
         191 -0.06593726585 
         192 -0.09461703397 
         193 -0.1354970642 
         194 -0.193369526 
         195 -0.2741711889 
         196 -0.3838227197 
         197 -0.5240748143 
         198 -0.6827498056 
         199 -0.8205150769 
         200 -0.8771631349 
         201 -0.820515077 
         202 -0.6827498057 
         203 -0.5240748143 
         204 -0.3838227198 
         205 -0.2741711889 
         206 -0.1933695261 
         207 -0.1354970643 
         208 -0.09461703399 
         209 -0.06593726586 
         210 -0.04587751853 
         211 -0.03188151091 
         212 -0.02213409831 
         213 -0.015354352 
         214 -0.01065953218 
         215 -0.007415834016 
         216 -0.005180410008 
         217 -0.00365018463 
         218 -0.002594405433 
         219 -0.001861064552 
         220 -0.001344700582 
         221 -0.0009603209971 
         222 -0.0006663568085 
         223 -0.0004306690688 
         224 -0.0002306688609 
         225 -6.879081525e-05 
         226 6.109423373e-05 
         227 0.0001575950875 
         228 0.0002112630592 
         229 0.0002285539423 
         230 0.0002091588521 
         231 0.0001569785005 
         232 8.777226296e-05 
         233 9.887914117e-06 
         234 -6.266338985e-05 
         235 -0.0001149176856 
         236 -0.0001405070147 
         237 -0.0001333317901 
         238 -9.344209279e-05 
         239 -2.715441481e-05 
