        2500  33.03796231  66.51517442    49.920288  99.55313673 0.002407182783 0.5515133224 
        5000  53.93907758  45.61405897  49.87419146  99.55313655 0.002015047006 0.8422096413 
        7500  50.55448931  48.99864691  49.58312262  99.55313622 0.001839845051  0.599582712 
       10000  41.74757377  57.80556219  48.76685954  99.55313596 0.002048745828 0.8423440559 
       12500  52.91081457  46.64232111  49.44164153  99.55313568 0.00237601979 0.6117710215 
       15000  36.53721355    63.015923  49.10262503  99.55313655 0.00245061485 0.8353073398 
       17500  51.23583794  48.31729768  49.03745636  99.55313562 0.002338541578  0.761220467 
       20000  50.84567087  48.70746578  48.92009776  99.55313666 0.002410612418 0.8905565933 
       22500  41.81364263  57.73949218  49.19467456  99.55313481 0.002436423294 0.8430037501 
       25000  44.47729309  55.07584323  49.10938665  99.55313632 0.002272035202 0.8950857597 
       27500  55.64960512  43.90353059  48.92343885  99.55313571 0.002153305836 0.6161830044 
       30000  46.49918611   53.0539499  49.47533328  99.55313601 0.002407343456  0.859534887 
       32500  44.85147518  54.70165994  49.07697431  99.55313513 0.002414387484 0.8633338215 
       35000  55.98938339  43.56375207  48.88187171  99.55313546 0.002269215199  0.652368148 
       37500  54.40677346  45.14636244  49.18909232  99.55313591 0.00223534669 0.6927780599 
       40000  45.79130958   53.7618255  49.19505987  99.55313508 0.002025085147 0.6025406367 
       42500  54.03469872  45.51843658  49.08162913   99.5531353 0.002333637894  1.025369252 
       45000  49.56961428  49.98352074  48.95098123  99.55313502 0.002190386199  0.741665735 
 47499.99999  44.34379014  55.20934524  49.14949131  99.55313538 0.002211871873 0.7600858796 
 49999.99999  43.19790151  56.35523389  49.28551542  99.55313539 0.002149289338 0.6814171253 
 52499.99999  44.83383732  54.71929729  49.29430324  99.55313462 0.002260866968  1.085353748 
 54999.99999  50.42343062  49.12970451  48.90119817  99.55313513 0.002306448812 0.7621619867 
 57499.99999  56.89900924   42.6541259   49.1453307  99.55313514 0.002302816688 0.9922296776 
 59999.99999   44.3298842  55.22325053   49.0747571  99.55313473 0.002245851287 0.7383273695 
 62499.99999   43.8335778   55.7195576  48.84481725  99.55313539 0.002258294775 0.6971669243 
 64999.99999  52.40609512   47.1470394  48.98422745  99.55313451 0.002216813992 0.6796033923 
 67499.99999  61.40311565  38.15001887  49.08333034  99.55313452 0.002276188231 0.8849718104 
 69999.99999  49.67458824  49.87854673  48.78993909  99.55313498 0.00238579091 0.7969888145 
 72499.99999  47.32671479  52.22642015  48.88021231  99.55313493 0.002301234989 0.9811558864 
 74999.99999  51.61484858  47.93828583  49.16083608  99.55313441 0.002456272124 0.7307767536 
       77500   38.1899723  61.36316231  48.92711718  99.55313461 0.002334268565 0.8298324143 
       80000  45.36916761  54.18396616  49.06063356  99.55313377 0.002280079721 0.6281188635 
       82500  45.92622146  53.62691286  48.41084549  99.55313433 0.002180069288 0.7392135985 
       85000  52.54176772  47.01136584  49.10726201  99.55313356 0.002250097089  1.002381941 
 87500.00001  57.55838573  41.99474867  49.10633771   99.5531344 0.002562432362 0.8342948286 
 90000.00001  60.48746485  39.06566928  49.42857842  99.55313413 0.002099979633 0.9053551085 
 92500.00001  44.69130416  54.86182937  48.97157192  99.55313353 0.002418272929   1.02398819 
 95000.00001  48.83473411  50.71840067  49.31743475  99.55313478 0.002362398983 0.9567378249 
 97500.00001  53.96425588   45.5888777  49.04417585  99.55313359 0.00233898245  1.021513434 
      100000  45.24754526  54.30558853  48.99390344  99.55313379 0.002659353579  1.097713882 
      102500  52.43540109  47.11773208  48.78607981  99.55313317 0.002085521811 0.6862121898 
      105000  45.18473142  54.36840275  49.17526251  99.55313417 0.002209287781 0.6921068428 
      107500  56.63386236  42.91927062  49.02055194  99.55313298 0.002431660941 0.8197944518 
      110000  60.64647793  38.90665574  49.04843224  99.55313367 0.00234783484 0.7590123756 
      112500   46.3636612  53.18947278  48.67243462  99.55313398 0.002350087496 0.6947643546 
      115000  48.19210024  51.36103362  49.31085615  99.55313386 0.002528655476  1.284792629 
      117500  50.26762635  49.28550744  49.14493286  99.55313379 0.002375705096   1.12843108 
      120000  51.70145321  47.85168001  49.04905574  99.55313321 0.002234224779 0.8615313417 
      122500   58.5619766  40.99115699  48.83170501  99.55313358 0.002523718612  1.276022079 
      125000  45.36016474  54.19296955  48.87972325  99.55313429 0.00276064022 0.9671471991 
      127500  55.68839107  43.86474263  49.22332399   99.5531337 0.00238466043  0.711667055 
      130000  50.02169506   49.5314378  49.02211364  99.55313285 0.00256334093  0.762619205 
      132500  48.68989324  50.86323945  48.82733572  99.55313269 0.002472811853 0.7327379343 
      135000  53.75289648  45.80023665  49.09432848  99.55313313 0.002230649483 0.7009111235 
 137500.0001  49.01773281  50.53539999  49.07936738   99.5531328 0.002519053971  1.081089967 
 140000.0001  40.54496683  59.00816642  49.01633682  99.55313326 0.002795988539  1.087693115 
 142500.0001   46.2625866  53.29054595  48.85450471  99.55313255 0.002042710416 0.5895941366 
 145000.0001  49.70226442    49.850868   48.9654377  99.55313242 0.002474439653 0.8911577246 
 147500.0001  46.68049996  52.87263396  49.13177286  99.55313393 0.002336031283 0.8331600644 
 150000.0001  44.23808928  55.31504399  48.76509055  99.55313326 0.003123288909  1.138946739 
 152500.0001  32.78780936  66.76532374  49.07502894   99.5531331 0.003053588783   1.57204612 
 155000.0001  49.60430348  49.94882866  49.20624037  99.55313214 0.002971122231 0.9593162253 
 157500.0001  50.59547499  48.95765718  48.87396742  99.55313217 0.002621408247 0.8368943066 
 160000.0001  56.50451199  43.04862024  49.09454912  99.55313223 0.002585277338  1.123063104 
 162500.0001  63.23881754  36.31431513  48.94218397  99.55313267 0.002603060685 0.9150235968 
 165000.0001  48.48129327  51.07183954  49.07683017  99.55313281 0.002773382476  1.063977004 
 167500.0001  53.79819225  45.75493956  48.80298305  99.55313181 0.002405614282  0.861018729 
 170000.0001  53.08084125  46.47229144  48.87749636  99.55313269 0.002461162006  1.133331982 
 172500.0001  56.50089208  43.05223986   48.9716793  99.55313193 0.002781901133  1.125240165 
 175000.0001  51.46749694  48.08563551  49.02579716  99.55313245 0.00273259829 0.8164148716 
 177500.0001  57.69358181  41.85954977  48.94510387  99.55313158 0.002755869085   1.15658284 
 180000.0001   42.9209038  56.63222853  48.75687164  99.55313233 0.002895133695  1.016268038 
 182500.0001  46.65382068  52.89931134  48.85058009  99.55313202 0.002708715212  1.284948238 
 185000.0001  44.28989531  55.26323647  48.95293359  99.55313178 0.002307681782 0.8208634629 
 187500.0001  50.15714153  49.39598977  49.09253794  99.55313129 0.002689585446 0.9946724334 
 190000.0001  58.21466061  41.33847083   49.1149894  99.55313144 0.002627555862  1.097336095 
 192500.0001  44.85450063  54.69863116  48.64189543  99.55313179 0.002604922448 0.8673158924 
 195000.0001   45.2224867  54.33064531  49.04384111    99.553132 0.002944537589  1.013304304 
 197500.0001  54.99619132  44.55694026   48.9195518  99.55313158 0.002437382395  0.747059133 
 200000.0001  57.48693481  42.06619683  49.14326056  99.55313164 0.002542675231 0.8063172196 
 202500.0001  49.64436497  49.90876643  48.92069295  99.55313139 0.002772075034  1.116653136 
 205000.0001  55.43217567  44.12095614  48.95529593  99.55313181 0.003269231935 0.9100346196 
 207500.0001  54.40853524  45.14459597  49.16714954   99.5531312 0.0022550914 0.7136039182 
 210000.0001  45.33287063  54.22026059   49.2473893  99.55313123 0.003502445238  1.520922613 
 212500.0001  43.74962386  55.80350743  48.88043416  99.55313129 0.002797954754  0.894890236 
 215000.0001  41.88028792   57.6728431   49.0506269  99.55313101 0.002453295858 0.8501680296 
 217500.0001  48.80436884  50.74876194  48.65518546  99.55313078 0.00312428827  1.464589249 
 220000.0001  50.06782555  49.48530589  48.98932487  99.55313144 0.003136901809  1.257651391 
 222500.0001  50.70064025   48.8524906  48.88449428  99.55313084 0.002919483676  1.140838668 
 225000.0001  57.59238554  41.96074524  48.99043353  99.55313078 0.00244001129 0.8719279078 
 227500.0001  47.96019328  51.59293788  48.78899095  99.55313116 0.002521526883    1.0386687 
 230000.0001  54.18240904  45.37072216  48.90817198   99.5531312 0.002904529676  1.886073953 
 232500.0001  50.58348334  48.96964692  48.95187897  99.55313025 0.002815125067  1.174979009 
 235000.0001  53.45766714  46.09546351  48.62599196  99.55313065 0.002725935628 0.7702075349 
 237500.0001  41.49620611  58.05692468  48.87770463  99.55313079 0.002611949164 0.9686118383 
 240000.0001  63.36015605  36.19297403  49.11759765  99.55313008 0.002454405241 0.7691101197 
 242500.0001  44.71057292  54.84255736  48.89155412  99.55313028 0.002310571164 0.8797489396 
 245000.0002  62.65945323  36.89367655  49.23048539  99.55312978 0.002618435066  1.076625017 
 247500.0002  46.04999585  53.50313404  48.69622677   99.5531299 0.002975230296  1.104583882 
 250000.0002  50.34163607   49.2114941  49.09740407  99.55313017 0.002832863078  1.087097192 
 252500.0002  56.19131584  43.36181407  48.80764012  99.55312991 0.002641471671  1.230819385 
 255000.0002  59.36821495  40.18491488  49.19487208  99.55312982 0.002603764995 0.8949858552 
 257500.0002  54.30995812  45.24317222  49.18603307  99.55313034 0.002674117613 0.8040167485 
 260000.0002  62.97362866  36.57950164  49.00992802  99.55313029 0.002723567314 0.7963380255 
 262500.0002  46.10601665  53.44711359  49.00676745  99.55313024 0.002462760527 0.7456413908 
 265000.0002  47.60887372  51.94425648   49.3576148   99.5531302 0.002617035866  0.869460014 
 267500.0002  49.10446167  50.44866839  48.76008743  99.55313006 0.002640744902  0.992427021 
 270000.0002  47.42135103  52.13177881   48.7921515  99.55312984 0.002778537378  1.101216712 
 272500.0002  54.64339235  44.90973766   48.8781806  99.55313001 0.002677131461 0.8740745608 
 275000.0002  49.18806431  50.36506537  49.23883449  99.55312969 0.002622489951 0.8984325102 
 277500.0002  47.58764817  51.96548116  48.96214019  99.55312933 0.002606263831 0.8903729719 
 280000.0002  51.36932175  48.18380742  48.76709672  99.55312918 0.002567900574 0.8056088226 
 282500.0002  47.19090646  52.36222323  48.80277304  99.55312969 0.002667985527 0.8544564939 
 285000.0002  54.68376596  44.86936315  48.52219939   99.5531291 0.002826015932 0.8856113897 
 287500.0002   52.9573469  46.59578274  48.55721274  99.55312964 0.002893609596 0.9105616749 
 290000.0002  58.98886016  40.56426892  48.87299069  99.55312908 0.002917306217  1.155730523 
 292500.0002  52.24986818  47.30326124  48.69105893  99.55312941 0.002382307752 0.6838708609 
 295000.0002  47.73828189  51.81484667  49.09154377  99.55312856 0.002653798471 0.7189032944 
 297500.0002  53.69753749  45.85559202  48.98606976  99.55312951 0.003396298335  1.210125385 
 300000.0002  60.41443414  39.13869467  48.92412329  99.55312881 0.00269794274 0.7719980586 
 302500.0002   47.5403491  52.01278009  48.88214674   99.5531292 0.002647877961 0.9020007405 
 305000.0002  51.28372472  48.26940424  48.64195895  99.55312896 0.003030196683   1.06470546 
 307500.0002  42.03802895  57.51509963  49.04498817  99.55312857 0.00273413713  1.050372977 
 310000.0002  59.32941922  40.22371029  48.82368919  99.55312951 0.003189363854 0.9485449749 
 312500.0002  49.99621015  49.55691866  49.06078114  99.55312881 0.003067173155  1.056061448 
 315000.0002  47.24887876  52.30425049  49.20025358  99.55312925 0.002777579783  1.188727175 
 317500.0002  35.69597715  63.85715099  48.65493532  99.55312814 0.002986295274  1.191506355 
 320000.0002  45.32122858  54.23190001  48.53251105  99.55312859 0.002561820447  0.926170891 
 322500.0002  45.24327184    54.309856  48.50827094  99.55312784 0.002807463338   0.91823487 
 325000.0002  58.64295688  40.91017166  48.79854127  99.55312854 0.00335494414  1.048914097 
 327500.0002  52.63985382  46.91327448  49.16853825   99.5531283 0.003029175301   1.18317231 
 330000.0002  51.23204106  48.32108717  48.82788164  99.55312823 0.002988412744  1.366883431 
 332500.0002  49.73851498  49.81461262  49.02502251  99.55312759 0.002730970508 0.9026060575 
 335000.0002  42.04062214   57.5125053  48.81338132  99.55312744 0.003003165836 0.8130900359 
 337500.0002  56.24932071  43.30380685   48.6836112  99.55312755 0.003363437467  1.028684751 
 340000.0002  50.57045167  48.98267661  48.80064824  99.55312828 0.002827642765  1.056966331 
 342500.0002  46.26961756  53.28351002  48.45051416  99.55312758 0.002701528691  1.053177568 
 345000.0002  41.63475441  57.91837378  48.78596759  99.55312819 0.002411818647 0.7345937123 
 347500.0002  54.99483466  44.55829312  48.52026572  99.55312778 0.002560707019 0.9292355805 
 350000.0002  57.93459571  41.61853253  48.85315364  99.55312824 0.002718753795 0.9552960996 
 352500.0003  56.13549447  43.41763383  48.46353785  99.55312829 0.003020349675 0.9849693597 
 355000.0003  47.27742747  52.27570049  48.85651334  99.55312795 0.003311133999  1.112846621 
 357500.0003  57.09671954  42.45640807  49.14390627   99.5531276 0.002866696247 0.9023388299 
 360000.0003  59.59276897  39.96035922  48.63842894  99.55312819 0.002858569321 0.9707039613 
 362500.0003  43.04451433  56.50861398  48.76807437   99.5531283 0.003524793645  1.386955045 
 365000.0003  40.41418532  59.13894193  48.69011872  99.55312726 0.002825923155 0.8310326712 
 367500.0003  49.23536767  50.31775994  48.85207966   99.5531276 0.002672607662 0.9297465901 
 370000.0003  51.56502666  47.98810091  48.71609041  99.55312757 0.003192871171  1.298834209 
 372500.0003  45.78044688   53.7726804  49.02675475  99.55312728 0.002942692654  1.115238445 
 375000.0003  53.84847901  45.70464825   49.0238671  99.55312726 0.002943542383  0.917975199 
 377500.0003  46.58686397  52.96626298  48.50142853  99.55312695 0.002820452795 0.9996099979 
 380000.0003  39.84952226  59.70360474  48.45422748    99.553127 0.002806011349  1.121326841 
 382500.0003  40.97259045  58.58053679  48.98016124  99.55312724 0.002904968661  1.034801704 
 385000.0003  48.28229946  51.27082733  48.75121447   99.5531268 0.002855538437 0.8407537271 
 387500.0003  47.41643135  52.13669592  49.04534058  99.55312728 0.002931150641 0.9936898166 
 390000.0003  49.89834411  49.65478226  48.64621313  99.55312637 0.00291323367  1.312345134 
 392500.0003   63.8713747  35.68175189  48.85270709  99.55312659 0.003195470447 0.9442004635 
 395000.0003  45.95132919  53.60179785  49.07525112  99.55312704 0.002846700216 0.9018995117 
 397500.0003  49.99473027  49.55839706   48.8633885  99.55312733 0.002972695968  1.197583531 
 400000.0003  54.10714158  45.44598526  48.97859092  99.55312684 0.002697530374 0.7042249743 
 402500.0003  47.75691179   51.7962143  48.80832021  99.55312609 0.003125298827  1.251951275 
 405000.0003  48.50454518  51.04858026  48.71980364  99.55312545 0.00286374586 0.9148182537 
 407500.0003  44.89971424  54.65341301  48.62294553  99.55312724 0.002822867686  1.090218602 
 410000.0003   45.8455933  53.70753308  48.78967082  99.55312637 0.002786582107   1.00256849 
 412500.0003  62.10692497  37.44620182  48.68811819  99.55312678 0.003013610888  1.183395566 
 415000.0003  50.08807585   49.4650497  48.69337041  99.55312555 0.002879517152  1.011251675 
 417500.0003  42.77680567   56.7763203   48.5994262  99.55312597 0.003017392805  1.294560504 
 420000.0003  45.23925685  54.31386917    48.727001  99.55312602 0.003099660421  1.369750675 
 422500.0003  49.34107667  50.21204839  49.03393371  99.55312506 0.002880761969  1.035584066 
 425000.0003  59.42828847  40.12483775  48.65059586  99.55312623 0.003112418415  1.082386681 
 427500.0003  51.39292309   48.1602031  48.95747269  99.55312619 0.002919520072  1.035707856 
 430000.0003   59.7183059  39.83481993   48.9097273  99.55312584 0.003206076004   1.06398977 
 432500.0003  49.94852947  49.60459723  48.73146766   99.5531267 0.002547465637  1.071077441 
 435000.0003  48.14010112  51.41302415  48.49265147  99.55312527 0.003062625325  1.329563187 
 437500.0003  41.43353177  58.11959452  48.73577058  99.55312629 0.003423127669  1.826143909 
 440000.0003   56.5346408  43.01848521  49.16153332  99.55312601 0.002752449207  1.037264319 
 442500.0003  56.63201285  42.92111328  48.55047246  99.55312614 0.00298892778 0.8749385888 
 445000.0003  54.79583219   44.7572946  48.76197937  99.55312679 0.003414827333  1.127525101 
 447500.0003  50.47234298  49.08078197  48.74426936  99.55312495 0.00292273993  1.064204517 
 450000.0003   49.9574411   49.5956847  48.95501589   99.5531258 0.003185107948  1.184379759 
 452500.0003  40.79346695  58.75965832  48.87208813  99.55312528 0.003041853289  1.250042963 
 455000.0003  47.99047674  51.56264841  48.86045655  99.55312515 0.003007860507 0.9737421771 
 457500.0004  48.13110184  51.42202367  48.77751176  99.55312551 0.003008094769  1.400410505 
 460000.0004  41.97933233  57.57379249    48.698745  99.55312482 0.003703761803  1.626529925 
 462500.0004  40.33738876  59.21573547  49.09491772  99.55312423 0.002929173623  1.076374288 
 465000.0004  46.94018534  52.61293889    49.001636  99.55312423 0.003018246488 0.9574523556 
 467500.0004  50.20720732  49.34591778  48.31703816   99.5531251 0.002736823811 0.8345913727 
 470000.0004  53.88164751  45.67147713  48.88870525  99.55312463 0.003058072856  1.527523778 
 472500.0004  55.92173508  43.63139004  48.44674405  99.55312512 0.00296318022 0.8209769016 
 475000.0004  61.79337448  37.75975004  48.72454447  99.55312453 0.002896450777  1.076375481 
 477500.0004  49.32407221  50.22905338  48.68277938  99.55312559 0.002827071798  1.309351492 
 480000.0004  50.44402976  49.10909394  48.91132373   99.5531237 0.004370853007  3.037357872 
 482500.0004  42.23736936  57.31575475  48.54641164  99.55312411 0.003385114372  1.553524722 
 485000.0004  51.51503936  48.03808508  48.79252052  99.55312444 0.002955203715 0.9954667917 
 487500.0004  58.91267475  40.64044989  48.58316679  99.55312464 0.003110222623  1.158848919 
 490000.0004  39.24720449   60.3059194  48.73476981   99.5531239 0.002862220081   1.02197954 
 492500.0004  50.81862628  48.73449889   48.4991634  99.55312517 0.002874854105 0.9323425535 
 495000.0004  47.96370878  51.58941528  48.56560274  99.55312407 0.003126230811   1.01729757 
 497500.0004  48.82713231   50.7259922  48.70295819  99.55312451 0.003356060037     1.546093 
 500000.0004  51.61126778  47.94185675  48.62649339  99.55312453 0.00298062698 0.8993347793 
 502500.0004  40.38760229  59.16552127  48.90791697  99.55312356 0.003082609509  1.518416407 
 505000.0004  42.19562283  57.35750141   48.8854707  99.55312423 0.003180388952 0.9245800629 
 507500.0004  50.61201792   48.9411055  49.04438364  99.55312342 0.002996609831  1.123259646 
 510000.0004  56.94062673  42.61249688   48.8807205  99.55312361 0.003568333537  1.413463737 
 512500.0004  56.17596108  43.37716283  48.85329007  99.55312391 0.002727363504 0.8831558141 
 515000.0004  58.11072625  41.44239805  48.78094903   99.5531243 0.002946909135  1.127846947 
 517500.0004  39.12164166   60.4314823  48.58827576  99.55312396 0.003207815471  1.290623661 
 520000.0004  68.64453678  30.90858695  48.61201376  99.55312373 0.003145142131  1.089191788 
 522500.0004  51.92680192  47.62632073  48.74601322  99.55312265 0.003178882603  1.012117142 
 525000.0004  46.92236245  52.63076113  49.05575608  99.55312358 0.002928676479 0.9107149545 
 527500.0004  52.07102068  47.48210397  48.40687882  99.55312465 0.003385128298  1.599141594 
 530000.0004  57.15779561  42.39532833  48.57478625  99.55312394 0.003244225489  1.049901929 
 532500.0004  54.30352926  45.24959327   48.6881524  99.55312254 0.003476523145  1.123655539 
 535000.0004  40.39923376  59.15388885    48.433628   99.5531226 0.003635703021   1.74969739 
 537500.0004  41.09039612  58.46272702  48.56551561  99.55312314 0.003307692091  1.054109756 
 540000.0004   56.5354713  43.01765246  48.73981295  99.55312376 0.003095459709  1.006540204 
 542500.0004   37.2061922   62.3469313  48.73583942   99.5531235 0.003087526758  1.140279984 
 545000.0004  42.94364001  56.60948186  48.71202548  99.55312187 0.002746015529 0.8516968729 
 547500.0004  43.01907306  56.53404957  48.67953306  99.55312263 0.003272930113  1.124225679 
 550000.0004  45.37759526  54.17552781  48.88097367  99.55312307 0.003296221993  1.156711197 
 552500.0004  50.81931214  48.73380997  49.08372095  99.55312211 0.003307336101  1.180855971 
 555000.0004  50.89217364  48.66094951  48.72081557  99.55312315 0.003432859952  1.033303003 
 557500.0004   59.5161726  40.03695047  48.94864183  99.55312307 0.003050530243  1.212265656 
 560000.0004    49.186601  50.36652154  48.81025674  99.55312255 0.002838902601  1.261869869 
 562500.0004  60.66005814  38.89306414  48.80054906  99.55312228 0.003349374738    1.3048272 
 565000.0005  56.96061941  42.59250349  48.63823086   99.5531229 0.003410192705  1.513833943 
 567500.0005  51.28650389  48.26661937  48.65851185  99.55312327 0.002943023555   1.50763094 
 570000.0005  49.38883462  50.16428802  48.51919218  99.55312264 0.003147533645  1.124237222 
 572500.0005  50.57711852  48.97600423   48.7780335  99.55312276 0.003172819902  1.120630527 
 575000.0005  59.18273901  40.37038417  48.72261533  99.55312319 0.002871722742 0.8962268659 
 577500.0005  47.91868713   51.6344357  49.10420078  99.55312283 0.003365196477  1.435494513 
 580000.0005  45.49569165  54.05743006  48.49030853  99.55312171 0.002703096942 0.9169466791 
 582500.0005  51.11023125   48.4428909  48.57277706  99.55312215 0.003574537581  1.966693879 
 585000.0005  59.30338704  40.24973493  48.86064781  99.55312197 0.002914281355 0.9675438356 
 587500.0005  56.84482103  42.70830112  48.42630454  99.55312216 0.003445560231  1.304021091 
 590000.0005  45.59093491  53.96218715  48.78860662  99.55312206 0.00337433558  1.439142049 
 592500.0005  51.35782581  48.19529584  48.71828778  99.55312165 0.003363662443  1.076317768 
 595000.0005  66.98785127  32.56527113  48.96253358   99.5531224 0.002996812035  1.157681556 
 597500.0005  57.13193325   42.4211889  48.49149838  99.55312215 0.003829547648  1.519969773 
 600000.0005  49.44297429  50.11014685  48.96330784  99.55312115 0.00305120081  1.143077078 
 602500.0005  52.46419991  47.08892307  48.49456844  99.55312298 0.003050889434 0.9004022643 
 605000.0005  56.49251289  43.06060897  48.69411961  99.55312186 0.003830909198  1.518026621 
 607500.0005  54.58580412  44.96731722  48.61845025  99.55312134 0.00304556558 0.8894669813 
 610000.0005  45.91650158  53.63662013  48.35007597   99.5531217 0.003063704043 0.9403562185 
 612500.0005  57.74526295  41.80785847  48.68812946  99.55312142 0.002910904271 0.9585431219 
 615000.0005  54.67282745  44.88029366  48.62889699  99.55312111 0.002878366192 0.9423719808 
 617500.0005   51.2657427  48.28737851   48.3636537  99.55312121 0.002774699922  1.083194184 
 620000.0005    63.951094  35.60202745  48.52261194  99.55312146 0.003657158113  1.614059109 
 622500.0005  42.92164369  56.63147754  48.82294032  99.55312122 0.002985131726  1.083594839 
 625000.0005  53.91351668  45.63960503  48.61252202  99.55312171 0.003173669256  1.568588713 
 627500.0005  53.98679713   45.5663237  48.55828059  99.55312083 0.003249370978  1.193624504 
 630000.0005  47.25517128  52.29794902  48.91566336   99.5531203 0.003359739915  1.238835213 
 632500.0005  48.90578036  50.64734056  48.85387812  99.55312093  0.003274903  1.259008097 
 635000.0005  49.50776959  50.04535191  48.78461552   99.5531215 0.003608591558  1.869560215 
 637500.0005  54.26231786  45.29080344  48.60642056  99.55312131 0.004334930975   1.43444315 
 640000.0005  56.17650427   43.3766165  48.49623763  99.55312077 0.003259852762  1.451524156 
 642500.0005   53.5796461  45.97347521  48.60425927  99.55312131 0.003486719372  1.060308908 
 645000.0005  47.47030066  52.08282017  48.71580331  99.55312083 0.003193297597  1.237637325 
 647500.0005  54.88932346  44.66379726  48.36497534  99.55312072 0.003104324845  1.129548292 
 650000.0005  42.11928905  57.43383112  48.84751968  99.55312017 0.003246027831  1.163905092 
 652500.0005  55.33934471  44.21377593  49.02423773  99.55312064 0.004175298463   2.30077327 
 655000.0005  42.37475142  57.17836946  48.78015455  99.55312088 0.003019258708  1.455561476 
 657500.0005  58.20830698  41.34481381  48.64046689  99.55312079 0.003049483841 0.9509657342 
 660000.0005  64.18819274  35.36492791  48.97840669  99.55312065 0.002748904218 0.8273205924 
 662500.0005   48.1001887  51.45293187  48.56813885  99.55312057 0.00417803267  1.477219502 
 665000.0005  52.39264572  47.16047458  48.71273512   99.5531203 0.003061392473 0.9581363941 
 667500.0005  44.83760116  54.71551876  48.47044686  99.55311992 0.003266976341  1.203032796 
 670000.0005  36.40166598  63.15145322  48.68131453   99.5531192 0.002970776943  1.048660569 
 672500.0006  57.24512781  42.30799161  49.09826623  99.55311942 0.003015611178  1.100922919 
 675000.0006  49.59596291   49.9571567  48.72343029  99.55311961 0.003337453617  1.173948316 
 677500.0006  50.33547876  49.21764192  49.17141674  99.55312068 0.003027130472  1.021156855 
 680000.0006  50.00500774  49.54811242  48.72941229  99.55312016 0.003741813558  1.355385459 
 682500.0006  40.01802311  59.53509642   48.3391759  99.55311953 0.00316585933  1.068114842 
 685000.0006  53.07167486  46.48144461  48.83325275  99.55311947 0.003339976543  1.450569876 
 687500.0006   58.8536116  40.69950799  48.84794363   99.5531196 0.003902576442  1.817269382 
 690000.0006   49.5149434  50.03817572  48.70678246  99.55311913 0.003949124172  2.108245746 
 692500.0006  64.60695314  34.94616668  48.75402217  99.55311982 0.003376527885  1.686059421 
 695000.0006  55.13208555  44.42103359  48.48142272  99.55311915 0.003474850306  1.185266538 
 697500.0006  53.25998655  46.29313277  48.91844145  99.55311931 0.003233425913  1.357530738 
 700000.0006  46.15490972  53.39820982  48.70229752  99.55311954 0.003004822943  1.113457678 
 702500.0006  53.74779396  45.80532503  48.57188411  99.55311899 0.003553332035  1.356198686 
 705000.0006  47.98305489  51.57006362  48.50421905  99.55311851 0.003605565516  1.343779605 
 707500.0006  57.25471023  42.29840869  48.61949161  99.55311892 0.003190010659  1.107624667 
 710000.0006  57.32163655  42.23148277  48.45031585  99.55311932 0.003186528402  1.156428128 
 712500.0006  52.38188715  47.17123212   48.4638313  99.55311927 0.003314377867  1.639114932 
 715000.0006   55.8786468  43.67447156  48.79195865  99.55311837 0.003529682549  1.302354273 
 717500.0006  44.38210298  55.17101568  48.29384479  99.55311867 0.003461863151  1.375217426 
 720000.0006  44.93515341  54.61796558  48.83635543    99.553119 0.00272394168  1.260913286 
 722500.0006  47.28165141  52.27146759  48.78681763    99.553119 0.003977168611  1.371540255 
 725000.0006   39.6063998  59.94671822  48.71375999  99.55311802 0.002789083214 0.9684176566 
 727500.0006  56.84347891  42.70964011  48.78672829  99.55311902 0.00301646164   1.06550699 
 730000.0006  49.98767725  49.56544126  48.56253644  99.55311851 0.003173365592  1.396357239 
 732500.0006   42.3543964  57.19872187  48.42165938  99.55311827 0.002778866662   1.06331163 
 735000.0006  42.04535246  57.50776522  48.80073459  99.55311768 0.00318490067  1.262585272 
 737500.0006  50.50871192  49.04440682    48.741048  99.55311874 0.003362820485  1.295164069 
 740000.0006  48.54954604  51.00357221  48.27681335  99.55311825 0.003655134916   1.42642784 
 742500.0006  56.81556331  42.73755488  48.87242254  99.55311819 0.003392964596  1.250796542 
 745000.0006  61.02879792   38.5243201  48.78157312  99.55311802 0.003683291389  1.377718233 
 747500.0006  59.62711279   39.9260056  48.63887738  99.55311839 0.003272903844  1.350961161 
 750000.0006  48.50981583  51.04330264  48.65677537  99.55311847 0.003448558656  1.374151549 
 752500.0006  52.65469146  46.89842712  48.42758669  99.55311858 0.003315257468  1.318994042 
 755000.0006  52.32311097  47.23000683  48.19400685   99.5531178 0.003189256211  1.104133078 
 757500.0006  47.09698922  52.45612857  48.95177295  99.55311779 0.003509940266  1.146672278 
 760000.0006  50.96237594  48.59074158  48.80495745  99.55311752 0.003116329863  1.029757876 
 762500.0006  55.73430273  43.81881422  48.62214714  99.55311695 0.00377900938  1.653683977 
 765000.0006  58.15583205  41.39728522  48.65609262  99.55311728 0.003392459465  1.248558676 
 767500.0006  58.01201959  41.54109801  48.78459512   99.5531176 0.003342717285  1.257777188 
 770000.0006  52.08081076  47.47230638  48.48480528  99.55311714 0.003451535381   1.27129235 
 772500.0006  63.23814166  36.31497569  48.47535302  99.55311735 0.003705653623  1.264232094 
 775000.0006  46.01798481  53.53513346  48.85497371  99.55311826 0.003332854086   1.30417494 
 777500.0006  52.70986826  46.84324859  48.52603236  99.55311686 0.003414874029  1.254115884 
 780000.0007  55.20574894  44.34736859  48.55271568  99.55311754 0.00339357123  1.565710568 
 782500.0007  43.03544322   56.5176742  48.28946428  99.55311743 0.003652581067  1.889535723 
 785000.0007  52.06514527  47.48797131  48.64632471  99.55311658 0.003142608025  1.203827678 
 787500.0007   46.1413588  53.41175859  48.77901572  99.55311738 0.003683247324  1.443794903 
 790000.0007  45.30107219  54.25204491  48.64249402   99.5531171 0.003321671985  1.335611676 
 792500.0007  58.06117557  41.49194083  48.45369865   99.5531164 0.003982851276  1.774428912 
 795000.0007  49.54954627  50.00357014  48.33677477  99.55311641 0.00368816672  1.386986715 
 797500.0007  56.30924874  43.24386785  48.77420616  99.55311658 0.003524127508  1.409367143 
 800000.0007  52.72046227  46.83265448  48.60482019  99.55311674 0.003992688923  1.526891953 
 802500.0007  52.80543892  46.74767723  48.40938187  99.55311615 0.004239316435  1.974099999 
 805000.0007  66.19670177  33.35641504  48.45018023  99.55311681 0.003175080994  1.216009307 
 807500.0007  50.86632451  48.68679225  48.54170176  99.55311675 0.003270938778   1.65878817 
 810000.0007  52.19751106  47.35560588   48.5200649  99.55311694 0.00357806051  1.232406363 
 812500.0007  47.84453994   51.7085763  48.80788061  99.55311624 0.004043760238   1.49295242 
 815000.0007  51.79715413  47.75596302  48.90449319  99.55311715 0.003639953966  2.113559228 
 817500.0007  58.86968669  40.68342904  48.43157406  99.55311574 0.003472370921  1.407083339 
 820000.0007  55.78354968  43.76956663  48.31016761  99.55311631 0.003665361508  1.886449234 
 822500.0007  46.97863998  52.57447487  48.39883105  99.55311485 0.003583057374  1.692424753 
 825000.0007  43.90720176  55.64591393  48.72374838  99.55311569 0.003794366503  1.591192534 
 827500.0007  53.09362774  46.45948782  48.24514868  99.55311556 0.004090793773  2.444066554 
 830000.0007  48.89515283  50.65796283  48.46096544  99.55311566 0.003743164181  1.093491188 
 832500.0007   50.3194176  49.23369835  48.21684064  99.55311595 0.003834096815  1.887574388 
 835000.0007  43.86773389  55.68538106  48.65002332  99.55311495 0.003558042052  1.469269498 
 837500.0007  41.42277096  58.13034472  48.95876397  99.55311567 0.004222686136   1.54017648 
 840000.0007  58.72069887  40.83241675  48.83664296  99.55311562 0.003303925111  1.218508685 
 842500.0007  49.89318758  49.65992768  48.42603761  99.55311526 0.003775824997  1.409864377 
 845000.0007  63.13806111  36.41505408   48.4789872  99.55311519 0.003406757577  1.325339435 
 847500.0007   47.1260559   52.4270593  48.30394527   99.5531152 0.00425218461  2.150563691 
 850000.0007  52.42207768  47.13103715  48.30326087  99.55311484 0.00375866165  1.936916346 
 852500.0007  46.97901453  52.57410044  48.62916773  99.55311497 0.004097967261  1.833182788 
 855000.0007  51.53368995   48.0194243  48.68108253  99.55311425 0.003515487018   1.29084948 
 857500.0007    58.098223  41.45489124  48.68470058  99.55311423 0.004056699137  1.724858462 
 860000.0007  39.82701197  59.72610257   48.5304608  99.55311454 0.003495325713  1.225407407 
 862500.0007  58.76647501  40.78663941  48.50346209  99.55311443 0.003687615699  1.076812359 
 865000.0007  49.58552714  49.96758777  48.43845108   99.5531149 0.003129930113  1.085948488 
 867500.0007  51.53688677   48.0162274  48.17352957  99.55311417 0.003418975305  1.423262073 
 870000.0007  59.45527842  40.09783643   48.6478575  99.55311485 0.003388582796  1.412137955 
 872500.0007  52.27618446  47.27692985  48.72908916  99.55311431 0.003754298797  1.370003836 
 875000.0007  54.60392292   44.9491911  48.41162049  99.55311402 0.004068499081  1.420439382 
 877500.0007  48.39075692  51.16235816  48.51402181  99.55311508 0.003912225751  1.814908037 
 880000.0007  46.97598153  52.57713325  48.59369152  99.55311478 0.003452512314  1.252922189 
 882500.0007  46.07919434  53.47391932  48.42250052  99.55311366 0.00336532181  1.238535413 
 885000.0007  46.05875194  53.49436181  48.32212068  99.55311375 0.003615602582  1.759660714 
 887500.0008  55.77458195  43.77853219  48.55444167  99.55311413 0.003443739593  1.515471864 
 890000.0008  60.94089978  38.61221335  48.40763836  99.55311313 0.003827172398  1.556896847 
 892500.0008  49.82359618  49.72951739  48.63631657  99.55311358 0.003195622484  1.023744476 
 895000.0008  44.49553491  55.05757874  48.47061073  99.55311365 0.003900037522  1.776478141 
 897500.0008  43.74428675  55.80882643  48.55812469  99.55311318 0.003319524659  1.436644467 
 900000.0008   55.8111371  43.74197632  48.24482424  99.55311342 0.003591097886  1.356989517 
 902500.0008  47.54328492  52.00982858  48.31131634   99.5531135 0.003552955616  1.453059041 
 905000.0008  54.03541642  45.51769773  48.61741863  99.55311415 0.003710314348  1.399816752 
 907500.0008  40.14791877  59.40519417  48.73896179  99.55311294 0.003762659547  1.762253879 
 910000.0008  59.09313686  40.45997594  48.67381599   99.5531128 0.003283057647  1.273135341 
 912500.0008  53.75609512  45.79701808  48.56772358  99.55311321 0.003848463823  1.496723597 
 915000.0008  51.80242926  47.75068294  48.54791876   99.5531122 0.003431190433  1.435986732 
 917500.0008  56.49207591  43.06103691  48.24986105  99.55311282 0.003485189343  1.385853083 
 920000.0008  44.90947138  54.64364065  48.63258924  99.55311203 0.003450781798  1.080863069 
 922500.0008  49.17680699  50.37630603  48.83949132  99.55311302 0.004194348434  1.561848646 
 925000.0008  53.34991131  46.20320058    48.697209   99.5531119 0.004076444645  1.832079499 
 927500.0008  56.06249346  43.49061811  48.32460253  99.55311157 0.003945067288  1.482649337 
 930000.0008  39.99824554  59.55486582  48.69706463  99.55311136 0.00438683704  2.708507714 
 932500.0008  48.44483339   51.1082783  48.35193984   99.5531117 0.003824781969  1.610036081 
 935000.0008  52.23752544  47.31558652  48.51456526  99.55311196 0.003715535629  1.528204025 
 937500.0008  52.17739866  47.37571449  48.43647171  99.55311314 0.003363296559  1.052824148 
 940000.0008  50.49310299  49.06000851  48.80255576   99.5531115 0.003973099947  1.953369415 
 942500.0008  52.78116269  46.77194891  48.51394185   99.5531116 0.003610716747  1.878295422 
 945000.0008   47.6693686  51.88374327  48.26834224  99.55311187 0.003616718381  2.224560335 
 947500.0008  54.44800793  45.10510415  48.31206957  99.55311208 0.004249901257  1.720510156 
 950000.0008  50.00566747  49.54744438  48.68733013  99.55311185 0.003799754974  1.963655135 
 952500.0008  49.76496926  49.78814229  48.20997209  99.55311155 0.003823092692  1.427658228 
 955000.0008  44.80751332  54.74559805  48.72153228  99.55311137 0.004153983466  1.796780273 
 957500.0008  37.49768746  62.05542372  48.56761926  99.55311118 0.004154589775  1.427039627 
 960000.0008  61.81288268  37.74022816   48.4756364  99.55311084 0.00349626556  1.426820199 
 962500.0008  60.98432295  38.56878828  48.49058516  99.55311123 0.00355800719   1.47289901 
 965000.0008  52.11166066  47.44144969  48.53851128  99.55311035 0.003309144474  1.322558196 
 967500.0008  51.25491853   48.2981921  48.82816277  99.55311063 0.004539187416  1.629752847 
 970000.0008  48.85105628   50.7020542  48.65827245  99.55311047 0.00440453472  1.678040044 
 972500.0008  50.83753303  48.71557739  48.33100382  99.55311043 0.003046612229 0.8114015247 
 975000.0008  48.62512583  50.92798421  48.36907953  99.55311004 0.00341465692   1.34208969 
 977500.0008  51.93298209  47.62012775   48.5989873  99.55310984 0.003740877707  1.397067072 
 980000.0008  49.91078081  49.64232941  48.76395041  99.55311022 0.003942318645  1.497156506 
 982500.0008  46.99728477  52.55582498  48.32790172  99.55310975 0.004229399553  1.775113291 
 985000.0008  56.44215233  43.11095716  48.48113191  99.55310949 0.003542817059  1.520952314 
 987500.0008  48.94371901  50.60939034  48.37108843  99.55310935 0.00377433167  1.343346314 
 990000.0008  48.11825036  51.43485836    48.408772  99.55310872 0.004083194946  1.681575796 
 992500.0008  48.85072172  50.70238702  48.49486339  99.55310874 0.003898332389  2.410478349 
 995000.0009  52.54799653  47.00511235  48.49553606  99.55310888 0.003232097025  1.467619325 
 997500.0009    59.272083  40.28102623  48.18270605  99.55310923 0.004041759131   1.71516902 
 1000000.001  55.76533066  43.78777879  48.25929518  99.55310944 0.003593805315  1.461399117 
 1002500.001  50.47987251  49.07323694  48.69279656  99.55310945 0.003931474321  1.507967364 
 1005000.001  40.77620838  58.77690027  48.93795722  99.55310864 0.003541932313   1.57261371 
 1007500.001  49.85877809  49.69433064  48.61824321  99.55310874 0.003571965948  1.590463174 
 1010000.001  48.47244039  51.08066825   48.6495791  99.55310864 0.003057687916  1.036521452 
 1012500.001  40.97762536  58.57548246  48.41039658  99.55310782 0.003766190446  1.681716721 
 1015000.001  60.61264799   38.9404603  48.45732958  99.55310828 0.003950691356  1.271127221 
 1017500.001  50.34826829  49.20483947  48.45467811  99.55310776 0.003725679843  1.529545919 
 1020000.001    50.698338     48.85477  48.37238435    99.553108 0.004166794054   1.76340783 
 1022500.001  55.26215676  44.29095017  48.40333777  99.55310693 0.004098535021  1.688791234 
 1025000.001  50.09869445  49.45441222  48.69042857  99.55310667 0.00453927025  2.201475113 
 1027500.001  49.16836622  50.38474199  48.25592859  99.55310821 0.004324899281  2.236627088 
 1030000.001  53.75680818    45.796299  48.30499528  99.55310718 0.004053428926    2.2252291 
 1032500.001   62.7835765  36.76953063  48.64820444  99.55310713 0.004064255976  1.755913407 
 1035000.001   46.2762635  53.27684405  48.39026539  99.55310755 0.004464159254   2.16800602 
 1037500.001  62.49225758  37.06084928  48.67156136  99.55310686 0.004024861946  1.766660398 
 1040000.001  46.49699984  53.05610652  48.35392694  99.55310636 0.004136962091  2.609856532 
 1042500.001    58.785579  40.76752803  48.56508383  99.55310703 0.003499536208  1.423048553 
 1045000.001  49.92217747  49.63092905   48.5199526  99.55310652 0.003677206952  1.667684418 
 1047500.001  51.16353858  48.38956795  48.56614545  99.55310654 0.00391954568  2.567057029 
 1050000.001  46.20738488  53.34572134  48.33709679  99.55310622 0.003903760472  1.773617146 
 1052500.001  56.02744786  43.52565843  48.56836836  99.55310629 0.00367267232  1.783057065 
 1055000.001  54.04561059  45.50749543  48.38669993  99.55310601 0.003588411124  1.761988799 
 1057500.001  53.72193201  45.83117323  48.59317759  99.55310524 0.004055687485  1.484347578 
 1060000.001  44.85114388  54.70196201  48.74949519  99.55310589 0.004333952197  2.330449645 
 1062500.001  53.48178124   46.0713238   48.7072074  99.55310504 0.00381644915  1.207232315 
 1065000.001  56.72762521   42.8254793  48.50337445  99.55310451 0.003637061287  1.565504434 
     1067500  46.83308263  52.72002277  48.39325618  99.55310539 0.003576235352  1.440165534 
     1070000  46.32366201  53.22944236  48.47060899  99.55310437 0.003490828314  1.519013292 
     1072500  51.10195112   48.4511534  48.62147022  99.55310452 0.004374646291  2.109412617 
     1075000  44.74438885  54.80871549  48.48211293  99.55310434 0.004226383307  1.778630678 
     1077500  55.72912328  43.82398049  48.76276376  99.55310376 0.003903105226  1.648385538 
     1080000  53.94746088  45.60564289  48.76777344  99.55310377 0.004696277889  2.250263053 
     1082500  46.89207037  52.66103392  48.46279275  99.55310429 0.003768727355  1.591240692 
     1085000   53.5436945  46.00940846  48.57544159  99.55310296 0.00396607299  2.320392464 
     1087500  48.17747678  51.37562633  48.67340396  99.55310311 0.004104694585  2.555437253 
     1090000  49.13263984  50.42046385  48.60097128  99.55310369 0.004108605609  2.195174461 
     1092500  52.20804606  47.34505716  48.67332496  99.55310321 0.003628853633  1.321883032 
     1095000  49.11958222  50.43352037  48.40288912   99.5531026 0.003822906715   2.49242127 
     1097500  55.70158423  43.85151837  48.37830524  99.55310259 0.004440581663  3.032158747 
     1100000  58.55412296  40.99897902  48.47972958  99.55310197 0.00330665714  1.827329625 
     1102500  49.75611436   49.7969873  48.60072423  99.55310166 0.0038187617  2.210573536 
     1105000   49.0340055  50.51909561  48.65307372  99.55310111 0.003586750973  1.923148982 
     1107500  51.99671612  47.55638588  48.71135688    99.553102 0.003709882053  2.330349557 
     1110000  52.42705639  47.12604495  48.57767149  99.55310134 0.003950621284  2.121906527 
 1112499.999  48.11214722  51.44095347  48.76432259  99.55310068 0.004385173796  2.553864664 
 1114999.999  56.87547421  42.67762624  48.61676227  99.55310046 0.003099455537  1.227442235 
 1117499.999  44.76066755   54.7924328  48.55486936  99.55310036 0.003658768932  1.714354531 
 1119999.999   58.3484803  41.20461933  48.56504535  99.55309962 0.003412684314  1.241319632 
 1122499.999  53.77458035  45.77851953  48.93564072  99.55309988 0.003530429541  1.369013563 
 1124999.999  53.55943142   45.9936684  48.89817386  99.55309982 0.003415765379  1.267300271 
 1127499.999  56.29584484  43.25725433  48.43279249  99.55309916 0.003962273563  2.223970702 
 1129999.999  49.39530435  50.15779393  48.48111736  99.55309828 0.00347742099  1.570845266 
 1132499.999  50.89237043  48.66072793  48.79285837  99.55309835 0.004469945709  3.112462866 
 1134999.999  56.83227928   42.7208192   48.6738034  99.55309848 0.003169066986  1.311366506 
 1137499.999   47.4545955  52.09850343  48.50565745  99.55309893 0.003810974132  2.326289432 
 1139999.999  55.34619627   44.2069014  48.62669836  99.55309767 0.003296666858  1.562510913 
 1142499.999  46.70684723  52.84625056  48.87161669   99.5530978 0.003338278895  1.333074771 
 1144999.999  44.28992666  55.26317004  48.89906921   99.5530967 0.003491750352  1.649322732 
 1147499.999  46.63516856  52.91792797  48.84545595  99.55309653 0.002662173462  1.110609646 
 1149999.999  49.98095291  49.57214389  48.70887555   99.5530968 0.00314558884  1.554589502 
 1152499.999  52.28080279  47.27229303  48.91947339  99.55309581 0.00316299269  1.310965352 
 1154999.999  48.53790259  51.01519299  49.00910266  99.55309557 0.004319826482  2.766826364 
 1157499.998  51.21143184  48.34166408  48.57946016  99.55309592 0.004001879154  2.042914323 
 1159999.998  52.61732423  46.93577027   48.5228178   99.5530945 0.003239556608  1.418795388 
 1162499.998  61.23278261  38.32031229  48.58886036   99.5530949 0.003456721272  1.302327012 
 1164999.998  55.06955659  44.48353748   48.6279028  99.55309407 0.003432464051  1.240858777 
 1167499.998  52.61645719  46.93663753  48.81471883  99.55309472 0.004323938805  1.910633594 
 1169999.998  54.04718723   45.5059066  48.30921208  99.55309383 0.003023309615  1.167133783 
 1172499.998  46.95714694  52.59594775  48.69697921  99.55309469 0.003277404319  1.561655173 
 1174999.998  47.67213473  51.88095947  48.94614665   99.5530942 0.003962167317  1.893499652 
 1177499.998  51.44726231  48.10583162  48.48145542  99.55309393 0.003706642484  1.589108628 
 1179999.998  54.75373717   44.7993557  48.75530636  99.55309287 0.004001298381  2.525596774 
 1182499.998  50.07242363  49.48066865  48.77427125  99.55309228 0.003647109005  2.091386218 
 1184999.998  53.52359628  46.02949569  48.71517441  99.55309198 0.003114675955  1.536178338 
 1187499.998  47.67073788  51.88235424  48.72201101  99.55309212 0.003724740255  1.795253933 
 1189999.998  46.94780928  52.60528183  48.64135479  99.55309111 0.004258312151  3.277519845 
 1192499.998  52.85790789  46.69518326  48.81222431  99.55309115 0.003288410783   1.36915528 
 1194999.998  51.81152463  47.74156673  48.77202157  99.55309136 0.003485369172  1.744405085 
 1197499.998    49.957845  49.59524535  48.91820602  99.55309035 0.003790888868  2.158713079 
 1199999.998  62.71472625  36.83836375  48.91198441     99.55309 0.003554042148  1.871666499 
 1202499.997  51.96724422  47.58584582   48.6668269  99.55309004 0.003315692202  1.815335912 
 1204999.997  44.93484621  54.61824359  48.61955353  99.55308981 0.003896864323  2.124499308 
 1207499.997  45.22213136  54.33095787  48.92663772  99.55308923 0.003619807071  1.969515143 
 1209999.997  44.42796782   55.1251214  48.90905072  99.55308922 0.003195444057  1.620765459 
 1212499.997   54.0346842  45.51840492  48.83395317  99.55308912 0.002831591632  1.066903911 
 1214999.997  50.18903273  49.36405583   48.8211716  99.55308856 0.00303562798  1.299932881 
 1217499.997  46.73664458  52.81644422  48.97623986   99.5530888 0.003030650632  1.628875588 
 1219999.997  57.09249497  42.46059292  49.05015188  99.55308789 0.002877971924  1.257811727 
 1222499.997  35.54136597  64.01172066  48.87759071  99.55308663 0.003180139758  1.759761011 
 1224999.997  52.24265004  47.31043725  48.83791108  99.55308728 0.003307014167  1.322380418 
 1227499.997  55.28541585  44.26767058  48.51687053  99.55308643 0.002699505133  1.080806149 
 1229999.997  52.79897527  46.75411037  48.81225035  99.55308564 0.003140466645  1.337651726 
 1232499.997  51.51956762  48.03351874  48.85534978  99.55308636 0.003618568847  1.703623548 
 1234999.997  44.83095838  54.72212724  48.52692641  99.55308562 0.003380204285  1.432259618 
 1237499.997  44.27329461  55.27979097  48.90957053  99.55308557 0.003211815853  1.866798999 
 1239999.997  58.72007635  40.83300824  49.07382283   99.5530846 0.003570486654  1.240144173 
 1242499.997  58.20063136  41.35245368   48.7117195  99.55308504 0.003271933963 0.9561782065 
 1244999.997   53.0998782  46.45320687  48.72347285  99.55308506 0.003215903459  1.785417788 
 1247499.996  53.35608515  46.19699892  48.73178391  99.55308407 0.0030537219  1.454364821 
 1249999.996  44.98034951   54.5727339  48.85372023  99.55308341 0.003147295363  1.163938477 
 1252499.996  46.74982439  52.80325917  49.07176208  99.55308356 0.003454295496  1.745190359 
 1254999.996  48.15665742  51.39642515  48.78071818  99.55308257 0.003515007645  1.702290853 
 1257499.996  50.66450262  48.88857975  48.78617787  99.55308238 0.003278383044  1.329701718 
 1259999.996  57.40600016  42.14708261  48.83179132  99.55308277 0.002839821851 0.9772804327 
 1262499.996  48.97943844  50.57364384  48.31760578  99.55308228 0.003135515731  1.613956484 
 1264999.996  45.10517702  54.44790512  48.76862469  99.55308214 0.0031797648  1.361941612 
 1267499.996  49.52389748  50.02918314  48.90532074  99.55308062 0.002892902373 0.9674390313 
 1269999.996  57.44904241  42.10403775  48.78823353  99.55308016 0.003060856185  1.012883211 
 1272499.996  54.84420741   44.7088735  48.59752462  99.55308091 0.003297407486  1.548407467 
 1274999.996  49.18457475   50.3685049  48.88379771  99.55307965 0.003324692669  1.354104639 
 1277499.996  49.20335372  50.34972656  48.83888972  99.55308029 0.003369410198  1.289434425 
 1279999.996  56.71752473  42.83555457   48.6666984   99.5530793 0.003387906677  1.186873399 
 1282499.996  55.84547718  43.70760137  48.85070137  99.55307855 0.002652331094  1.301603317 
 1284999.996  46.41550962   53.1375692  48.63130517  99.55307882 0.003058905823  1.302558819 
 1287499.996  57.01534636  42.53773167  49.14243833  99.55307803 0.003101022793  1.101428873 
 1289999.996  46.48747788  53.06560013  48.67835015  99.55307801 0.003248984796  1.065368272 
 1292499.995   53.4673502  46.08572728  48.90636243  99.55307748 0.003304287254  1.317471664 
 1294999.995  53.81762314  45.73545408  48.92994018  99.55307722 0.003025334289  1.012949046 
 1297499.995  48.36271919  51.19035658  48.87807162  99.55307578 0.003561653454  1.541227009 
 1299999.995  51.78175248  47.77132415  49.20842327  99.55307663 0.003292954449  1.330703599 
 1302499.995   49.0562228  50.49685297  48.68720722  99.55307578 0.003001224871  1.175979245 
 1304999.995  45.67556452  53.87751109  48.93328056  99.55307561 0.003546061382  1.521615882 
 1307499.995  49.49561204   50.0574635  48.73174731  99.55307554 0.003167650797  1.204741049 
 1309999.995  57.92952364  41.62355166  48.97449369   99.5530753 0.003236335935  1.343883735 
 1312499.995  55.10633391  44.44674079  48.90653812   99.5530747 0.003199373364  1.142288107 
 1314999.995   55.3761996  44.17687469  48.74181139  99.55307429 0.003035046404  1.210893248 
 1317499.995  55.22399249  44.32908102  48.85818733  99.55307352 0.003923590011  2.367426761 
 1319999.995  48.92015042   50.6329231   48.7946623  99.55307353 0.003284917946  1.487895365 
 1322499.995  48.97034884  50.58272421  48.77445344  99.55307305 0.002993963921  1.327373946 
 1324999.995  43.34936437  56.20370879  48.91736486  99.55307316 0.004096388789  1.656117632 
 1327499.995  52.56878395  46.98428828  48.97401416  99.55307223 0.00302325672  1.419611435 
 1329999.995  57.42299749  42.13007406  48.73150977  99.55307155 0.003192695961  1.182300586 
 1332499.995  51.02885686  48.52421587  48.93928349  99.55307273 0.003227676713  1.341955372 
 1334999.994   44.4206457  55.13242575  49.05085115  99.55307145 0.003048142402  1.168064277 
 1337499.994  45.71569937  53.83737268  48.72888199  99.55307205 0.002935660737  1.253323869 
 1339999.994  51.91233864  47.64073142  48.70005891  99.55307005 0.003138364452  1.166664305 
 1342499.994   53.0434367  46.50963302  48.84024874  99.55306972 0.002889134398  1.075660748 
 1344999.994  58.56248548  40.99058452  48.82099589     99.55307 0.003187501434  1.776292534 
 1347499.994  48.31898124  51.23408827  48.76415428  99.55306951 0.003276001852  1.800518097 
 1349999.994  51.29370987  48.25935922  48.68976302  99.55306909 0.002927823279  1.073529467 
 1352499.994  53.55220003  46.00086888  48.90058502  99.55306891 0.003190572968  1.313158904 
 1354999.994  44.47992963  55.07313919   48.7930762  99.55306882 0.003025347986  1.008989086 
 1357499.994  46.31446753  53.23860113  48.64203379  99.55306866 0.003569503019  1.385235274 
 1359999.994  57.71137556  41.84169237  48.93048605  99.55306793 0.003365791557  1.383827944 
 1362499.994  47.22656841  52.32649953   48.7687642  99.55306795 0.003557004785  1.599226276 
 1364999.994  58.97468293  40.57838435  48.76832748  99.55306727 0.002991302841 0.9977298617 
 1367499.994  53.33507856  46.21798803  48.77805222  99.55306659 0.003131708229  1.290336321 
 1369999.994  51.27116602  48.28190149  48.50713006  99.55306751 0.00327355526  1.474645394 
 1372499.994  45.76166749    53.791399  48.93740585  99.55306649 0.003002022183  1.130828951 
 1374999.994  56.56300944  42.99005645  48.80224327  99.55306589 0.003156445101  1.068646744 
 1377499.994   46.2210644  53.33200187  48.65996499  99.55306627 0.003229828791  1.088362458 
 1379999.993  52.86704053  46.68602524  48.92992586  99.55306577 0.003278009912  1.293726352 
 1382499.993  46.24235273  53.31071197   48.8385413   99.5530647 0.003380610769  1.177846357 
 1384999.993  49.65305244  49.90001185  48.92867005  99.55306429 0.002836666514  1.028010933 
 1387499.993  52.51128214  47.04178248  48.68696122  99.55306462 0.003230222082  1.160950501 
 1389999.993  58.42559057   41.1274735  48.72424432  99.55306406 0.003702590005  1.355036178 
 1392499.993  54.47872197  45.07434123  48.87993353   99.5530632 0.003275970553  1.107969451 
 1394999.993  51.58495836  47.96810474   48.9629505   99.5530631 0.003248236006  1.180419467 
 1397499.993  57.07774791  42.47531491  48.61329533  99.55306282 0.002953443496  1.137945735 
 1399999.993  46.74645988   52.8066028  48.98531833  99.55306268 0.003739818988  1.683045677 
 1402499.993  58.23590913  41.31715404  48.59969553  99.55306317 0.003318261601  1.311093334 
 1404999.993  51.35158545  48.20147648  48.82478093  99.55306193 0.003401816998  1.277357028 
 1407499.993  52.35681026  47.19625111  48.80193273  99.55306136 0.002893021088 0.8814663523 
 1409999.993  53.02304568   46.5300157  48.88845037  99.55306138 0.003438728653  1.363924287 
 1412499.993  53.69080272  45.86225775  48.67204902  99.55306047 0.003181623852  1.131386819 
 1414999.993  45.91789211  53.63516835  48.91441927  99.55306047 0.003642772886  1.454794998 
 1417499.993  46.28672884  53.26633073  48.50141232  99.55305956 0.003597864403  1.838041033 
 1419999.993  52.90396765  46.64909281  48.91724112  99.55306045 0.003687805283  1.379918689 
 1422499.993   49.9221442  49.63091478  48.76196683  99.55305898 0.00356723336  1.276841695 
 1424999.992  46.12734932  53.42570964  48.60971869  99.55305896 0.003358559136  1.264804687 
 1427499.992  50.60486483  48.94819369    48.587401  99.55305852 0.003195336187  1.597660926 
 1429999.992  49.41707788  50.13598073  48.59413918  99.55305861 0.003313192192  1.191263887 
 1432499.992  51.98757353  47.56548424  48.82969366  99.55305777 0.003143945363  1.415686035 
 1434999.992  53.88488569  45.66817108  48.46013596  99.55305677 0.003736798501  1.390255357 
 1437499.992   46.2985451  53.25451284  48.91139455  99.55305794 0.00345399813   1.30616347 
 1439999.992  51.30813984  48.24491654  48.60697609  99.55305639 0.003956496723  1.599012003 
 1442499.992  43.92847281  55.62458304  48.78865763  99.55305584 0.004451428277  2.018406262 
 1444999.992  49.85794517  49.69510992  48.46933968  99.55305509 0.002997126341  1.286344259 
 1447499.992  45.70018799  53.85286706  48.71632626  99.55305505 0.003216710401  1.442160589 
 1449999.992  46.68646289  52.86659155   48.6503632  99.55305444 0.00342168612  2.014497974 
 1452499.992  54.69323626   44.8598187   48.8292247  99.55305496 0.003035538729  1.165893119 
 1454999.992  53.31194903  46.24110507   48.6341011  99.55305409 0.003994251356  2.564728879 
 1457499.992  47.97909041  51.57396374  48.64793945  99.55305415 0.003554850536  2.040209167 
 1459999.992  49.16196796  50.39108658  48.79598692  99.55305454 0.003354973244  1.366190684 
 1462499.992  52.13431341  47.41873976  48.76426689  99.55305317 0.003415204541  1.157493408 
 1464999.992  46.85279032  52.70026289  48.79916587  99.55305322 0.003525346859  1.282636606 
 1467499.992    50.105078  49.44797512  48.82164202  99.55305311 0.003329533202  1.526928257 
 1469999.991  46.26427944  53.28877282  48.98039949  99.55305226 0.003328590753  1.188321375 
 1472499.991  53.05140776  46.50164377  48.74266907  99.55305153 0.003651388589  1.362591056 
 1474999.991  52.23346817  47.31958271  48.60358632  99.55305088 0.003155025528  1.148121242 
 1477499.991  54.81850324  44.73454822  48.85849983  99.55305146 0.003343342286  1.278196909 
 1479999.991  52.44459098  47.10846033  48.81323235  99.55305131 0.003435848429  1.399097674 
 1482499.991  47.24270133  52.31034872  48.48060147  99.55305005 0.003750901751  1.456533821 
 1484999.991  44.47673421  55.07631576  48.58445465  99.55304998 0.003679328312  2.320157193 
 1487499.991  45.48804117  54.06500912  48.93810207   99.5530503 0.003607549871  1.701465847 
 1489999.991  48.06339006  51.48965962  48.79773524  99.55304968 0.003469846524    1.7297749 
 1492499.991  46.88499758  52.66805112  48.73310106   99.5530487 0.003221251568  1.251837432 
 1494999.991  54.06248884  45.49056012  48.69780442  99.55304896 0.003618159716  1.622205314 
 1497499.991  50.26160253  49.29144609  48.84955884  99.55304862 0.003427833081  1.743003635 
 1499999.991   58.4154899  41.13755734  48.68397854  99.55304724 0.003536154882  1.693081296 
 1502499.991  51.96640746  47.58664033  48.50703603   99.5530478 0.003516078163  1.294285234 
 1504999.991  49.09684447  50.45620292  48.98985221   99.5530474 0.004040571758  1.848906693 
 1507499.991   57.9136733  41.63937318  48.67114065  99.55304648 0.003204475683  1.235754008 
 1509999.991  48.86923288  50.68381378  48.74903254  99.55304666 0.003463545313  1.535951889 
 1512499.991  48.22504488  51.32800049  49.02475142  99.55304537 0.003149014047  1.247228669 
  1514999.99  53.97081608  45.58222971  48.49814174  99.55304579 0.004095815924  1.900923432 
  1517499.99  48.28824132   51.2648044  48.71217302  99.55304572 0.003657488291  1.627342821 
  1519999.99  53.73471443  45.81832941  48.74490715  99.55304384 0.004108912895  2.162148706 
  1522499.99  60.19868748  39.35435722  48.50297238  99.55304469 0.003734887588  2.576897504 
  1524999.99  40.29193953   59.2611043  48.70858206  99.55304383 0.003703621053  1.602391374 
  1527499.99  53.34179315  46.21125033  48.71645054  99.55304348 0.003194397189  1.191768091 
  1529999.99  57.22206595  42.33097743  48.55134188  99.55304337 0.003791449714  1.418705594 
  1532499.99  49.53377809  50.01926506   48.6080774  99.55304315 0.003455808826  1.444631638 
  1534999.99  52.56404667  46.98899593  48.83533682  99.55304259 0.003864005479  1.592938641 
  1537499.99  54.46011856  45.09292408  48.39803421  99.55304264 0.00325899921  1.292004219 
  1539999.99  55.79618895  43.75685209   48.6595014  99.55304104 0.003411307954  1.205738589 
  1542499.99  51.82455847  47.72848338  48.62762621  99.55304184 0.003505593545  1.491266442 
  1544999.99  48.07987534  51.47316584  48.79376831  99.55304118 0.003643220196   2.12087221 
  1547499.99  43.85926542  55.69377387  48.55590889  99.55303929 0.003736841148  1.923346559 
  1549999.99  56.56770397  42.98533605   48.5688567  99.55304002 0.002973958002  1.103464522 
  1552499.99  52.99491832  46.55812174  48.72478431  99.55304006 0.003727814676   1.75028807 
  1554999.99  48.79612215  50.75691702  49.04130972  99.55303918 0.003525915207  1.331632846 
  1557499.99  47.50217984  52.05086055  48.73710706  99.55304039 0.003330512487  1.422002356 
 1559999.989  49.33264744  50.22039122  48.91973984  99.55303865 0.003643927132  1.696347793 
 1562499.989  41.34888658  58.20415143  48.85778551  99.55303801 0.003398586944  1.458503817 
 1564999.989  60.65513358  38.89790402   48.6414981   99.5530376 0.003405252262   1.14583718 
 1567499.989  44.49329541   55.0597421  48.85219668  99.55303751 0.003608031361   1.50439591 
 1569999.989  55.18339493  44.36964209  48.68129205  99.55303703 0.003508559768  1.218896398 
 1572499.989  51.36661019  48.18642705  48.63076862  99.55303724 0.003783195017  1.682936149 
 1574999.989  38.51354359   61.0394932  48.59155809  99.55303679 0.003667168534  1.690122699 
 1577499.989   50.7966162  48.75641952  48.59966563  99.55303572 0.00357743514  1.423698208 
 1579999.989  49.00806332   50.5449717  48.58281393  99.55303502 0.003381556292  1.370419214 
 1582499.989  58.88504419  40.66799065  49.02738887  99.55303483 0.003592318987   1.39031826 
 1584999.989  61.15047665  38.40255848  49.01902884  99.55303513 0.003807887994  1.574980919 
 1587499.989  52.58912664  46.96390722  48.58251997  99.55303387 0.00328705706   1.47911171 
 1589999.989  37.91215763  61.64087613  48.54142168  99.55303376 0.003314197006  1.349211518 
 1592499.989   52.3751138  47.17791921  48.47554218  99.55303301 0.003235432223  1.572060867 
 1594999.989  45.99935369  53.55367919  48.53048465  99.55303288 0.003670017832  1.863495562 
 1597499.989    55.272908  44.28012446    48.905855  99.55303246 0.003591398929  1.605672278 
 1599999.989  56.95930175  42.59373101  48.65559123  99.55303276 0.003286732822  1.493339152 
 1602499.989  49.67277314  49.88025866  48.66287783   99.5530318 0.003271465312  1.546739256 
 1604999.988  55.39936034  44.15367154  48.74528179  99.55303188 0.003449095733  1.762203969 
 1607499.988  59.35856774   40.1944638  48.62272794  99.55303153 0.003367284845  1.233613942 
 1609999.988   46.4389416  53.11408967  48.92282619  99.55303127 0.003370223677  1.423780267 
 1612499.988  52.50920879  47.04382165   48.6081294  99.55303043 0.003309824227  1.498835532 
 1614999.988  51.67732541  47.87570544  48.44593057  99.55303085 0.004521907708   2.31076073 
 1617499.988  60.99101887  38.56201121  48.98206665  99.55303007 0.003334914887  1.616286996 
 1619999.988  45.03674863  54.51628046  48.43779199  99.55302908 0.003464159641  1.459139858 
 1622499.988  56.85781024  42.69521886  48.65502899   99.5530291 0.003482559309  1.495933494 
 1624999.988  54.42540485  45.12762425  48.88867812   99.5530291 0.003544840467  1.554115851 
 1627499.988  46.00492782   53.5481001  48.82850765  99.55302792 0.003591828286  1.889197095 
 1629999.988  55.84138566  43.71164266  48.58997991  99.55302832 0.003508371864   1.59510913 
 1632499.988  54.81969876  44.73332826  48.87191663  99.55302702 0.003321383646   1.43738677 
 1634999.988  55.56934042  43.98368597  48.81978008  99.55302639 0.00348442547  1.688449549 
 1637499.988   48.7726564  50.78037113  48.58972547  99.55302753 0.003487356663  1.838465847 
 1639999.988  43.29579548   56.2572307  48.62767494  99.55302618 0.003238345943  1.637528714 
 1642499.988  61.38679154  38.16623427  48.82162602   99.5530258 0.003463412734  1.589377218 
 1644999.988   60.8198561  38.73316894  48.77312037  99.55302503 0.003296546986  1.457571227 
 1647499.988  54.06095725   45.4920673  48.77334296  99.55302455 0.002995040123  1.435840906 
 1649999.987  44.21570518  55.33731946  48.66896807  99.55302464 0.004283109981   2.58591192 
 1652499.987  42.54725177   57.0057719   48.6084954  99.55302367 0.004477159639  3.126180734 
 1654999.987    52.489334  47.06369044  48.70168975  99.55302444 0.004607479025  2.647496772 
 1657499.987  57.22524458  42.32777886  48.64489648  99.55302344 0.003974717752  1.649644745 
 1659999.987  47.04596144  52.50706161  48.44562699  99.55302306 0.003206942058  1.414491461 
 1662499.987    55.605158  43.94786416  48.34243269  99.55302216 0.003305243681  1.451751028 
 1664999.987   44.9020991  54.65092231  48.67070994  99.55302142 0.003499971978   1.48093483 
 1667499.987  49.22217613  50.33084454  48.97191482  99.55302068 0.003684214246   1.69590908 
 1669999.987  53.07479761  46.47822311  48.93384753  99.55302072 0.003590786597  2.004227114 
 1672499.987  51.10336784  48.44965223  49.00400668  99.55302006  0.003287713  1.328275341 
 1674999.987  54.53466472  45.01835501  48.58328306  99.55301972 0.003156746449  1.145991869 
 1677499.987  45.27090866  54.28211089  48.88349593  99.55301955 0.003422057408  1.521359348 
 1679999.987  52.21956036  47.33345923  48.77285129  99.55301959 0.003566361235   1.34709278 
 1682499.987  58.76421175  40.78880673  48.64432921  99.55301848 0.003498402389  1.845289432 
 1684999.987  49.33588067  50.21713817  48.54606817  99.55301883 0.003540209377   1.71465218 
 1687499.987  44.96964635  54.58337118  48.83336935  99.55301753 0.003398005482  1.871724167 
 1689999.987  47.75779221  51.79522516  48.80829553  99.55301737 0.003054101577  1.315548551 
 1692499.987  43.60954414    55.943474   48.7902381  99.55301814 0.003263664267  1.540976252 
 1694999.986  52.84170956  46.71130759  48.61189317  99.55301715 0.003491748553  1.573628096 
 1697499.986  50.44371124  49.10930536  48.86018767   99.5530166 0.003386221861  1.495312824 
 1699999.986  54.62422285  44.92879255  48.39804242  99.55301539 0.003513281775  1.948150746 
 1702499.986  47.16620073  52.38681558  48.71611732  99.55301631 0.003909422746  1.969304946 
 1704999.986  48.97553979  50.57747543  48.62842299  99.55301522 0.003591214888  1.568521813 
 1707499.986  57.82612246  41.72689275  48.68452843  99.55301521 0.003104903771  1.175149556 
 1709999.986  60.78581277  38.76720182   48.8771189  99.55301459 0.003584277955  1.823354051 
 1712499.986  52.59226675   46.9607477  48.89994934  99.55301445 0.003375565369  1.559492719 
 1714999.986  65.70085329  33.85215992  48.54029653  99.55301321 0.003451401352  1.529084311 
 1717499.986  53.04993147  46.50308132  48.78099109   99.5530128 0.003338067889  1.256347355 
 1719999.986  52.53991601  47.01309619  48.37738258   99.5530122 0.003985853485  2.268618207 
 1722499.986  41.57233678  57.98067418  48.46035022  99.55301096 0.003739118496   1.76402632 
 1724999.986  51.84918442  47.70382709  48.45177075  99.55301152 0.003172266372  1.242463412 
 1727499.986   46.0891077  53.46390301  48.77872555   99.5530107 0.00314394763  1.195902683 
 1729999.986  61.97576575  37.57724504  48.80304757  99.55301079 0.003336667553   1.86965663 
 1732499.986  57.00054557  42.55246368  48.96979833  99.55300924 0.003405006399  1.349976795 
 1734999.986  56.01770197   43.5353078  48.83621194  99.55300977 0.00329240768  1.304340307 
 1737499.986  59.80574092  39.74726829  48.59577455  99.55300921 0.003291365301  1.291235161 
 1739999.985  51.11275848  48.44024942  48.84872662   99.5530079 0.003734414047  1.775768132 
 1742499.985  59.59953709  39.95347143  48.64748667  99.55300852 0.003350381622  1.584030102 
 1744999.985  43.87753981  55.67546752  48.62378896  99.55300734 0.003077094654  1.136429193 
 1747499.985  44.10011053  55.45289648  48.86642966  99.55300701 0.003396251537  1.512987303 
 1749999.985  44.95134187  54.60166438  48.67399101  99.55300624 0.00367739443  1.569016949 
 1752499.985  51.80308881  47.74991804  48.78740844  99.55300685 0.003552490656  1.437553849 
 1754999.985  52.32180691  47.23119909  48.69720659    99.553006 0.00329116824  1.413004376 
 1757499.985  45.56585588  53.98714985  48.71711575  99.55300573 0.003880711951  1.975509343 
 1759999.985  53.75990319  45.79310143  48.56344911  99.55300462 0.003063082989  1.128717896 
 1762499.985   48.2276654  51.32533956   48.9844148  99.55300497 0.0036323618  1.788656174 
 1764999.985  46.25031998  53.30268294  48.47516079  99.55300292 0.003506704703  1.555016691 
 1767499.985  55.65954773  43.89345585  48.60267586  99.55300358 0.003652462654  1.826012516 
 1769999.985  47.57601133  51.97699122   48.5442368  99.55300255 0.003333816201  1.344753091 
 1772499.985  53.35574884  46.19725393  48.71625523  99.55300277 0.003136315064  1.548256299 
 1774999.985  53.72780529  45.82519741  48.68724823   99.5530027 0.003403320218  1.665485472 
 1777499.985  57.37363433  42.17936774  48.37600777  99.55300207 0.003495921314  1.537786559 
 1779999.985  41.98742607  57.56557536  48.95440559  99.55300143 0.003391791337  1.532461308 
 1782499.984  44.29110669  55.26189539  48.51869934  99.55300208 0.003594704283  1.719669277 
 1784999.984  54.66935643  44.88364402  48.45776769  99.55300045 0.003630962847   1.77159017 
 1787499.984   44.9918317  54.56116805  48.71690842  99.55299975 0.003759478262  1.906237372 
 1789999.984  62.32286633  37.23013241   48.5241595  99.55299874 0.003366849086  1.326484375 
 1792499.984  46.86903065  52.68396873  48.69230201  99.55299938 0.00361509763  1.678808097 
 1794999.984  52.62164213  46.93135573  48.31819543  99.55299786 0.003786858151   1.37078076 
 1797499.984  52.44273987  47.11025778   48.7466325  99.55299766 0.003320049706  1.676761996 
 1799999.984  46.24808234  53.30491451  48.22896746  99.55299686 0.003398366011  1.496324857 
 1802499.984  58.44787761  41.10511949  48.75813043   99.5529971 0.003588474228  1.479828961 
 1804999.984  51.06459821  48.48839811  48.73904369  99.55299633 0.003802129093  1.542929842 
 1807499.984  46.71548619  52.83751061  48.56651492   99.5529968 0.003447221968   1.52741752 
 1809999.984  50.47139769  49.08159796  48.74245708  99.55299564 0.003542559795  1.904461073 
 1812499.984  47.14310337  52.40989227  48.78880724  99.55299564 0.003304789976  1.313499437 
 1814999.984   53.7561782  45.79681599  48.74285682   99.5529942 0.003410354525  1.436820649 
 1817499.984   48.9375117   50.6154829  48.57023346  99.55299461 0.003570906051  1.714187613 
 1819999.984  57.05585914  42.49713494  48.77432393  99.55299409 0.00303935373  1.049892037 
 1822499.984  49.01534404  50.53764996  48.72738211  99.55299401 0.003681938675  1.809532949 
 1824999.984  51.23845432  48.31453916  48.53089213  99.55299348 0.003445308244  1.519169438 
 1827499.983  47.94633416  51.60665819  48.80391248  99.55299235 0.003455739379  1.474588529 
 1829999.983  48.90504382  50.64794788  48.92550561   99.5529917 0.003495408635   2.13390932 
 1832499.983  38.02688323  61.52610867  48.29362724   99.5529919 0.00476917809  2.599351904 
 1834999.983   53.8632602  45.68973143  48.67053633  99.55299163 0.003462293471   1.97480943 
 1837499.983  53.34788024  46.20511012  48.46890447  99.55299036 0.003165509708  1.312504037 
 1839999.983  47.58153195  51.97145739  48.90925813  99.55298934 0.003682351802  1.459561315 
 1842499.983  47.00046766   52.5525222  48.66831754  99.55298985 0.003885003182  1.866611015 
 1844999.983   51.1339223  48.41906669  48.78533932  99.55298898 0.003696592983  2.671654938 
 1847499.983  48.67553805   50.8774497  48.48265673  99.55298775 0.003401241991  1.381346571 
 1849999.983  46.90699043  52.64599674  48.91412187  99.55298716 0.00332328192  1.529664481 
 1852499.983  57.18475624  42.36823114  48.69446188  99.55298738 0.003669818408  1.838661413 
 1854999.983  54.29078672  45.26220001  48.68063864  99.55298672 0.003411274353    1.3270436 
 1857499.983  53.07297576  46.48001146  48.59953359  99.55298722 0.002927734559  1.024161286 
 1859999.983  50.89736311  48.65562375  48.60358653  99.55298686 0.004084312753  2.161173982 
 1862499.983  57.31831062  42.23467388  48.70851677   99.5529845 0.003067520924  1.278352303 
 1864999.983   51.6524972  47.90048806  48.57795126  99.55298527 0.003517321479  1.425765145 
 1867499.983   58.0316667  41.52131809  48.62890369  99.55298479 0.004055142266  2.361467401 
 1869999.983  49.95964732  49.59333742  48.74975809  99.55298473 0.003412597562  1.605255426 
 1872499.982  50.61373172  48.93925107  48.52357188  99.55298279 0.003512510772  1.633927072 
 1874999.982  53.26558272  46.28740032  48.85028453  99.55298305 0.003441274231  1.311136724 
 1877499.982  56.23166126  43.32132192  48.51005129  99.55298318 0.004138463786  2.161716962 
 1879999.982  51.70724651  47.84573593  48.46681088  99.55298244 0.00393732685  1.795637542 
 1882499.982  59.77700373  39.77597723  48.68711812  99.55298096 0.003876267265  1.739832295 
 1884999.982  54.98085203  44.57212883  48.73796119  99.55298086 0.003809363854  1.770490101 
 1887499.982  55.10666164  44.44631891  48.61523788  99.55298055 0.003297760724  1.602792392 
 1889999.982  42.29438033  57.25859986  49.00710924   99.5529802 0.004194250269  2.355972022 
 1892499.982   62.5339001  37.01907942  48.46415192  99.55297952 0.003122830304  1.764030958 
 1894999.982  50.86373741  48.68924229  48.29784244   99.5529797 0.003405938335  2.392203631 
 1897499.982  51.27015002  48.28282834  48.88806288  99.55297836 0.003517120897   1.85534977 
 1899999.982  44.86430499  54.68867325  48.68191203  99.55297824 0.003982630768  2.089763495 
 1902499.982  44.27833025  55.27464638  48.77128764  99.55297663 0.003093696984  1.943815603 
 1904999.982  59.81840293  39.73457461  48.72394882  99.55297755 0.003306508545  1.656180105 
 1907499.982  57.48670352  42.06627348  48.96498767  99.55297699 0.003068402046  1.559560824 
 1909999.982  60.33315723  39.21981892  49.05185119  99.55297615 0.003099033821  1.535381245 
 1912499.982  46.78288345   52.7700926  48.97046414  99.55297605 0.003562504939  1.504424982 
 1914999.982  51.31224783  48.24072687  49.05308887   99.5529747 0.003305418508  1.380834456 
 1917499.981  55.76926229  43.78371233  48.89863738  99.55297462 0.003050861362  1.288508758 
 1919999.981  45.64701518  53.90595913  48.59342093  99.55297431 0.003587325566  2.060338126 
 1922499.981  43.93822625  55.61474686  48.77680983  99.55297311 0.003037721935  1.567386977 
 1924999.981  57.35549329  42.19747977  48.85368721  99.55297306 0.003845506966  1.719708965 
 1927499.981  54.79767145  44.75530065  48.99684424   99.5529721 0.003258443125  1.281464001 
 1929999.981  46.93603774  52.61693433  48.87842068  99.55297206 0.003103467762  1.683132333 
 1932499.981  51.75906368  47.79390827  49.04086073  99.55297195 0.003841862604  2.386063158 
 1934999.981   51.9893453  47.56362596  48.55857255  99.55297127 0.003027390879  1.344317019 
 1937499.981  48.62296449  50.93000608  48.57150807  99.55297057 0.003229381817  1.477552344 
 1939999.981  50.79811624  48.75485291  48.80767789  99.55296915 0.004111830163  2.258495046 
 1942499.981  49.09109369  50.46187544  48.83131547  99.55296912 0.003001846675  1.677923502 
 1944999.981  43.24980687  56.30316095  48.65572239  99.55296782 0.003447917108  1.614700518 
 1947499.981  48.56862827  50.98433934   48.8106006  99.55296761 0.003528052232  1.675940107 
 1949999.981  44.18495086   55.3680153  48.52712074  99.55296616 0.00343125008  2.045739704 
 1952499.981  52.91541182  46.63755519  48.75800669  99.55296701 0.003346025221  1.133429436 
 1954999.981  46.12215178  53.43081528  48.74429725  99.55296706 0.003514607563  1.738492316 
 1957499.981  55.57908354  43.97388188  48.76327503  99.55296542 0.00307440753  1.241020599 
 1959999.981  47.59398866  51.95897633  48.35627849  99.55296499 0.003437806859     1.808977 
  1962499.98  52.56056123  46.99240394  48.74548926  99.55296517 0.002992042056  1.558694683 
  1964999.98    51.103116  48.44984852  49.09353831  99.55296452 0.003310700839  1.607832585 
  1967499.98  48.71872956  50.83423404  48.96338795  99.55296359 0.003233759452  1.729055845 
  1969999.98  57.23165129  42.32131183  48.74292175  99.55296311 0.003204571994  1.403890619 
  1972499.98  50.10291984  49.45004236  48.60225958   99.5529622 0.003395047991  1.584876539 
  1974999.98  46.73046254  52.82249871  49.08769738  99.55296125 0.003564295688  1.999985479 
  1977499.98  46.72918569  52.82377533  48.82578432  99.55296102 0.003168860479  1.420076537 
  1979999.98  46.76466852  52.78829225  48.63564317  99.55296078 0.002925313491  1.237369243 
  1982499.98  57.31586054  42.23709938  48.83959273  99.55295993 0.003671924785  1.846091653 
  1984999.98  51.82158275  47.73137713  48.60524028  99.55295988 0.003539348024  1.618615282 
  1987499.98   50.7638384  48.78912032  48.86457324  99.55295872 0.003118024553  1.553321587 
  1989999.98  51.91752255    47.635436  48.78179145  99.55295854 0.003172383944  1.565337886 
  1992499.98  51.55154067  48.00141761  48.58889611  99.55295828 0.002913025687  1.255850034 
  1994999.98  52.62215057  46.93080667  48.66515203  99.55295724 0.003246239034  1.490097387 
  1997499.98  61.69377515  37.85918221  48.60978041  99.55295736 0.003338899147  1.981698713 
  1999999.98  51.16473123  48.38822503  48.89188967  99.55295626 0.003394690576   1.75449689 
  2002499.98  51.60380969  47.94914656  48.74378487  99.55295625 0.003457588402  1.731071861 
  2004999.98  51.36692016  48.18603459  48.81237584  99.55295475 0.00358154285  2.392631251 
 2007499.979  45.24013421  54.31282016  48.70496631  99.55295437 0.003250830356  1.692767124 
 2009999.979  52.18045089  47.37250396  48.89389169  99.55295485 0.003773334895  2.189489074 
 2012499.979   55.6918971  43.86105659  48.63521823  99.55295369 0.00297058769  1.353832058 
 2014999.979  51.95448295  47.59846977  48.80286987  99.55295272 0.00322611664  1.633225705 
 2017499.979  55.06311834  44.48983404   48.6733288  99.55295238 0.003660083167  1.725121716 
 2019999.979  49.07129008  50.48166174  49.17308353  99.55295182 0.003195087136   1.30552697 
 2022499.979  51.65373269  47.89921817   48.8194507  99.55295086 0.003300402933  1.414379723 
 2024999.979  55.27770978  44.27524038  48.78877697  99.55295016 0.003378128796  1.905248424 
 2027499.979  48.44080104  51.11214861  48.78625243  99.55294965 0.003069823501  1.586981636 
 2029999.979  47.55713247  51.99581791  48.74888116  99.55295037 0.003041740481  1.432423862 
 2032499.979  57.51668982   42.0362591  48.93744085  99.55294892 0.003572518954   1.74281103 
 2034999.979  50.24022019  49.31272805  48.76178019  99.55294824 0.003390118018  1.611035136 
 2037499.979   43.4683418  56.08460585  48.93906844  99.55294765 0.003621559753  1.850931626 
 2039999.979  48.29878377  51.25416415  48.76202954  99.55294791 0.003336553839  1.478633056 
 2042499.979  46.34878944  53.20415696  48.86215785  99.55294639 0.003336144627  1.661802229 
 2044999.979  45.68794553  53.86500158  48.51919463  99.55294711 0.003697152585  1.609651749 
 2047499.979  46.76697179  52.78597372  48.84619234   99.5529455 0.003431983977  1.613101594 
 2049999.979   46.2657917   53.2871528  48.77352253   99.5529445 0.003185343487  1.681487315 
 2052499.978    49.197405  50.35553987  48.69079233  99.55294486 0.002954587699  1.246415772 
 2054999.978  50.11161765  49.44132542  48.80135092  99.55294307 0.003504288379  1.584579352 
 2057499.978  50.55651555   48.9964277  49.09970456  99.55294325 0.003250952431  1.249476103 
 2059999.978  49.33159391  50.22134913  48.79183257  99.55294304 0.003313424838  1.315276494 
 2062499.978  42.56557823  56.98736424  48.76955049  99.55294248 0.003439682993  2.098728161 
 2064999.978  45.98845082    53.564491  49.01676007  99.55294182 0.003468064984  2.335041863 
 2067499.978  49.34900765  50.20393326  48.68907462   99.5529409 0.00364431201  1.700871772 
 2069999.978  54.70910454  44.84383587   48.8876408  99.55294041 0.003077255009  1.142125595 
 2072499.978  52.98624516  46.56669448  48.85860801  99.55293964 0.003074901561  1.362232231 
 2074999.978  57.46113901  42.09179931  48.63518213  99.55293833 0.003025773398  1.486143152 
 2077499.978   63.2193079  36.33363104  48.22429812  99.55293894 0.003346808355  1.978022461 
 2079999.978  51.81204294  47.74089416  48.39181814   99.5529371 0.003258156574   1.88531528 
 2082499.978  55.48748169  44.06545491  48.57003047   99.5529366 0.003858645571  1.810356569 
 2084999.978  62.41916957  37.13376681   48.8518899  99.55293638 0.003303450452   1.23130568 
 2087499.978  52.72354886  46.82938714  48.72284762    99.552936 0.00376159939  2.044043866 
 2089999.978  52.82577398  46.72716186  48.36793889  99.55293584 0.003166424849  1.745314125 
 2092499.978  57.04946893  42.50346647  48.70926037   99.5529354 0.002966463496  1.115585274 
 2094999.978  52.16351367  47.38942027  48.53026454  99.55293394 0.003288426722  1.344097114 
 2097499.977  55.49607367  44.05686005  48.60234114  99.55293372 0.003562882129  2.029445823 
 2099999.977  43.58572944  55.96720372  48.40464836  99.55293316 0.003914834417  2.071853203 
 2102499.977  46.82891708  52.72401477  48.34719779  99.55293185 0.003817353345   2.21941673 
 2104999.977  52.81726915  46.73566226  48.69709134  99.55293141 0.004120859953   1.56586131 
 2107499.977  59.90702076  39.64591034  48.49767419   99.5529311 0.003349567732  1.751607536 
 2109999.977  43.71555326  55.83737747  48.67323579  99.55293073 0.003671668968  1.981934895 
 2112499.977   54.7861196  44.76680967  48.48397983  99.55292927 0.003364137722  1.921326469 
 2114999.977  50.80026874  48.75266089  48.86064462  99.55292963 0.003716342179  1.604962966 
 2117499.977  51.70732574  47.84560238  48.97574888  99.55292812 0.003641981554  2.217403482 
 2119999.977  48.54999068  51.00293731  48.87099538  99.55292799 0.003250623815  1.577420529 
 2122499.977  59.66655309  39.88637441  49.07879633  99.55292749 0.00307661411  1.209114174 
 2124999.977  49.18707828  50.36584803  48.50522296  99.55292632 0.00320359515  1.535316391 
 2127499.977  51.88360598    47.669321   48.5609044  99.55292698 0.003484136866  1.652237696 
 2129999.977  47.80545375  51.74747208  48.55286047  99.55292584 0.003521247313  1.791615622 
 2132499.977  52.14058013  47.41234428  48.84474647  99.55292441 0.004107448196  1.840064996 
 2134999.977  46.32926627  53.22365762  48.74689722  99.55292389 0.003367783267  1.599920818 
 2137499.977  50.09647665  49.45644714  48.85917159  99.55292379 0.003521261144  1.575684457 
 2139999.977   56.1621802  43.39074283  48.74433819  99.55292303 0.003374471801  1.425357963 
 2142499.976  51.16680004  48.38612295  48.84827421  99.55292299 0.004923472613   2.40517916 
 2144999.976  48.90660473  50.64631692  48.95553628  99.55292166 0.003626107983  2.107468214 
 2147499.976  51.88412049  47.66880107  48.56054407  99.55292157 0.00337705486  1.384990284 
 2149999.976  48.59283332  50.96008629  48.43710955  99.55291962 0.00381277416   1.83205558 
 2152499.976  46.80799249  52.74492714  48.73470137  99.55291963 0.003216640814  1.406029766 
 2154999.976  48.62844416  50.92447531  48.69115895  99.55291947 0.004019068748   1.77860903 
 2157499.976   46.2263836   53.3265353  48.91190099   99.5529189 0.003693665865  1.909800467 
 2159999.976  54.75305758  44.79986054  48.50238045  99.55291812 0.00356336961  1.613849306 
 2162499.976   51.2630004  48.28991736  48.83221449  99.55291776 0.003323521512  1.861902308 
 2164999.976  51.94228985   47.6106274  49.03896326  99.55291725 0.003296253296   1.46772323 
 2167499.976  59.84763839  39.70527731  48.78539673   99.5529157 0.003239859867  1.666818145 
 2169999.976  60.02137182  39.53154345  48.89020374  99.55291526 0.003190034742  1.388276915 
 2172499.976  53.86725727  45.68565745  48.60875544  99.55291472 0.00289374286  1.111050578 
 2174999.976  47.73441113  51.81850248  48.72959066  99.55291361 0.003830174263  2.282296611 
 2177499.976  54.42641442  45.12649871  48.95218693  99.55291313 0.003203493935  1.422609386 
 2179999.976  44.99647464  54.55643816  48.74830574   99.5529128 0.003214142722  1.666659729 
 2182499.976  56.13498404  43.41792781  48.64329666  99.55291186 0.003277028749  1.288423312 
 2184999.975  54.46301739  45.08989468  48.42442163  99.55291207 0.003710342105  1.890688898 
 2187499.975  62.22069015  37.33222087   48.9371192  99.55291102 0.00374508968  1.509031932 
 2189999.975  50.33286612  49.22004343  48.79032086  99.55290955 0.00341641147  1.516644227 
 2192499.975  56.12952365  43.42338526    48.847797  99.55290891 0.003183770234  1.409967274 
 2194999.975  52.09124303  47.46166563  48.75290459  99.55290866 0.003454796222  1.414856064 
 2197499.975  54.90205554  44.65085256  48.52007416  99.55290811 0.003810406945  2.705095354 
 2199999.975  42.84141728  56.71149076    48.563053  99.55290803 0.003303779368  2.249579883 
