 0 0.02928077112
 1 0.1049492744
 2 0.1373840207
 3 0.004705708544
 4 0.009177887018
 5 0.01419789212
 6 0.02603112379
 7 0.1029605657
 8 0.02787988909
 9 0.09469408883
 10 0.06849946289
 11 0.04107195825
 12 0.04722064617
 13 0.3091372146
 14 0.094490455
 15 0.1753773585
 16 0.2765301779
 17 0.2708954182
 18 0.2210759659
 19 0.286901876
 20 0.2388002975
 21 0.1889702599
 22 0.09314384737
 23 0.07833380651
 24 0.02835053684
 25 0.01392294357
 26 0.05580214323
 27 0.03733963092
 28 0.08566564385
 29 0.05519778989
 30 0.07630534043
 31 0.09228394214
 32 0.04427714518
 33 0.01803849971
 34 0.05474501141
 35 0.1484036988
 36 0.1394121248
 37 0.1432184159
 38 0.01331995379
 39 0.05565546757
 40 0.02125288993
 41 0.01353124767
 42 0.01844848847
 43 0.01237004759
 44 0.08817780169
 45 0.08523511091
 46 0.01694662145
 47 0.08723465998
 48 0.06921499045
 49 0.03605189661
 50 0.02400024196
 51 0.0662761132
 52 0.02877487181
 53 0.02210993981
 54 0.135684177
 55 0.243164741
 56 0.06246093082
 57 0.01543338922
 58 0.1644316127
 59 0.2370590421
 60 0.4217758081
 61 0.5358530472
 62 0.4888457608
 63 0.7874910222
 64 0.7421456501
 65 0.4594482902
 66 0.4451842872
 67 0.4562253607
 68 0.190228247
 69 0.1630604389
 70 0.3037403255
 71 0.06148076913
 72 0.0254993407
 73 0.08060103327
 74 0.06480504436
 75 0.1116802247
 76 0.01832450778
 77 0.04167863098
 78 0.010456129
 79 0.0165702834
 80 0.04804063742
 81 0.09392356602
 82 0.02563319523
 83 0.08216863075
 84 0.05990753851
 85 0.02019458245
 86 0.04963992556
 87 0.03045319899
 88 0.06660306774
 89 0.0247159717
 90 0.02281183213
 91 0.02824011545
 92 0.02645303154
 93 0.05275655828
 94 0.04673509666
 95 0.06710225359
 96 0.1184156402
 97 0.04403044083
 98 0.08015264224
 99 0.03688266976
 100 0.05605037638
 101 0.03526301282
 102 0.02144428903
 103 0.05031691311
 104 0.1514828803
 105 0.08750860622
 106 0.03352401371
 107 0.04068427603
 108 0.02495183728
 109 0.06461386855
 110 0.0347097867
 111 0.03663111415
 112 0.06348767178
 113 0.1378574846
 114 0.0775880195
 115 0.03155560208
 116 0.02664812953
 117 0.03741615465
 118 0.03399904005
 119 0.055539516
 120 0.09674808955
 121 0.09065201364
 122 0.007754715195
 123 0.05080988666
 124 0.01312103111
 125 0.01425850382
 126 0.0187341516
 127 0.02832552055
 128 0.03925431537
 129 0.03204581839
 130 0.06289559959
 131 0.0280144033
 132 0.06893341982
 133 0.09575081315
 134 0.009718080102
 135 0.1639429403
 136 0.01902990974
 137 0.01670431363
 138 0.1008157853
 139 0.04321231619
 140 0.06012132477
 141 0.1409754249
 142 0.08492690304
 143 0.1538774922
 144 0.1106649708
 145 0.1242064239
 146 0.1277329735
 147 0.02466956697
 148 0.09503527016
 149 0.1123194275
 150 0.1114040344
 151 0.2686148367
 152 0.06285591307
 153 0.02387942211
 154 0.04792384204
 155 0.03728387244
 156 0.01908077643
 157 0.01415608932
 158 0.01629589314
 159 0.06450889851
 160 0.009255366613
 161 0.01793633635
 162 0.05142841531
 163 0.08782582272
 164 0.062975801
 165 0.0114395696
 166 0.0134750349
 167 0.04708715233
 168 0.1142763836
 169 0.02708595931
 170 0.01507377189
 171 0.04310769529
 172 0.09952825149
 173 0.07980807988
 174 0.131519602
 175 0.1125908718
 176 0.04251290737
 177 0.009080124268
 178 0.07607685911
 179 0.08240460038
 180 0.03209439547
 181 0.03050322918
 182 0.007655795588
 183 0.01292298616
 184 0.003491080096
 185 0.008882241858
 186 0.1098502079
 187 0.01488047273
 188 0.0764752218
 189 0.1807010674
 190 0.1207790853
 191 0.04418607563
 192 0.08070243443
 193 0.1322982651
 194 0.005911790619
 195 0.03418957278
 196 0.008715819914
 197 0.02693783374
 198 0.01306260358
 199 0.04418952784
 200 0.07242473083
 201 0.114528403
 202 0.2313018994
 203 0.1069116584
 204 0.1904342036
 205 0.1514202583
 206 0.003558179154
 207 0.01130189255
 208 0.006691314213
 209 0.1427528751
 210 0.01209978941
 211 0.02211160893
 212 0.0126316411
 213 0.0648160608
 214 0.06716750943
 215 0.1120497167
 216 0.01325322709
 217 0.03633296476
 218 0.03426525491
 219 0.02925110116
 220 0.07295296941
 221 0.06716743394
 222 0.01497410294
 223 0.01352853459
 224 0.1348154496
 225 0.07447949506
 226 0.03469523437
 227 0.0124260187
 228 0.06084654632
 229 0.04424067398
 230 0.03299118145
 231 0.1775513996
 232 0.1447072185
 233 0.09591624425
 234 0.0628428468
 235 0.1571106102
 236 0.1005270998
 237 0.1034724351
 238 0.0391645374
 239 0.1132522517
 240 0.2809494034
 241 0.1713491661
 242 0.2375854689
 243 0.3399522064
 244 0.1109994849
 245 0.1463967469
 246 0.0116192209
 247 0.03497815224
 248 0.001906581972
 249 0.01210906603
 250 0.004864015116
 251 0.05009534067
 252 0.1455552554
 253 0.02464104408
 254 0.01306740336
 255 0.02166297887
 256 0.09000706545
 257 0.05678085381
 258 0.08295262327
 259 0.05296572863
 260 0.07524181907
 261 0.03513040877
 262 0.0643419227
 263 0.1207615541
 264 0.01722584092
 265 0.01661962787
 266 0.04692399068
 267 0.02284233653
 268 0.198721916
 269 0.06729886131
 270 0.1265307843
 271 0.1187171585
 272 0.02835923794
 273 0.01434807864
 274 0.006184443236
 275 0.02452211609
 276 0.05571642883
 277 0.07893377944
 278 0.07002647686
 279 0.03756948485
 280 0.06167356971
 281 0.02930577565
 282 0.00897003566
 283 0.07769354108
 284 0.06125083912
 285 0.04007744582
 286 0.01544259228
 287 0.05574003544
 288 0.03979457699
 289 0.008964625001
 290 0.04927302069
 291 0.02715289316
 292 0.02372697917
 293 0.007896172493
 294 0.008594030866
 295 0.01149581397
 296 0.05374108296
 297 0.005620634773
 298 0.06600074895
 299 0.05838780834
 300 0.01079379699
 301 0.01595074534
 302 0.0165992851
 303 0.06157342489
 304 0.08556395021
 305 0.0577372982
 306 0.04426530577
 307 0.062800067
 308 0.08233143607
 309 0.06724609047
 310 0.1909258727
 311 0.05051604601
 312 0.1567428684
 313 0.08813992086
 314 0.1120485874
 315 0.08369342987
 316 0.04663587267
 317 0.06951282517
 318 0.0276966653
 319 0.05174518056
 320 0.0749169079
 321 0.06363317859
 322 0.04882510923
 323 0.07319884818
 324 0.04666876186
 325 0.08459930057
 326 0.02880795494
 327 0.03680050105
 328 0.1110605352
 329 0.1102605641
 330 0.26953067
 331 0.1700432119
 332 0.05660931615
 333 0.0706334308
 334 0.07104169214
 335 0.1560725375
 336 0.1277267732
 337 0.1672607799
 338 0.02734493301
 339 0.02759938948
 340 0.04139244575
 341 0.04276532682
 342 0.04053271759
 343 0.08841832018
 344 0.08888633033
 345 0.08560896808
 346 0.09848936293
 347 0.02241133597
 348 0.0221362331
 349 0.07660448513
 350 0.03641168171
 351 0.1198207464
 352 0.1308051475
 353 0.1270781428
 354 0.2066841024
 355 0.1054185557
 356 0.09979445072
 357 0.1085420138
 358 0.05407743392
 359 0.003696321308
 360 0.008946798386
 361 0.009891064589
 362 0.02268435207
 363 0.06851540792
 364 0.05780889169
 365 0.01724045996
 366 0.03651160936
 367 0.02183904099
 368 0.01014086712
 369 0.02695948583
 370 0.09460869351
 371 0.04748579452
 372 0.04151474835
 373 0.04808985468
 374 0.1568479719
 375 0.09122279442
 376 0.04087698805
 377 0.1752856694
 378 0.1789288845
 379 0.188920575
 380 0.1264847753
 381 0.3167331397
 382 0.1455396291
 383 0.1955614368
 384 0.2997701658
 385 0.2040531436
 386 0.1843258846
 387 0.05045296089
 388 0.1014080641
 389 0.1714782827
 390 0.2807397813
 391 0.2357455629
 392 0.1293517165
 393 0.1425762889
 394 0.07552339726
 395 0.0586017034
 396 0.04209450873
 397 0.02202049672
 398 0.1062508866
 399 0.1381253064
 400 0.0971003421
 401 0.06531596255
 402 0.06397825579
 403 0.04873167977
 404 0.007872913552
 405 0.007730491435
 406 0.03019067409
 407 0.0535257387
 408 0.01009408047
 409 0.02533655702
 410 0.02048009603
 411 0.03855092535
 412 0.035434932
 413 0.04795988038
 414 0.02569481583
 415 0.02630846198
 416 0.02398286853
 417 0.03390101973
 418 0.08183126625
 419 0.0546773583
 420 0.04264450291
 421 0.02574677073
 422 0.06364998127
 423 0.04621642538
 424 0.1006481669
 425 0.1663678621
 426 0.2918206471
 427 0.2200094
 428 0.1022823681
 429 0.09022528264
 430 0.1057344503
 431 0.1126363298
 432 0.2983444518
 433 0.6899334983
 434 1.823585171
 435 2.25644501
 436 1.418577909
 437 0.5067574227
 438 0.5202909279
 439 0.4020673862
 440 0.266491208
 441 0.1014811039
 442 0.1467213949
 443 0.01336847954
 444 0.004380436228
 445 0.01099772495
 446 0.03243256512
 447 0.07220720698
 448 0.05762557667
 449 0.02830752921
 450 0.07039995021
 451 0.09210011185
 452 0.03557232087
 453 0.08508527032
 454 0.04296443147
 455 0.02675524079
 456 0.02237595782
 457 0.02101154351
 458 0.07086986156
 459 0.1487284986
 460 0.1633189307
 461 0.03100448742
 462 0.2084619637
 463 0.07957060321
 464 0.05723805276
 465 0.06377820608
 466 0.02631529396
 467 0.03121591924
 468 0.04488913163
 469 0.04934657098
 470 0.1176027722
 471 0.2212261328
 472 0.1045843809
 473 0.2437597914
 474 0.2333670223
 475 0.1361799328
 476 0.03958016593
 477 0.04728231589
 478 0.007328015392
 479 0.03719686823
 480 0.03459698877
 481 0.1002984896
 482 0.1996439526
 483 0.4596974923
 484 0.4874180946
 485 0.3558846975
 486 0.2275279736
 487 0.1761490096
 488 0.110501072
 489 0.07105739468
 490 0.03822145222
 491 0.0132039789
 492 0.004470040335
 493 0.01140677281
 494 0.01315185859
 495 0.1165766636
 496 0.09964556726
 497 0.1277195577
 498 0.01703244
 499 0.06038702047
 500 0.02947084339
 501 0.0342120315
 502 0.01602151233
 503 0.08199011252
 504 0.1120667716
 505 0.1424491686
 506 0.04883946451
 507 0.05063011353
 508 0.01715954594
 509 0.01806173193
 510 0.03715152147
 511 0.08596203536
 512 0.1086251024
 513 0.07922909284
 514 0.1172532651
 515 0.03752137034
 516 0.09144846468
 517 0.06314322838
 518 0.4499193747
 519 0.4654744975
 520 0.398994152
 521 0.04927726114
 522 0.06048490795
 523 0.02646133568
 524 0.0260480589
 525 0.01085571692
 526 0.001727706649
 527 0.01979009162
 528 0.02091156193
 529 0.0837897135
 530 0.1401092272
 531 0.1013766827
 532 0.1387061468
 533 0.04200116423
 534 0.03092319151
 535 0.04332486427
 536 0.02534125847
 537 0.02664432904
 538 0.07091183516
 539 0.03481099634
 540 0.07791541432
 541 0.07712858302
 542 0.04485491402
 543 0.04453015883
 544 0.03599858285
 545 0.03938526185
 546 0.01870070595
 547 0.04134241477
 548 0.08139293096
 549 0.09096901462
 550 0.07813607482
 551 0.1261647743
 552 0.1384826381
 553 0.1626018112
 554 0.09214361376
 555 0.1024658848
 556 0.04379553967
 557 0.09888220994
 558 0.06142562531
 559 0.04098099305
 560 0.03370099803
 561 0.01068788508
 562 0.03052408795
 563 0.01392038355
 564 0.007497244118
 565 0.03923953687
 566 0.06283911186
 567 0.2051578627
 568 0.05884094411
 569 0.144840503
 570 0.02461902757
 571 0.1177695036
 572 0.1222586206
 573 0.157862623
 574 0.1077742614
 575 0.1211801254
 576 0.03172813264
 577 0.1468462194
 578 0.07899036303
 579 0.05912202705
 580 0.0474543163
 581 0.05112412164
 582 0.1272607303
 583 0.1427755897
 584 0.1005600417
 585 0.04500157301
 586 0.02420397422
 587 0.02058232131
 588 0.005941418224
 589 0.009950833248
 590 0.02282634254
 591 0.008847877439
 592 0.05234820505
 593 0.08084334277
 594 0.03763234986
 595 0.00968750409
 596 0.006160070826
 597 0.00476069019
 598 0.04422816844
 599 0.1058620439
 600 0.1439389456
 601 0.01175312847
 602 0.05633857896
 603 0.0492207396
 604 0.03436529848
 605 0.02177967228
 606 0.03723616414
 607 0.06720363747
 608 0.04305409519
 609 0.03701772152
 610 0.03413618013
 611 0.152978243
 612 0.1210773472
 613 0.1067992962
 614 0.07208780762
 615 0.07640689855
 616 0.06767920181
 617 0.06992980941
 618 0.1116218903
 619 0.05138621651
 620 0.0354690872
 621 0.01967520969
 622 0.04139541823
 623 0.05928308207
 624 0.03841298835
 625 0.0280693051
 626 0.03994859353
 627 0.08013183061
 628 0.01382792486
 629 0.02986412015
 630 0.0109967519
 631 0.002317540358
 632 0.01160276627
 633 0.1005080932
 634 0.03705744615
 635 0.05162356786
 636 0.0966511721
 637 0.02201435188
 638 0.004681012461
 639 0.01612132373
 640 0.01733134295
 641 0.01983746221
 642 0.05403555438
 643 0.04010019066
 644 0.03283918677
 645 0.08789237546
 646 0.1363738009
 647 0.208158033
 648 0.02981461669
 649 0.005625885402
 650 0.006257767083
 651 0.005448799695
 652 0.009653081538
 653 0.004485385369
 654 0.01389983087
 655 0.007348211229
 656 0.03260882647
 657 0.01632474958
 658 0.0183959029
 659 0.01770159201
 660 0.006630138906
 661 0.01870226772
 662 0.1214940797
 663 0.1412239169
 664 0.2134358798
 665 0.02602651602
 666 0.07955636069
 667 0.2887320175
 668 0.258866488
 669 0.1082884643
 670 0.1315481782
 671 0.1335200457
 672 0.05460637408
 673 0.1139465584
 674 0.07302846818
 675 0.05375360596
 676 0.0211104855
 677 0.009999256092
 678 0.02899180086
 679 0.1407585639
 680 0.1213455169
 681 0.2019827152
 682 0.1258374028
 683 0.1910897157
 684 0.2921798802
 685 0.4506728632
 686 0.6846950321
 687 0.6195427416
 688 0.6301092
 689 0.5225029044
 690 0.3963084754
 691 0.1569671409
 692 0.09530821784
 693 0.09321977631
 694 0.04614958759
 695 0.009897365311
 696 0.03464019941
 697 0.003615950917
 698 0.01593339972
 699 0.01919375306
 700 0.0500028871
 701 0.01898016684
 702 0.04960430439
 703 0.07760088595
 704 0.02945511008
 705 0.05440440954
 706 0.145635342
 707 0.1090572728
 708 0.2028759788
 709 0.1820175366
 710 0.07262089041
 711 0.1247959552
 712 0.03508592631
 713 0.1364556885
 714 0.1163180524
 715 0.2004285016
 716 0.07654127564
 717 0.102553301
 718 0.03851077518
 719 0.01055786648
 720 0.03128040007
 721 0.01638697315
 722 0.0210230673
 723 0.1399804964
 724 0.1868446935
 725 0.166687771
 726 0.09791686171
 727 0.0947782109
 728 0.1895707267
 729 0.1378715369
 730 0.09214562058
 731 0.07228636914
 732 0.04945378295
 733 0.02831965008
 734 0.02624862507
 735 0.0296758982
 736 0.03073053634
 737 0.07113342617
 738 0.04280276454
 739 0.0237523224
 740 0.001105743198
 741 0.06271786087
 742 0.1360884239
 743 0.02994025925
 744 0.1375074458
 745 0.1377296782
 746 0.08367828866
 747 0.05082776598
 748 0.0520006612
 749 0.06679070172
 750 0.0691685129
 751 0.1648465085
 752 0.06332402447
 753 0.04209319464
 754 0.0937130268
 755 0.1253766799
 756 0.03584816071
 757 0.04488855407
 758 0.06485890671
 759 0.02568860914
 760 0.02114250111
 761 0.009782424277
 762 0.03628686312
 763 0.09196990736
 764 0.1009301515
 765 0.2898828866
 766 0.09229990625
 767 0.1896714684
 768 0.08565779418
 769 0.06458280528
 770 0.09553125084
 771 0.1057238321
 772 0.04577319822
 773 0.02438283599
 774 0.02199285841
 775 0.006044647388
 776 0.04225685368
 777 0.008422311438
 778 0.01132318166
 779 0.04294127763
 780 0.188350019
 781 0.06838039357
 782 0.09328893675
 783 0.06379670077
 784 0.05361464098
 785 0.0166593262
 786 0.04640973247
 787 0.04904357988
 788 0.07301567614
 789 0.02441732851
 790 0.004821592906
 791 0.006479903005
 792 0.06658853307
 793 0.05580376412
 794 0.02312652197
 795 0.08953317204
 796 0.03155242577
 797 0.01920716532
 798 0.1092750443
 799 0.08699649796
 800 0.01709179151
 801 0.01757277114
 802 0.05586168574
 803 0.2278763125
 804 0.1567715345
 805 0.2674650155
 806 0.1711774206
 807 0.2183281058
 808 0.3105190277
 809 0.384629721
 810 0.3564963825
 811 0.3139171573
 812 0.5212123766
 813 0.763053063
 814 0.8590956082
 815 0.5244682234
 816 0.4693101517
 817 0.3338707252
 818 0.119588687
 819 0.2105998293
 820 0.04997860319
 821 0.05086586054
 822 0.03846294806
 823 0.0303359855
 824 0.01069597916
 825 0.02769810151
 826 0.03291836031
 827 0.01347885601
 828 0.008006540981
 829 0.002027648337
 830 0.01293487135
 831 0.01635740051
 832 0.02263137572
 833 0.05174160715
 834 0.1646997184
 835 0.04634968611
 836 0.02417436084
 837 0.07326138197
 838 0.04850961706
 839 0.04811199458
 840 0.01435052701
 841 0.005290240685
 842 0.02020306117
 843 0.02541916227
 844 0.000206064655
 845 0.01504180115
 846 0.0496328242
 847 0.09170161198
 848 0.1040664507
 849 0.1583164063
 850 0.05546032636
 851 0.054928128
 852 0.218906221
 853 0.1101894646
 854 0.1712317111
 855 0.2941808706
 856 0.1593106653
 857 0.2753588431
 858 0.09740600886
 859 0.02863501206
 860 0.01485593135
 861 0.06702181088
 862 0.1048443908
 863 0.03653612686
 864 0.0101476783
 865 0.03079028843
 866 0.01190060444
 867 0.0914908674
 868 0.08957419617
 869 0.174867994
 870 0.3061250813
 871 0.1091446876
 872 0.1293800113
 873 0.1368465204
 874 0.04314151065
 875 0.01907856187
 876 0.1212040247
 877 0.04818167179
 878 0.05511545856
 879 0.01947258321
 880 0.01196284527
 881 0.03476177124
 882 0.04511205033
 883 0.03481468907
 884 0.03098812663
 885 0.004941562602
 886 0.05928069524
 887 0.1064890343
 888 0.2168627574
 889 0.3815730241
 890 0.5434668088
 891 0.4956177256
 892 0.7834377939
 893 0.896613159
 894 0.8586075718
 895 0.6214069946
 896 0.5314948692
 897 0.2936673219
 898 0.05731557636
 899 0.01489114699
 900 0.03902348774
 901 0.0241472315
 902 0.0904982348
 903 0.01653870479
 904 0.01795915509
 905 0.002781779151
 906 0.02071989804
 907 0.1162455036
 908 0.008430884176
 909 0.1226513767
 910 0.0719626953
 911 0.05377888991
 912 0.107241922
 913 0.07143778689
 914 0.07680156392
 915 0.02067210124
 916 0.05476148157
 917 0.1654662728
 918 0.2206133107
 919 0.1658874899
 920 0.2211201606
 921 0.0846228408
 922 0.1301122764
 923 0.08920019785
 924 0.0605743426
 925 0.03146241369
 926 0.1536979094
 927 0.06918630702
 928 0.03856158509
 929 0.02731373368
 930 0.02833190187
 931 0.0373879053
 932 0.06733198004
 933 0.02343847351
 934 0.07011862944
 935 0.1134591684
 936 0.06001984546
 937 0.05450473671
 938 0.07295502036
 939 0.02071871811
 940 0.01382459951
 941 0.02917808953
 942 0.01248980316
 943 0.02196827766
 944 0.04547991064
 945 0.02616152109
 946 0.04166277344
 947 0.02608759375
 948 0.03035241646
 949 0.01854781207
 950 0.0258170343
 951 0.01094226822
 952 0.04079227222
 953 0.00920880325
 954 0.01357207367
 955 0.0643961152
 956 0.1017609088
 957 0.1670126082
 958 0.3316566624
 959 0.1420292293
 960 0.1435742225
 961 0.03153516755
 962 0.0145823412
 963 0.1164726636
 964 0.05872726814
 965 0.08507367365
 966 0.2305288491
 967 0.3744388253
 968 0.06607102146
 969 0.02537006855
 970 0.004496918869
 971 0.009115769645
 972 0.08448860228
 973 0.06999276854
 974 0.1856676272
 975 0.06942254948
 976 0.06688914482
 977 0.09367591499
 978 0.1106534456
 979 0.1825404865
 980 0.1339075964
 981 0.1924312798
 982 0.2151353483
 983 0.08765164728
 984 0.1209999383
 985 0.04782540653
 986 0.07273669531
 987 0.03597903634
 988 0.02255558201
 989 0.01686831811
 990 0.0306333526
 991 0.07780979855
 992 0.1171778003
 993 0.08311024683
 994 0.203414392
 995 0.1843317311
 996 0.2246359356
 997 0.2129044833
 998 0.0709372287
 999 0.2028293781
