        2500        0.013            0            0            0            0            0
        5000        0.003        0.001            0            0            0            0
        7500        0.004            0            0            0            0            0
       10000        0.003        0.001            0            0            0            0
       12500        0.011            0            0            0            0            0
       15000        0.008        0.001            0            0            0            0
       17500        0.008            0            0            0            0            0
       20000        0.008        0.001            0            0            0            0
       22500        0.008        0.002            0            0            0            0
       25000        0.006        0.001            0            0            0            0
       27500        0.009            0            0            0            0            0
       30000        0.008        0.001            0            0            0            0
       32500        0.007        0.001            0            0            0            0
       35000        0.006            0            0            0            0            0
       37500         0.01            0            0            0            0            0
       40000        0.004            0            0            0            0            0
       42500        0.008        0.001            0            0            0            0
       45000        0.006            0            0            0            0            0
 47499.99999        0.005            0            0            0            0            0
 49999.99999        0.005            0            0            0            0            0
 52499.99999        0.005        0.001            0            0            0            0
 54999.99999        0.007            0            0            0            0            0
 57499.99999        0.006        0.001            0            0            0            0
 59999.99999        0.007            0            0            0            0            0
 62499.99999         0.01            0            0            0            0            0
 64999.99999        0.006            0            0            0            0            0
 67499.99999        0.005        0.001            0            0            0            0
 69999.99999        0.009        0.001            0            0            0            0
 72499.99999        0.005        0.001            0            0            0            0
 74999.99999        0.011            0            0            0            0            0
       77500        0.004        0.002            0            0            0            0
       80000        0.008            0            0            0            0            0
       82500        0.007            0            0            0            0            0
       85000        0.003        0.001            0            0            0            0
 87500.00001        0.011        0.001            0            0            0            0
 90000.00001        0.004        0.001            0            0            0            0
 92500.00001        0.006        0.001            0            0            0            0
 95000.00001        0.005        0.001            0            0            0            0
 97500.00001        0.005        0.001            0            0            0            0
      100000        0.008        0.001            0            0            0            0
      102500        0.005            0            0            0            0            0
      105000        0.008            0            0            0            0            0
      107500        0.005        0.001            0            0            0            0
      110000        0.011            0            0            0            0            0
      112500        0.007            0            0            0            0            0
      115000        0.006        0.001            0            0            0            0
      117500        0.007        0.001            0            0            0            0
      120000        0.007        0.001            0            0            0            0
      122500        0.005        0.001            0            0            0            0
      125000        0.008        0.002            0            0            0            0
      127500        0.008            0            0            0            0            0
      130000         0.01            0            0            0            0            0
      132500        0.008            0            0            0            0            0
      135000        0.004            0            0            0            0            0
 137500.0001        0.005        0.002            0            0            0            0
 140000.0001        0.007        0.002            0            0            0            0
 142500.0001        0.006            0            0            0            0            0
 145000.0001        0.008        0.002            0            0            0            0
 147500.0001        0.006        0.001            0            0            0            0
 150000.0001        0.006        0.003            0            0            0            0
 152500.0001        0.006        0.002            0            0            0            0
 155000.0001        0.007        0.003            0            0            0            0
 157500.0001        0.008        0.001            0            0            0            0
 160000.0001        0.006        0.002            0            0            0            0
 162500.0001        0.011        0.001            0            0            0            0
 165000.0001        0.004        0.003            0            0            0            0
 167500.0001        0.009        0.001            0            0            0            0
 170000.0001        0.006        0.001            0            0            0            0
 172500.0001        0.008        0.002            0            0            0            0
 175000.0001         0.01        0.001            0            0            0            0
 177500.0001        0.003        0.002            0            0            0            0
 180000.0001         0.01        0.001            0            0            0            0
 182500.0001        0.003        0.003            0            0            0            0
 185000.0001        0.005        0.001            0            0            0            0
 187500.0001        0.011        0.001            0            0            0            0
 190000.0001        0.004        0.003            0            0            0            0
 192500.0001        0.009        0.001            0            0            0            0
 195000.0001        0.009        0.003            0            0            0            0
 197500.0001         0.01            0            0            0            0            0
 200000.0001        0.008        0.001            0            0            0            0
 202500.0001        0.007        0.001            0            0            0            0
 205000.0001        0.009        0.002            0            0            0            0
 207500.0001        0.007            0            0            0            0            0
 210000.0001        0.006        0.004            0            0            0            0
 212500.0001        0.012        0.001            0            0            0            0
 215000.0001        0.008        0.001            0            0            0            0
 217500.0001        0.012        0.001            0            0            0            0
 220000.0001        0.006        0.003            0            0            0            0
 222500.0001        0.007        0.002            0            0            0            0
 225000.0001        0.007        0.001            0            0            0            0
 227500.0001        0.007        0.001            0            0            0            0
 230000.0001        0.006            0        0.001            0            0            0
 232500.0001        0.011        0.001            0            0            0            0
 235000.0001        0.012            0            0            0            0            0
 237500.0001        0.007        0.002            0            0            0            0
 240000.0001        0.011            0            0            0            0            0
 242500.0001        0.006        0.001            0            0            0            0
 245000.0002        0.007        0.002            0            0            0            0
 247500.0002        0.007        0.003            0            0            0            0
 250000.0002        0.008        0.002            0            0            0            0
 252500.0002        0.009        0.001            0            0            0            0
 255000.0002        0.005        0.002            0            0            0            0
 257500.0002        0.009        0.001            0            0            0            0
 260000.0002         0.01            0            0            0            0            0
 262500.0002        0.011            0            0            0            0            0
 265000.0002        0.011        0.001            0            0            0            0
 267500.0002         0.01        0.001            0            0            0            0
 270000.0002         0.01        0.001            0            0            0            0
 272500.0002         0.01        0.001            0            0            0            0
 275000.0002        0.011        0.001            0            0            0            0
 277500.0002        0.006        0.002            0            0            0            0
 280000.0002        0.009        0.001            0            0            0            0
 282500.0002         0.01        0.001            0            0            0            0
 285000.0002        0.012        0.001            0            0            0            0
 287500.0002         0.01        0.002            0            0            0            0
 290000.0002        0.006        0.003            0            0            0            0
 292500.0002        0.008            0            0            0            0            0
 295000.0002         0.01            0            0            0            0            0
 297500.0002        0.009        0.003            0            0            0            0
 300000.0002        0.011            0            0            0            0            0
 302500.0002        0.007        0.003            0            0            0            0
 305000.0002        0.007        0.002            0            0            0            0
 307500.0002         0.01        0.001            0            0            0            0
 310000.0002        0.011        0.003            0            0            0            0
 312500.0002        0.008        0.003            0            0            0            0
 315000.0002        0.007        0.002            0            0            0            0
 317500.0002        0.006        0.003            0            0            0            0
 320000.0002        0.009        0.001            0            0            0            0
 322500.0002         0.01        0.001            0            0            0            0
 325000.0002        0.007        0.004            0            0            0            0
 327500.0002        0.007        0.002            0            0            0            0
 330000.0002        0.006        0.002            0            0            0            0
 332500.0002        0.013        0.001            0            0            0            0
 335000.0002        0.012        0.001            0            0            0            0
 337500.0002        0.009        0.004            0            0            0            0
 340000.0002        0.007        0.002            0            0            0            0
 342500.0002        0.007        0.001            0            0            0            0
 345000.0002        0.008            0            0            0            0            0
 347500.0002        0.008        0.001            0            0            0            0
 350000.0002         0.01        0.001            0            0            0            0
 352500.0003        0.008        0.003            0            0            0            0
 355000.0003        0.007        0.004            0            0            0            0
 357500.0003        0.008        0.002            0            0            0            0
 360000.0003        0.008        0.001            0            0            0            0
 362500.0003        0.006        0.004            0            0            0            0
 365000.0003        0.009        0.001            0            0            0            0
 367500.0003        0.009        0.001            0            0            0            0
 370000.0003        0.009        0.003            0            0            0            0
 372500.0003        0.007        0.002            0            0            0            0
 375000.0003        0.008        0.003            0            0            0            0
 377500.0003        0.008        0.002            0            0            0            0
 380000.0003        0.006        0.002            0            0            0            0
 382500.0003        0.008        0.001            0            0            0            0
 385000.0003        0.008        0.002            0            0            0            0
 387500.0003        0.009        0.003            0            0            0            0
 390000.0003         0.01        0.001            0            0            0            0
 392500.0003        0.009        0.003            0            0            0            0
 395000.0003        0.008        0.002            0            0            0            0
 397500.0003        0.005        0.003            0            0            0            0
 400000.0003        0.012            0            0            0            0            0
 402500.0003        0.006        0.003            0            0            0            0
 405000.0003        0.008        0.002            0            0            0            0
 407500.0003        0.009        0.002            0            0            0            0
 410000.0003        0.008        0.002            0            0            0            0
 412500.0003         0.01        0.002            0            0            0            0
 415000.0003        0.012        0.002            0            0            0            0
 417500.0003        0.005        0.004            0            0            0            0
 420000.0003        0.006        0.003            0            0            0            0
 422500.0003        0.007        0.002            0            0            0            0
 425000.0003        0.006        0.003            0            0            0            0
 427500.0003        0.009        0.002            0            0            0            0
 430000.0003        0.006        0.004            0            0            0            0
 432500.0003        0.005        0.001            0            0            0            0
 435000.0003        0.006        0.002            0            0            0            0
 437500.0003        0.006        0.002        0.001            0            0            0
 440000.0003        0.009        0.001            0            0            0            0
 442500.0003        0.008        0.003            0            0            0            0
 445000.0003        0.007        0.004            0            0            0            0
 447500.0003        0.006        0.003            0            0            0            0
 450000.0003        0.007        0.002            0            0            0            0
 452500.0003        0.005        0.003            0            0            0            0
 455000.0003        0.005        0.004            0            0            0            0
 457500.0004        0.008        0.001            0            0            0            0
 460000.0004        0.006        0.002        0.001            0            0            0
 462500.0004        0.007        0.002            0            0            0            0
 465000.0004        0.009        0.003            0            0            0            0
 467500.0004        0.009        0.001            0            0            0            0
 470000.0004        0.006        0.002            0            0            0            0
 472500.0004         0.01        0.002            0            0            0            0
 475000.0004        0.009        0.001            0            0            0            0
 477500.0004        0.006        0.003            0            0            0            0
 480000.0004        0.007        0.001        0.001            0            0            0
 482500.0004        0.008        0.003            0            0            0            0
 485000.0004        0.004        0.004            0            0            0            0
 487500.0004        0.005        0.003            0            0            0            0
 490000.0004        0.005        0.004            0            0            0            0
 492500.0004        0.009        0.002            0            0            0            0
 495000.0004        0.006        0.004            0            0            0            0
 497500.0004        0.009        0.002            0            0            0            0
 500000.0004        0.008        0.003            0            0            0            0
 502500.0004         0.01        0.002            0            0            0            0
 505000.0004        0.011        0.002            0            0            0            0
 507500.0004        0.009        0.002            0            0            0            0
 510000.0004        0.009        0.003            0            0            0            0
 512500.0004        0.008        0.001            0            0            0            0
 515000.0004        0.008        0.002            0            0            0            0
 517500.0004        0.007        0.003            0            0            0            0
 520000.0004        0.009        0.003            0            0            0            0
 522500.0004        0.008        0.003            0            0            0            0
 525000.0004        0.004        0.004            0            0            0            0
 527500.0004        0.006        0.002        0.001            0            0            0
 530000.0004        0.008        0.004            0            0            0            0
 532500.0004        0.009        0.004            0            0            0            0
 535000.0004        0.003        0.004        0.001            0            0            0
 537500.0004        0.007        0.004            0            0            0            0
 540000.0004         0.01        0.002            0            0            0            0
 542500.0004        0.007        0.002            0            0            0            0
 545000.0004         0.01        0.001            0            0            0            0
 547500.0004        0.009        0.003            0            0            0            0
 550000.0004        0.008        0.004            0            0            0            0
 552500.0004        0.009        0.002            0            0            0            0
 555000.0004        0.009        0.004            0            0            0            0
 557500.0004        0.006        0.002            0            0            0            0
 560000.0004        0.008        0.002            0            0            0            0
 562500.0004        0.005        0.003            0            0            0            0
 565000.0005         0.01        0.002            0            0            0            0
 567500.0005        0.009        0.001            0            0            0            0
 570000.0005        0.007        0.003            0            0            0            0
 572500.0005        0.007        0.003            0            0            0            0
 575000.0005         0.01        0.002            0            0            0            0
 577500.0005        0.009        0.003            0            0            0            0
 580000.0005        0.005        0.002            0            0            0            0
 582500.0005        0.006        0.002        0.001            0            0            0
 585000.0005        0.008        0.001            0            0            0            0
 587500.0005        0.006        0.004            0            0            0            0
 590000.0005        0.004        0.003            0            0            0            0
 592500.0005        0.005        0.004            0            0            0            0
 595000.0005        0.008        0.001            0            0            0            0
 597500.0005        0.005        0.005            0            0            0            0
 600000.0005         0.01        0.002            0            0            0            0
 602500.0005        0.009        0.002            0            0            0            0
 605000.0005        0.008        0.005            0            0            0            0
 607500.0005        0.009        0.003            0            0            0            0
 610000.0005        0.009        0.003            0            0            0            0
 612500.0005        0.009        0.002            0            0            0            0
 615000.0005        0.008        0.002            0            0            0            0
 617500.0005        0.008        0.001            0            0            0            0
 620000.0005        0.007        0.003        0.001            0            0            0
 622500.0005        0.004        0.004            0            0            0            0
 625000.0005        0.007        0.002            0            0            0            0
 627500.0005         0.01        0.003            0            0            0            0
 630000.0005        0.008        0.003            0            0            0            0
 632500.0005        0.009        0.002            0            0            0            0
 635000.0005        0.008        0.001        0.001            0            0            0
 637500.0005        0.005        0.006            0            0            0            0
 640000.0005         0.01        0.002            0            0            0            0
 642500.0005        0.009        0.004            0            0            0            0
 645000.0005        0.008        0.003            0            0            0            0
 647500.0005        0.006        0.003            0            0            0            0
 650000.0005        0.009        0.003            0            0            0            0
 652500.0005        0.007        0.004        0.001            0            0            0
 655000.0005        0.007        0.002            0            0            0            0
 657500.0005        0.009        0.003            0            0            0            0
 660000.0005        0.008        0.002            0            0            0            0
 662500.0005        0.004        0.006            0            0            0            0
 665000.0005        0.008        0.003            0            0            0            0
 667500.0005        0.007        0.004            0            0            0            0
 670000.0005        0.006        0.002            0            0            0            0
 672500.0006        0.005        0.003            0            0            0            0
 675000.0006        0.009        0.003            0            0            0            0
 677500.0006        0.007        0.002            0            0            0            0
 680000.0006        0.006        0.004            0            0            0            0
 682500.0006        0.006        0.003            0            0            0            0
 685000.0006        0.009        0.002            0            0            0            0
 687500.0006        0.008        0.004        0.001            0            0            0
 690000.0006        0.009        0.002        0.001            0            0            0
 692500.0006        0.008        0.001        0.001            0            0            0
 695000.0006        0.006        0.005            0            0            0            0
 697500.0006        0.006        0.003            0            0            0            0
 700000.0006        0.005        0.003            0            0            0            0
 702500.0006        0.006        0.004            0            0            0            0
 705000.0006        0.007        0.005            0            0            0            0
 707500.0006        0.007        0.003            0            0            0            0
 710000.0006        0.005        0.003            0            0            0            0
 712500.0006        0.007        0.001        0.001            0            0            0
 715000.0006        0.005        0.004            0            0            0            0
 717500.0006        0.006        0.005            0            0            0            0
 720000.0006        0.007        0.002            0            0            0            0
 722500.0006        0.006        0.005            0            0            0            0
 725000.0006        0.006        0.001            0            0            0            0
 727500.0006        0.006        0.003            0            0            0            0
 730000.0006        0.006        0.003            0            0            0            0
 732500.0006        0.007        0.002            0            0            0            0
 735000.0006        0.007        0.002            0            0            0            0
 737500.0006        0.005        0.004            0            0            0            0
 740000.0006        0.006        0.005            0            0            0            0
 742500.0006        0.006        0.004            0            0            0            0
 745000.0006        0.005        0.004            0            0            0            0
 747500.0006        0.004        0.004            0            0            0            0
 750000.0006         0.01        0.002            0            0            0            0
 752500.0006        0.008        0.002            0            0            0            0
 755000.0006        0.006        0.003            0            0            0            0
 757500.0006        0.005        0.005            0            0            0            0
 760000.0006        0.005        0.003            0            0            0            0
 762500.0006        0.008        0.002        0.001            0            0            0
 765000.0006        0.006        0.004            0            0            0            0
 767500.0006        0.004        0.004            0            0            0            0
 770000.0006        0.008        0.002            0            0            0            0
 772500.0006        0.006        0.004            0            0            0            0
 775000.0006        0.012        0.002            0            0            0            0
 777500.0006        0.003        0.005            0            0            0            0
 780000.0007        0.008        0.002            0            0            0            0
 782500.0007        0.004        0.002        0.001            0            0            0
 785000.0007        0.008        0.002            0            0            0            0
 787500.0007         0.01        0.003            0            0            0            0
 790000.0007        0.006        0.004            0            0            0            0
 792500.0007        0.007        0.003        0.002            0            0            0
 795000.0007        0.009        0.003            0            0            0            0
 797500.0007         0.01        0.002            0            0            0            0
 800000.0007        0.005        0.006            0            0            0            0
 802500.0007        0.003        0.004        0.001            0            0            0
 805000.0007        0.009        0.002            0            0            0            0
 807500.0007        0.008        0.001        0.001            0            0            0
 810000.0007        0.007        0.003            0            0            0            0
 812500.0007        0.004        0.005            0            0            0            0
 815000.0007        0.006        0.001        0.001            0            0            0
 817500.0007        0.007        0.004            0            0            0            0
 820000.0007        0.007        0.002        0.001            0            0            0
 822500.0007        0.008        0.002        0.001            0            0            0
 825000.0007        0.006        0.004            0            0            0            0
 827500.0007        0.007        0.002        0.001            0            0            0
 830000.0007        0.009        0.004            0            0            0            0
 832500.0007        0.006        0.002        0.001            0            0            0
 835000.0007        0.008        0.003            0            0            0            0
 837500.0007         0.01        0.005            0            0            0            0
 840000.0007        0.007        0.003            0            0            0            0
 842500.0007        0.009        0.004            0            0            0            0
 845000.0007        0.002        0.004            0            0            0            0
 847500.0007        0.009        0.002        0.001            0            0            0
 850000.0007        0.005        0.003        0.001            0            0            0
 852500.0007        0.009        0.003        0.001            0            0            0
 855000.0007        0.007        0.004            0            0            0            0
 857500.0007        0.002        0.005        0.001            0            0            0
 860000.0007        0.009        0.003            0            0            0            0
 862500.0007        0.003        0.007            0            0            0            0
 865000.0007        0.009        0.003            0            0            0            0
 867500.0007        0.006        0.004            0            0            0            0
 870000.0007        0.007        0.003            0            0            0            0
 872500.0007        0.006        0.005            0            0            0            0
 875000.0007        0.004        0.005            0            0            0            0
 877500.0007        0.004        0.004        0.001            0            0            0
 880000.0007         0.01        0.004            0            0            0            0
 882500.0007         0.01        0.002            0            0            0            0
 885000.0007        0.009        0.001        0.001            0            0            0
 887500.0008        0.009        0.002            0            0            0            0
 890000.0008        0.008        0.004            0            0            0            0
 892500.0008        0.014        0.001            0            0            0            0
 895000.0008        0.008        0.003        0.001            0            0            0
 897500.0008        0.008        0.003            0            0            0            0
 900000.0008        0.007        0.005            0            0            0            0
 902500.0008        0.008        0.004            0            0            0            0
 905000.0008        0.008        0.004            0            0            0            0
 907500.0008        0.013        0.001        0.001            0            0            0
 910000.0008        0.009        0.003            0            0            0            0
 912500.0008        0.007        0.004            0            0            0            0
 915000.0008        0.008        0.004            0            0            0            0
 917500.0008        0.009        0.003            0            0            0            0
 920000.0008        0.009        0.005            0            0            0            0
 922500.0008        0.005        0.005            0            0            0            0
 925000.0008        0.012        0.002        0.001            0            0            0
 927500.0008         0.01        0.004            0            0            0            0
 930000.0008        0.014        0.002        0.001            0            0            0
 932500.0008        0.007        0.003        0.001            0            0            0
 935000.0008        0.006        0.004            0            0            0            0
 937500.0008        0.007        0.004            0            0            0            0
 940000.0008        0.006        0.002        0.001            0            0            0
 942500.0008        0.007        0.001        0.001            0            0            0
 945000.0008        0.007        0.001        0.001            0            0            0
 947500.0008        0.007        0.003        0.001            0            0            0
 950000.0008        0.008        0.002        0.001            0            0            0
 952500.0008        0.005        0.006            0            0            0            0
 955000.0008        0.008        0.005        0.001            0            0            0
 957500.0008        0.007        0.005            0            0            0            0
 960000.0008        0.009        0.003            0            0            0            0
 962500.0008        0.009        0.003            0            0            0            0
 965000.0008        0.011        0.002            0            0            0            0
 967500.0008        0.003        0.006        0.001            0            0            0
 970000.0008        0.005        0.005        0.001            0            0            0
 972500.0008         0.01        0.001            0            0            0            0
 975000.0008        0.009        0.003            0            0            0            0
 977500.0008        0.006        0.004            0            0            0            0
 980000.0008        0.001        0.007            0            0            0            0
 982500.0008        0.007        0.004        0.001            0            0            0
 985000.0008         0.01        0.004            0            0            0            0
 987500.0008        0.009        0.003            0            0            0            0
 990000.0008        0.007        0.003        0.001            0            0            0
 992500.0008        0.008        0.002        0.001            0            0            0
 995000.0009        0.006        0.003            0            0            0            0
 997500.0009        0.007        0.003        0.001            0            0            0
 1000000.001        0.004        0.004            0            0            0            0
 1002500.001         0.01        0.003            0            0            0            0
 1005000.001        0.007        0.004            0            0            0            0
 1007500.001        0.008        0.003            0            0            0            0
 1010000.001        0.007        0.003            0            0            0            0
 1012500.001        0.011        0.002        0.001            0            0            0
 1015000.001        0.006        0.006            0            0            0            0
 1017500.001        0.011        0.003            0            0            0            0
 1020000.001        0.008        0.003        0.001            0            0            0
 1022500.001        0.006        0.004        0.001            0            0            0
 1025000.001        0.006        0.003        0.001            0            0            0
 1027500.001        0.009        0.003        0.001            0            0            0
 1030000.001        0.011        0.002        0.001            0            0            0
 1032500.001         0.01        0.002        0.001            0            0            0
 1035000.001         0.01        0.002        0.002            0            0            0
 1037500.001        0.011        0.001        0.001            0            0            0
 1040000.001         0.01        0.003        0.001            0            0            0
 1042500.001        0.007        0.003            0            0            0            0
 1045000.001        0.009        0.003        0.001            0            0            0
 1047500.001        0.007        0.002        0.001            0            0            0
 1050000.001        0.003        0.005        0.001            0            0            0
 1052500.001        0.009        0.002        0.001            0            0            0
 1055000.001        0.007        0.002        0.001            0            0            0
 1057500.001        0.013        0.003            0            0            0            0
 1060000.001        0.008        0.002        0.002            0            0            0
 1062500.001        0.012        0.005            0            0            0            0
 1065000.001        0.006        0.004            0            0            0            0
     1067500        0.013        0.004            0            0            0            0
     1070000        0.006        0.005            0            0            0            0
     1072500        0.007        0.003        0.001            0            0            0
     1075000        0.009        0.002        0.002            0            0            0
     1077500        0.007        0.002        0.002            0            0            0
     1080000        0.007        0.002        0.002            0            0            0
     1082500        0.005        0.005            0            0            0            0
     1085000        0.005        0.003        0.001            0            0            0
     1087500        0.012        0.002        0.001            0            0            0
     1090000        0.009        0.002        0.002            0            0            0
     1092500        0.007        0.005            0            0            0            0
     1095000        0.009        0.003        0.001            0            0            0
     1097500        0.006        0.003        0.001            0            0            0
     1100000        0.011            0        0.001            0            0            0
     1102500        0.008        0.003        0.001            0            0            0
     1105000        0.008        0.001        0.001            0            0            0
     1107500        0.008        0.002        0.001            0            0            0
     1110000         0.01        0.003        0.001            0            0            0
 1112499.999        0.006        0.003        0.001            0            0            0
 1114999.999        0.009        0.003            0            0            0            0
 1117499.999        0.009        0.004        0.001            0            0            0
 1119999.999        0.009        0.007            0            0            0            0
 1122499.999        0.009        0.005            0            0            0            0
 1124999.999         0.01        0.007            0            0            0            0
 1127499.999        0.015        0.001        0.002            0            0            0
 1129999.999        0.013        0.003            0            0            0            0
 1132499.999        0.011        0.002        0.001            0            0            0
 1134999.999         0.01        0.003            0            0            0            0
 1137499.999        0.009        0.003        0.001            0            0            0
 1139999.999        0.006        0.004            0            0            0            0
 1142499.999        0.012        0.005            0            0            0            0
 1144999.999        0.012        0.002        0.001            0            0            0
 1147499.999        0.015        0.001            0            0            0            0
 1149999.999        0.007        0.004            0            0            0            0
 1152499.999        0.011        0.003            0            0            0            0
 1154999.999        0.007        0.003        0.001            0            0            0
 1157499.998        0.006        0.003        0.002            0            0            0
 1159999.998        0.013        0.002            0            0            0            0
 1162499.998        0.012        0.003            0            0            0            0
 1164999.998        0.007        0.005            0            0            0            0
 1167499.998        0.003        0.005        0.002            0            0            0
 1169999.998        0.009        0.004            0            0            0            0
 1172499.998        0.012        0.001            0            0            0            0
 1174999.998        0.012            0        0.002            0            0            0
 1177499.998        0.007        0.006            0            0            0            0
 1179999.998        0.005        0.004        0.001            0            0            0
 1182499.998        0.012        0.002        0.001            0            0            0
 1184999.998        0.011        0.003            0            0            0            0
 1187499.998        0.011        0.003        0.001            0            0            0
 1189999.998        0.009        0.002            0        0.001            0            0
 1192499.998        0.009        0.003            0            0            0            0
 1194999.998        0.007        0.002        0.001            0            0            0
 1197499.998        0.014        0.002        0.001            0            0            0
 1199999.998         0.01        0.003            0            0            0            0
 1202499.997        0.015        0.001        0.001            0            0            0
 1204999.997        0.004        0.004        0.001            0            0            0
 1207499.997        0.004        0.004        0.001            0            0            0
 1209999.997        0.011        0.002        0.001            0            0            0
 1212499.997        0.007        0.003            0            0            0            0
 1214999.997        0.009        0.003            0            0            0            0
 1217499.997        0.008        0.003        0.001            0            0            0
 1219999.997        0.007        0.004            0            0            0            0
 1222499.997        0.014        0.001        0.001            0            0            0
 1224999.997        0.012        0.004            0            0            0            0
 1227499.997        0.009        0.002            0            0            0            0
 1229999.997        0.013        0.002            0            0            0            0
 1232499.997        0.006        0.004        0.001            0            0            0
 1234999.997        0.009        0.003            0            0            0            0
 1237499.997        0.008        0.002        0.001            0            0            0
 1239999.997        0.011        0.004            0            0            0            0
 1242499.997        0.015        0.005            0            0            0            0
 1244999.997         0.01        0.002        0.001            0            0            0
 1247499.996        0.009        0.004            0            0            0            0
 1249999.996        0.014        0.003            0            0            0            0
 1252499.996        0.012        0.003        0.001            0            0            0
 1254999.996        0.012        0.003        0.001            0            0            0
 1257499.996        0.013        0.005            0            0            0            0
 1259999.996        0.014        0.002            0            0            0            0
 1262499.996        0.006        0.003        0.001            0            0            0
 1264999.996        0.012        0.004            0            0            0            0
 1267499.996        0.017        0.003            0            0            0            0
 1269999.996        0.013        0.005            0            0            0            0
 1272499.996        0.005        0.004            0            0            0            0
 1274999.996        0.016        0.004            0            0            0            0
 1277499.996        0.005        0.006            0            0            0            0
 1279999.996        0.009        0.004            0            0            0            0
 1282499.996        0.012        0.001            0            0            0            0
 1284999.996        0.014        0.003            0            0            0            0
 1287499.996        0.008        0.004            0            0            0            0
 1289999.996        0.007        0.005            0            0            0            0
 1292499.995        0.008        0.003            0            0            0            0
 1294999.995        0.007        0.005            0            0            0            0
 1297499.995        0.016        0.003            0            0            0            0
 1299999.995         0.01        0.006            0            0            0            0
 1302499.995        0.013        0.003            0            0            0            0
 1304999.995        0.009        0.005            0            0            0            0
 1307499.995        0.013        0.004            0            0            0            0
 1309999.995        0.011        0.003            0            0            0            0
 1312499.995        0.014        0.005            0            0            0            0
 1314999.995        0.007        0.005            0            0            0            0
 1317499.995        0.009        0.006        0.001            0            0            0
 1319999.995        0.013        0.004            0            0            0            0
 1322499.995         0.01        0.004            0            0            0            0
 1324999.995        0.008        0.006        0.001            0            0            0
 1327499.995         0.01        0.003            0            0            0            0
 1329999.995        0.011        0.005            0            0            0            0
 1332499.995        0.009        0.003            0            0            0            0
 1334999.994        0.013        0.003            0            0            0            0
 1337499.994        0.014        0.003            0            0            0            0
 1339999.994        0.014        0.004            0            0            0            0
 1342499.994        0.019        0.002            0            0            0            0
 1344999.994        0.016            0        0.001            0            0            0
 1347499.994        0.012        0.001        0.001            0            0            0
 1349999.994        0.013        0.004            0            0            0            0
 1352499.994        0.015        0.003            0            0            0            0
 1354999.994        0.012        0.004            0            0            0            0
 1357499.994        0.005        0.005            0            0            0            0
 1359999.994        0.007        0.004            0            0            0            0
 1362499.994        0.008        0.006        0.001            0            0            0
 1364999.994        0.009        0.003            0            0            0            0
 1367499.994        0.012        0.002            0            0            0            0
 1369999.994         0.01        0.003            0            0            0            0
 1372499.994        0.012        0.004            0            0            0            0
 1374999.994        0.008        0.005            0            0            0            0
 1377499.994         0.01        0.006            0            0            0            0
 1379999.993        0.009        0.005            0            0            0            0
 1382499.993        0.007        0.007            0            0            0            0
 1384999.993        0.014        0.003            0            0            0            0
 1387499.993        0.012        0.005            0            0            0            0
 1389999.993        0.008        0.004            0            0            0            0
 1392499.993        0.008        0.005            0            0            0            0
 1394999.993        0.008        0.005            0            0            0            0
 1397499.993        0.006        0.003            0            0            0            0
 1399999.993         0.01        0.004        0.001            0            0            0
 1402499.993         0.01        0.004            0            0            0            0
 1404999.993        0.009        0.005            0            0            0            0
 1407499.993        0.013        0.005            0            0            0            0
 1409999.993        0.006        0.004            0            0            0            0
 1412499.993        0.016        0.004            0            0            0            0
 1414999.993        0.012        0.005            0            0            0            0
 1417499.993        0.014        0.002        0.001            0            0            0
 1419999.993        0.012        0.006            0            0            0            0
 1422499.993        0.012        0.006            0            0            0            0
 1424999.992         0.01        0.005            0            0            0            0
 1427499.992        0.012        0.003        0.001            0            0            0
 1429999.992         0.01        0.004            0            0            0            0
 1432499.992        0.007        0.006            0            0            0            0
 1434999.992        0.005        0.009            0            0            0            0
 1437499.992        0.008        0.006            0            0            0            0
 1439999.992        0.011        0.004        0.001            0            0            0
 1442499.992        0.011        0.003        0.002            0            0            0
 1444999.992        0.011        0.002            0            0            0            0
 1447499.992        0.008        0.005            0            0            0            0
 1449999.992         0.01        0.004        0.001            0            0            0
 1452499.992        0.013        0.004            0            0            0            0
 1454999.992        0.013        0.004        0.001            0            0            0
 1457499.992        0.011        0.004        0.001            0            0            0
 1459999.992        0.009        0.008            0            0            0            0
 1462499.992        0.009        0.005            0            0            0            0
 1464999.992        0.008        0.006            0            0            0            0
 1467499.992        0.007        0.004            0            0            0            0
 1469999.991        0.012        0.006            0            0            0            0
 1472499.991        0.008        0.006            0            0            0            0
 1474999.991        0.015        0.004            0            0            0            0
 1477499.991        0.009        0.006            0            0            0            0
 1479999.991        0.014        0.003            0            0            0            0
 1482499.991        0.009        0.006            0            0            0            0
 1484999.991        0.011        0.003        0.001            0            0            0
 1487499.991        0.009        0.003        0.001            0            0            0
 1489999.991        0.012        0.002        0.001            0            0            0
 1492499.991        0.012        0.004            0            0            0            0
 1494999.991        0.011        0.003        0.001            0            0            0
 1497499.991        0.012        0.002        0.001            0            0            0
 1499999.991        0.012        0.003        0.001            0            0            0
 1502499.991        0.009        0.006            0            0            0            0
 1504999.991        0.011        0.002        0.002            0            0            0
 1507499.991        0.007        0.004            0            0            0            0
 1509999.991        0.007        0.005            0            0            0            0
 1512499.991        0.012        0.004            0            0            0            0
  1514999.99        0.006        0.003        0.001            0            0            0
  1517499.99        0.011        0.003        0.001            0            0            0
  1519999.99        0.014        0.001        0.002            0            0            0
  1522499.99        0.014        0.001        0.001            0            0            0
  1524999.99         0.01        0.003        0.001            0            0            0
  1527499.99        0.009        0.005            0            0            0            0
  1529999.99        0.007        0.005            0            0            0            0
  1532499.99        0.012        0.004            0            0            0            0
  1534999.99        0.009        0.003        0.001            0            0            0
  1537499.99        0.005        0.005            0            0            0            0
  1539999.99        0.011        0.005            0            0            0            0
  1542499.99        0.008        0.007            0            0            0            0
  1544999.99        0.015        0.002        0.001            0            0            0
  1547499.99         0.01        0.002        0.001            0            0            0
  1549999.99        0.007        0.004            0            0            0            0
  1552499.99        0.009        0.002        0.001            0            0            0
  1554999.99        0.008        0.005            0            0            0            0
  1557499.99        0.014        0.003            0            0            0            0
 1559999.989        0.006        0.003        0.001            0            0            0
 1562499.989        0.016        0.004            0            0            0            0
 1564999.989        0.008        0.005            0            0            0            0
 1567499.989        0.017        0.003            0            0            0            0
 1569999.989         0.01        0.005            0            0            0            0
 1572499.989        0.005        0.005        0.001            0            0            0
 1574999.989        0.008        0.005        0.001            0            0            0
 1577499.989         0.01        0.006            0            0            0            0
 1579999.989        0.009        0.006            0            0            0            0
 1582499.989        0.008        0.005            0            0            0            0
 1584999.989        0.009        0.006            0            0            0            0
 1587499.989        0.011        0.003            0            0            0            0
 1589999.989        0.012        0.006            0            0            0            0
 1592499.989         0.01        0.003            0            0            0            0
 1594999.989        0.004        0.004        0.001            0            0            0
 1597499.989        0.007        0.003        0.001            0            0            0
 1599999.989        0.007        0.004            0            0            0            0
 1602499.989        0.013        0.003            0            0            0            0
 1604999.988         0.01        0.003        0.001            0            0            0
 1607499.988        0.007        0.005            0            0            0            0
 1609999.988        0.011        0.006            0            0            0            0
 1612499.988        0.009        0.003            0            0            0            0
 1614999.988        0.007        0.005        0.001            0            0            0
 1617499.988         0.01        0.003        0.001            0            0            0
 1619999.988        0.009        0.004            0            0            0            0
 1622499.988        0.011        0.004            0            0            0            0
 1624999.988        0.011        0.003            0            0            0            0
 1627499.988        0.011        0.002        0.001            0            0            0
 1629999.988         0.01        0.004        0.001            0            0            0
 1632499.988        0.012        0.004            0            0            0            0
 1634999.988        0.008        0.003        0.001            0            0            0
 1637499.988        0.007        0.005        0.001            0            0            0
 1639999.988        0.008        0.002        0.001            0            0            0
 1642499.988        0.006        0.003            0            0            0            0
 1644999.988        0.008        0.002            0            0            0            0
 1647499.988        0.015        0.003            0            0            0            0
 1649999.987        0.008        0.001        0.002            0            0            0
 1652499.987        0.007        0.003        0.001            0            0            0
 1654999.987        0.011        0.002        0.001            0            0            0
 1657499.987        0.009        0.002        0.001            0            0            0
 1659999.987         0.01        0.004            0            0            0            0
 1662499.987        0.006        0.005            0            0            0            0
 1664999.987        0.006        0.006            0            0            0            0
 1667499.987        0.008        0.005        0.001            0            0            0
 1669999.987        0.009        0.004        0.001            0            0            0
 1672499.987        0.009        0.004            0            0            0            0
 1674999.987        0.012        0.003            0            0            0            0
 1677499.987        0.009        0.005            0            0            0            0
 1679999.987        0.009        0.005            0            0            0            0
 1682499.987        0.005        0.003        0.001            0            0            0
 1684999.987        0.012        0.002        0.001            0            0            0
 1687499.987        0.014        0.002        0.001            0            0            0
 1689999.987        0.012        0.004            0            0            0            0
 1692499.987        0.009        0.005            0            0            0            0
 1694999.986        0.012        0.003            0            0            0            0
 1697499.986        0.013        0.004            0            0            0            0
 1699999.986        0.016        0.001        0.001            0            0            0
 1702499.986        0.006        0.003        0.002            0            0            0
 1704999.986        0.007        0.006            0            0            0            0
 1707499.986        0.011        0.005            0            0            0            0
 1709999.986         0.01        0.002        0.001            0            0            0
 1712499.986        0.007        0.005            0            0            0            0
 1714999.986        0.007        0.004            0            0            0            0
 1717499.986        0.013        0.005            0            0            0            0
 1719999.986        0.012        0.001        0.002            0            0            0
 1722499.986        0.008        0.002        0.001            0            0            0
 1724999.986        0.011        0.003            0            0            0            0
 1727499.986        0.012        0.003            0            0            0            0
 1729999.986        0.009        0.003        0.001            0            0            0
 1732499.986        0.012        0.004            0            0            0            0
 1734999.986        0.009        0.004            0            0            0            0
 1737499.986        0.013        0.004            0            0            0            0
 1739999.985        0.011        0.003        0.001            0            0            0
 1742499.985        0.011        0.003            0            0            0            0
 1744999.985        0.012        0.005            0            0            0            0
 1747499.985        0.011        0.005            0            0            0            0
 1749999.985        0.012        0.005            0            0            0            0
 1752499.985        0.011        0.003            0            0            0            0
 1754999.985        0.009        0.003            0            0            0            0
 1757499.985        0.008        0.004        0.001            0            0            0
 1759999.985        0.011        0.004            0            0            0            0
 1762499.985        0.012        0.002        0.001            0            0            0
 1764999.985        0.007        0.005            0            0            0            0
 1767499.985         0.01        0.004        0.001            0            0            0
 1769999.985        0.015        0.004            0            0            0            0
 1772499.985        0.011        0.003            0            0            0            0
 1774999.985        0.012        0.002        0.001            0            0            0
 1777499.985        0.013        0.002            0            0            0            0
 1779999.985        0.014        0.003            0            0            0            0
 1782499.984        0.014        0.002        0.002            0            0            0
 1784999.984        0.011        0.004        0.001            0            0            0
 1787499.984        0.009        0.003        0.001            0            0            0
 1789999.984        0.007        0.004            0            0            0            0
 1792499.984        0.015        0.002        0.001            0            0            0
 1794999.984        0.006        0.007            0            0            0            0
 1797499.984        0.009        0.005        0.001            0            0            0
 1799999.984        0.013        0.004            0            0            0            0
 1802499.984        0.012        0.005            0            0            0            0
 1804999.984        0.018        0.004            0            0            0            0
 1807499.984        0.008        0.005            0            0            0            0
 1809999.984        0.007        0.004        0.001            0            0            0
 1812499.984        0.012        0.004            0            0            0            0
 1814999.984        0.007        0.005            0            0            0            0
 1817499.984         0.01        0.001        0.002            0            0            0
 1819999.984        0.011        0.005            0            0            0            0
 1822499.984        0.005        0.003        0.001            0            0            0
 1824999.984        0.015        0.004            0            0            0            0
 1827499.983        0.011        0.006            0            0            0            0
 1829999.983         0.01        0.002        0.001            0            0            0
 1832499.983        0.005        0.003        0.002            0            0            0
 1834999.983        0.007        0.003        0.001            0            0            0
 1837499.983         0.01        0.004            0            0            0            0
 1839999.983        0.009        0.006            0            0            0            0
 1842499.983        0.014        0.001        0.002            0            0            0
 1844999.983        0.011        0.001        0.001            0            0            0
 1847499.983        0.008        0.004            0            0            0            0
 1849999.983        0.008        0.006            0            0            0            0
 1852499.983        0.008        0.003        0.001            0            0            0
 1854999.983        0.011        0.005            0            0            0            0
 1857499.983        0.014        0.004            0            0            0            0
 1859999.983        0.009        0.001        0.002            0            0            0
 1862499.983        0.012        0.002            0            0            0            0
 1864999.983        0.006        0.008            0            0            0            0
 1867499.983        0.012        0.001        0.002            0            0            0
 1869999.983         0.01        0.002        0.001            0            0            0
 1872499.982        0.013        0.003            0            0            0            0
 1874999.982        0.005        0.006            0            0            0            0
 1877499.982        0.009        0.001        0.002            0            0            0
 1879999.982        0.008        0.002        0.001            0            0            0
 1882499.982         0.01        0.003        0.001            0            0            0
 1884999.982         0.01        0.003        0.001            0            0            0
 1887499.982        0.006        0.002        0.001            0            0            0
 1889999.982        0.008        0.003        0.001            0            0            0
 1892499.982        0.012        0.001        0.001            0            0            0
 1894999.982         0.01        0.003        0.001            0            0            0
 1897499.982        0.008        0.003        0.001            0            0            0
 1899999.982        0.008        0.002        0.002            0            0            0
 1902499.982        0.003        0.004        0.001            0            0            0
 1904999.982        0.007        0.004        0.001            0            0            0
 1907499.982        0.012        0.004            0            0            0            0
 1909999.982        0.012        0.003            0            0            0            0
 1912499.982        0.011        0.003            0            0            0            0
 1914999.982        0.005        0.006            0            0            0            0
 1917499.981        0.014        0.004            0            0            0            0
 1919999.981        0.011        0.003        0.001            0            0            0
 1922499.981         0.01        0.003            0            0            0            0
 1924999.981        0.009        0.004        0.001            0            0            0
 1927499.981        0.012        0.005            0            0            0            0
 1929999.981        0.011        0.002        0.001            0            0            0
 1932499.981        0.006        0.003        0.001            0            0            0
 1934999.981        0.011        0.003            0            0            0            0
 1937499.981        0.013        0.004            0            0            0            0
 1939999.981        0.006        0.005        0.001            0            0            0
 1942499.981        0.008        0.003        0.001            0            0            0
 1944999.981        0.011        0.003        0.001            0            0            0
 1947499.981        0.011        0.003        0.001            0            0            0
 1949999.981        0.009        0.003        0.001            0            0            0
 1952499.981        0.009        0.006            0            0            0            0
 1954999.981         0.01        0.002        0.001            0            0            0
 1957499.981        0.007        0.006            0            0            0            0
 1959999.981        0.013        0.004        0.001            0            0            0
  1962499.98        0.007        0.004            0            0            0            0
  1964999.98        0.011        0.003        0.001            0            0            0
  1967499.98        0.015        0.002        0.001            0            0            0
  1969999.98        0.004        0.006            0            0            0            0
  1972499.98        0.005        0.007            0            0            0            0
  1974999.98        0.007        0.005        0.001            0            0            0
  1977499.98        0.009        0.005            0            0            0            0
  1979999.98        0.012        0.001            0            0            0            0
  1982499.98        0.009        0.003        0.001            0            0            0
  1984999.98        0.005        0.003        0.001            0            0            0
  1987499.98        0.009        0.004            0            0            0            0
  1989999.98        0.007        0.004            0            0            0            0
  1992499.98        0.012        0.003            0            0            0            0
  1994999.98        0.009        0.003            0            0            0            0
  1997499.98        0.009        0.002        0.001            0            0            0
  1999999.98        0.007        0.003        0.001            0            0            0
  2002499.98        0.006        0.003        0.001            0            0            0
  2004999.98        0.011        0.001        0.001            0            0            0
 2007499.979        0.016        0.002        0.001            0            0            0
 2009999.979        0.006        0.003        0.001            0            0            0
 2012499.979        0.016        0.002            0            0            0            0
 2014999.979        0.005        0.003        0.001            0            0            0
 2017499.979        0.007        0.003        0.001            0            0            0
 2019999.979        0.005        0.005            0            0            0            0
 2022499.979         0.01        0.005            0            0            0            0
 2024999.979        0.008        0.003        0.001            0            0            0
 2027499.979         0.01        0.004            0            0            0            0
 2029999.979        0.009        0.005            0            0            0            0
 2032499.979        0.008        0.002        0.002            0            0            0
 2034999.979        0.004        0.003        0.001            0            0            0
 2037499.979        0.008        0.004        0.001            0            0            0
 2039999.979        0.013        0.005            0            0            0            0
 2042499.979        0.012        0.005        0.001            0            0            0
 2044999.979        0.006        0.003        0.001            0            0            0
 2047499.979         0.01        0.005        0.001            0            0            0
 2049999.979         0.01        0.003        0.001            0            0            0
 2052499.978         0.01        0.005            0            0            0            0
 2054999.978        0.007        0.006            0            0            0            0
 2057499.978        0.006        0.005            0            0            0            0
 2059999.978        0.008        0.005            0            0            0            0
 2062499.978        0.009        0.003        0.001            0            0            0
 2064999.978        0.005        0.003        0.001            0            0            0
 2067499.978        0.007        0.004        0.001            0            0            0
 2069999.978        0.011        0.004            0            0            0            0
 2072499.978        0.008        0.004            0            0            0            0
 2074999.978        0.009        0.004            0            0            0            0
 2077499.978        0.006        0.003        0.001            0            0            0
 2079999.978        0.008        0.004        0.001            0            0            0
 2082499.978        0.001        0.005        0.001            0            0            0
 2084999.978        0.004        0.006            0            0            0            0
 2087499.978        0.006        0.004        0.001            0            0            0
 2089999.978         0.01        0.006        0.001            0            0            0
 2092499.978        0.005        0.005            0            0            0            0
 2094999.978        0.011        0.003            0            0            0            0
 2097499.977        0.004        0.004        0.001            0            0            0
 2099999.977        0.005        0.003        0.002            0            0            0
 2102499.977        0.005        0.003        0.001            0            0            0
 2104999.977        0.007        0.006            0            0            0            0
 2107499.977        0.005        0.003        0.001            0            0            0
 2109999.977        0.008        0.005        0.001            0            0            0
 2112499.977         0.01        0.002        0.001            0            0            0
 2114999.977        0.004        0.004        0.001            0            0            0
 2117499.977        0.008        0.003        0.001            0            0            0
 2119999.977        0.006        0.004            0            0            0            0
 2122499.977        0.011        0.004            0            0            0            0
 2124999.977        0.006        0.005            0            0            0            0
 2127499.977        0.009        0.006        0.001            0            0            0
 2129999.977        0.004        0.007        0.001            0            0            0
 2132499.977        0.006        0.002        0.002            0            0            0
 2134999.977        0.011        0.003        0.001            0            0            0
 2137499.977        0.005        0.005            0            0            0            0
 2139999.977        0.008        0.005            0            0            0            0
 2142499.976        0.002        0.004        0.002            0            0            0
 2144999.976        0.007        0.005        0.001            0            0            0
 2147499.976        0.004        0.006            0            0            0            0
 2149999.976        0.002        0.004        0.002            0            0            0
 2152499.976        0.006        0.006            0            0            0            0
 2154999.976        0.003        0.002        0.002            0            0            0
 2157499.976         0.01            0        0.002            0            0            0
 2159999.976        0.007        0.003        0.001            0            0            0
 2162499.976        0.006        0.004        0.001            0            0            0
 2164999.976        0.005        0.007            0            0            0            0
 2167499.976        0.005        0.004        0.001            0            0            0
 2169999.976        0.011        0.003            0            0            0            0
 2172499.976         0.01        0.005            0            0            0            0
 2174999.976        0.006        0.004        0.001            0            0            0
 2177499.976        0.006        0.005            0            0            0            0
 2179999.976        0.008        0.004        0.001            0            0            0
 2182499.976        0.002        0.006            0            0            0            0
 2184999.975        0.007        0.003        0.001            0            0            0
 2187499.975        0.004        0.006            0            0            0            0
 2189999.975        0.005        0.006            0            0            0            0
 2192499.975        0.005        0.006            0            0            0            0
 2194999.975        0.006        0.005            0            0            0            0
 2197499.975        0.012            0        0.001            0            0            0
 2199999.975        0.009        0.002        0.001            0            0            0
