           0 0.0102554447
           1 0.04460452763
           2 0.04842046447
           3 0.0948151283
           4 0.04062185459
           5 0.02916836666
           6 0.006121002877
           7 0.02210525551
           8 0.01089594866
           9 0.01543009439
          10 0.002401562172
          11 0.04553726764
          12 0.08078975024
          13 0.01268981613
          14 0.02447657389
          15 0.02280981207
          16 0.09184701099
          17 0.01410451411
          18 0.0116082358
          19 0.02490817093
          20 0.07312679337
          21 0.1405720948
          22 0.05056382297
          23 0.1049315221
          24 0.06346844724
          25 0.03609039381
          26 0.01970518702
          27 0.05177002851
          28 0.03764744793
          29 0.03187433474
          30 0.01480448301
          31 0.02770037423
          32 0.03823260132
          33 0.04138333698
          34 0.03177807724
          35 0.09187224134
          36 0.05009595309
          37 0.02559849868
          38 0.03121417582
          39 0.04531260898
          40 0.0289442392
          41 0.0261090088
          42 0.07861153219
          43 0.02941481634
          44 0.04734863229
          45 0.03396727151
          46 0.03051265622
          47 0.01488660087
          48 0.02327315417
          49 0.02530889693
          50 0.03296207684
          51 0.06690742485
          52  0.110155378
          53 0.1463608182
          54 0.08440430418
          55 0.07349673196
          56 0.02695971178
          57 0.04585228823
          58 0.03137451564
          59 0.01926594856
          60 0.07283827854
          61 0.05075655937
          62 0.1446026044
          63 0.06921353123
          64 0.0247176001
          65 0.03763733949
          66 0.03640254931
          67 0.08620776629
          68 0.1678418535
          69 0.1318568011
          70 0.1145532745
          71  0.196980716
          72 0.3277458999
          73 0.0965793361
          74 0.1656380506
          75 0.3100216263
          76 0.1924400723
          77 0.07619706517
          78 0.02574621833
          79 0.07253963382
          80 0.0494679117
          81 0.04734670803
          82 0.01116317585
          83 0.02062548153
          84 0.04004481186
          85 0.04744683641
          86 0.1137748991
          87 0.0334903078
          88 0.04348281853
          89 0.03382539963
          90 0.008424391135
          91 0.04795480108
          92 0.01959939744
          93 0.05414825886
          94 0.0166305843
          95 0.02131021707
          96 0.02851928276
          97 0.04961435909
          98 0.05880649754
          99 0.02953803305
         100 0.03162158967
         101 0.01125924186
         102 0.003032208534
         103 0.006322842779
         104 0.01501938147
         105 0.06419071764
         106 0.07214134773
         107 0.06768895913
         108 0.1128274611
         109 0.1130913186
         110 0.1087429158
         111  0.085359265
         112 0.07379890446
         113 0.1352405734
         114 0.04921919387
         115 0.04632324069
         116 0.05823256585
         117 0.02414518555
         118 0.06685662126
         119 0.1498453577
         120 0.1575778395
         121 0.1715835851
         122 0.1092691465
         123 0.1836006333
         124 0.2683442983
         125 0.2957275081
         126 0.2787394324
         127 0.1676659784
         128 0.1679861943
         129 0.07767011184
         130 0.08937087583
         131 0.1474681116
         132 0.1345632719
         133 0.1171702839
         134  0.166642682
         135 0.3104418871
         136 0.3077513578
         137 0.6639595214
         138 0.9945187314
         139  0.973281183
         140  1.147730623
         141  0.831941612
         142  0.491351503
         143 0.2591099363
         144 0.1556922033
         145 0.1056714042
         146 0.07840175289
         147 0.03626228312
         148 0.03515964681
         149 0.01194248779
         150 0.01204608598
         151 0.01319659242
         152 0.009221665833
         153 0.03600518117
         154  0.041879801
         155 0.01075091036
         156 0.01591286546
         157 0.0105458475
         158 0.03619338279
         159 0.01083445045
         160 0.02542886554
         161 0.0068611195
         162 0.02330203857
         163 0.02450442396
         164 0.02023014229
         165 0.01358863688
         166 0.01093602978
         167 0.06362858798
         168 0.06852166449
         169 0.08320228674
         170 0.07273675153
         171 0.08437711863
         172 0.1000606883
         173 0.07729879449
         174 0.1922325583
         175 0.08595356103
         176 0.1190229034
         177 0.07332282377
         178 0.1234153119
         179 0.06841391601
         180 0.02055802079
         181 0.1168045162
         182 0.1414629119
         183 0.0532715078
         184 0.04928835627
         185 0.02799810191
         186 0.07482008444
         187 0.1213282901
         188 0.1307009332
         189 0.01625588978
         190 0.02139072187
         191 0.04690282791
         192 0.02092070592
         193 0.01785009265
         194 0.04718258347
         195 0.02002977533
         196 0.01500805141
         197 0.02888807352
         198 0.05938781468
         199 0.02138188059
         200 0.1691140636
         201 0.1381875673
         202 0.1177504745
         203 0.06531975421
         204   0.06756743
         205 0.07361162536
         206 0.2202912119
         207 0.08953877854
         208 0.06578990196
         209 0.1135526163
         210 0.1200173757
         211 0.05666465354
         212 0.09687138587
         213 0.03832042468
         214 0.04421035648
         215 0.01631155757
         216 0.06011093483
         217 0.0202803173
         218 0.006385991589
         219 0.007982638039
         220 0.03426742504
         221 0.08207986748
         222 0.02013168961
         223 0.06513679873
         224 0.01119650786
         225 0.04434403343
         226 0.02438581204
         227 0.01947645287
         228 0.07411955655
         229 0.0440944869
         230 0.02943638325
         231 0.08561084811
         232 0.03082297744
         233 0.04228229524
         234 0.02182635824
         235 0.02900922969
         236 0.02659564455
         237 0.04858523316
         238 0.02104971857
         239 0.07014522188
         240 0.05402857451
         241 0.03627398723
         242 0.04385131782
         243 0.02367241897
         244 0.02152268675
         245 0.01989244593
         246 0.02727874072
         247 0.01579753225
         248 0.0167136368
         249 0.02675784764
         250 0.04919816485
         251 0.04451661709
         252 0.09753427611
         253 0.06772627332
         254 0.0775694205
         255 0.04445165379
         256 0.02365751003
         257 0.009072458064
         258 0.01038505805
         259 0.03934558945
         260 0.07026380584
         261 0.03988727311
         262 0.005266528494
         263 0.01559171767
         264 0.00447703205
         265 0.006614897302
         266 0.03986458657
         267 0.02076927299
         268 0.02924237825
         269 0.05468055244
         270 0.1037546994
         271 0.1365536246
         272 0.1928131804
         273 0.3577138022
         274  0.404866979
         275 0.4606808746
         276 0.3820445956
         277   0.42754998
         278 0.1442801466
         279 0.3314958728
         280 0.09792743662
         281 0.0978335992
         282 0.0819488227
         283 0.04942721962
         284 0.01755021025
         285 0.0190538688
         286 0.01535909921
         287 0.01552811715
         288 0.03243184386
         289 0.02910109835
         290 0.01328835959
         291 0.01744309735
         292 0.07354631907
         293 0.2544834694
         294  0.215083704
         295 0.2471539474
         296 0.3930049225
         297  0.470673687
         298 0.6177903605
         299 0.4738027428
         300 0.5370466076
         301 0.5767627671
         302 0.5852972423
         303 0.3326467507
         304 0.2823647348
         305 0.1899226631
         306 0.09755481385
         307 0.05590212256
         308 0.04825920901
         309 0.03748305635
         310 0.04193368037
         311 0.01746816924
         312 0.01304871857
         313 0.003490464438
         314 0.02163682637
         315 0.005563440334
         316 0.01069320848
         317 0.0202013818
         318 0.06167908899
         319 0.0338043864
         320 0.06395831755
         321 0.01081402397
         322 0.02026458218
         323 0.02276824295
         324 0.08285763308
         325 0.1394963638
         326 0.08484301026
         327 0.1692606292
         328 0.1959308975
         329 0.2302095822
         330 0.1516996906
         331 0.1285090785
         332 0.06498186826
         333 0.01188819778
         334 0.04454586559
         335 0.01281648114
         336 0.01734927795
         337 0.01326084414
         338 0.05273494824
         339 0.06541220444
         340 0.04650776465
         341 0.02636472383
         342 0.05088071329
         343 0.04009557329
         344 0.01519525764
         345 0.03759805205
         346 0.1184777767
         347 0.06047052655
         348 0.04213076066
         349 0.06445662626
         350 0.05988247612
         351 0.05383275307
         352 0.1019798521
         353 0.04791677661
         354 0.0406699007
         355 0.02165237929
         356 0.01004810914
         357 0.1027459849
         358 0.06971301317
         359 0.07590500088
         360 0.05223085642
         361 0.01314729541
         362 0.04265953507
         363 0.02345034013
         364 0.0190818381
         365 0.04636342571
         366 0.04724114199
         367 0.02695730665
         368 0.04740886052
         369 0.03402813719
         370 0.01082994555
         371 0.005664770357
         372 0.01650971006
         373  0.025209396
         374 0.03068883979
         375 0.05701299221
         376 0.1157149113
         377  0.131052584
         378 0.2614915007
         379 0.2942644572
         380  0.444181558
         381 0.3536376896
         382 0.4064784717
         383 0.3572793233
         384 0.3353492508
         385 0.1628431745
         386 0.1233561208
         387 0.1594506081
         388 0.03553673838
         389 0.02619702452
         390 0.03016405249
         391 0.01251575472
         392 0.00380304648
         393 0.005836676147
         394 0.02404209948
         395 0.008451787496
         396 0.01145723675
         397 0.01305181969
         398 0.01572273945
         399  0.034789637
         400 0.03543879506
         401 0.05935768086
         402 0.1245083232
         403 0.1050113769
         404 0.1200829194
         405 0.0890919305
         406 0.1313955588
         407 0.1222924428
         408 0.08749463762
         409 0.06226928754
         410 0.08478511752
         411 0.02893242667
         412 0.03260396456
         413 0.01231041551
         414 0.02721403474
         415 0.02617995732
         416 0.01518831515
         417 0.03924913523
         418 0.01203650808
         419 0.06695597459
         420 0.01148833831
         421 0.08763207528
         422    0.1199714
         423 0.1167781166
         424 0.1397833656
         425 0.2726315292
         426 0.4455650321
         427 0.5351568722
         428 0.8812596526
         429  0.838899142
         430 0.7309601354
         431 0.7538285246
         432 0.4616687723
         433 0.1802391456
         434 0.09572433696
         435 0.1415304555
         436 0.05892614343
         437 0.03475501422
         438 0.05733647869
         439 0.01867966309
         440 0.03025625936
         441 0.08906699426
         442 0.1687527559
         443 0.2062273039
         444 0.08987259645
         445 0.1677046869
         446 0.1083856139
         447 0.0560304677
         448 0.04247322234
         449 0.009573003009
         450 0.004163517564
         451 0.03354141129
         452 0.004152154712
         453 0.01910512108
         454 0.03053553022
         455 0.0323192616
         456 0.03646966243
         457 0.00682062558
         458 0.04167468369
         459 0.02568838618
         460 0.0654911833
         461 0.03223455042
         462 0.1951389106
         463  0.133151847
         464 0.2379623012
         465 0.1701956833
         466 0.08805439892
         467 0.04018857213
         468 0.04021507288
         469 0.08355448522
         470 0.0338451297
         471 0.01291001029
         472 0.001722010622
         473 0.01338999506
         474 0.04690501372
         475 0.03615062668
         476 0.04518568439
         477 0.01600708892
         478 0.01825976243
         479 0.01711243631
         480 0.01955495662
         481 0.03032217212
         482 0.05382898141
         483 0.03143579546
         484 0.03395942678
         485 0.04205735286
         486 0.01748946651
         487 0.06929261395
         488 0.07284234025
         489 0.1513150286
         490 0.08463001505
         491 0.05715410786
         492 0.02672114057
         493 0.0335723688
         494 0.04396526133
         495 0.05800634294
         496 0.05080442341
         497 0.01824746749
         498 0.02466108786
         499 0.06050001873
         500 0.0537658464
         501 0.06885805512
         502 0.09845768833
         503 0.1246864237
         504 0.1227735879
         505 0.2322529805
         506  0.101185486
         507 0.1130399403
         508 0.1234001324
         509  0.153854978
         510 0.0798893515
         511 0.05413156817
         512 0.07743520204
         513 0.05743369965
         514 0.03616137415
         515 0.02234421987
         516 0.006652014807
         517 0.002467830703
         518 0.01209223126
         519 0.01391721815
         520 0.01617909787
         521 0.07091757681
         522 0.01217720733
         523 0.01872055941
         524 0.01007796654
         525 0.04441555151
         526 0.06412822846
         527 0.03500405719
         528 0.05481770935
         529 0.0840551308
         530 0.01297151849
         531 0.03123623175
         532 0.02987920976
         533 0.09205047592
         534 0.03283161404
         535 0.04210589763
         536 0.0460062673
         537 0.03532183425
         538 0.08104210435
         539 0.03197936294
         540 0.06869772311
         541 0.1785231399
         542 0.08778910237
         543 0.06280567232
         544 0.1004697011
         545 0.1071989389
         546 0.07605520238
         547 0.1344600369
         548 0.08215110257
         549 0.06944068844
         550 0.02584573909
         551 0.01450142291
         552 0.05288035523
         553 0.08579183118
         554 0.09340923639
         555 0.1807250213
         556 0.1174878047
         557 0.07500809445
         558 0.04599308195
         559 0.05614137117
         560 0.04823470177
         561 0.03237974808
         562 0.01504335907
         563 0.03598586462
         564 0.007899277083
         565 0.05873620007
         566 0.05263518938
         567 0.05466234672
         568 0.05407350524
         569 0.03948963206
         570 0.07869469768
         571 0.05798187332
         572 0.06367834636
         573 0.06690770069
         574 0.03618741942
         575 0.02450134947
         576 0.03174907257
         577 0.04763202304
         578 0.01657644875
         579 0.0453407528
         580 0.02340345914
         581 0.05912804762
         582 0.09175597735
         583 0.01722797462
         584 0.04603018765
         585 0.05057500008
         586 0.06928477194
         587 0.05475840775
         588 0.07251363508
         589 0.05847496824
         590 0.02412979804
         591 0.01453691004
         592 0.07021139189
         593 0.07848818539
         594 0.09222521368
         595 0.03871297438
         596 0.1377715314
         597 0.1086811585
         598 0.07365632827
         599 0.05465482826
         600 0.03995892341
         601  0.028797804
         602 0.01985494989
         603 0.05423450869
         604 0.03254268739
         605 0.007296254846
         606 0.01649894821
         607 0.02499382148
         608 0.05517068477
         609 0.1109640956
         610   0.10658324
         611 0.1194900872
         612 0.07624723154
         613 0.08307670519
         614 0.1126695596
         615 0.1450444564
         616 0.0529230762
         617 0.08377066521
         618 0.0646195254
         619 0.07669435922
         620 0.02207279813
         621 0.02301204157
         622 0.04507812899
         623 0.05239576934
         624 0.07262308477
         625 0.04006052242
         626 0.06018343914
         627 0.08064877765
         628 0.04813059773
         629 0.04097126781
         630 0.06250540971
         631 0.09873267098
         632 0.1079472049
         633 0.07456428447
         634 0.04213878749
         635 0.01714354446
         636 0.05809899348
         637 0.02814427551
         638 0.04771716752
         639 0.1052354592
         640 0.1076872329
         641 0.08616105566
         642 0.08267411979
         643 0.01605816233
         644 0.02554305112
         645 0.05318262046
         646 0.02343100187
         647 0.0355737832
         648 0.05953122537
         649  0.110900236
         650 0.07921254102
         651 0.05760055863
         652 0.07581786972
         653 0.02431813541
         654 0.006439023811
         655 0.03940008775
         656 0.004859365076
         657 0.002731798637
         658 0.005917343266
         659 0.03826134439
         660  0.137460843
         661  0.404734119
         662 0.9784933985
         663  1.563255804
         664  2.366820194
         665  1.353927754
         666 0.5758287986
         667 0.1778092782
         668  0.078550642
         669 0.01534050336
         670 0.006287821091
         671 0.01791604226
         672 0.006193473381
         673 0.06524190664
         674 0.05266553236
         675 0.05322719804
         676 0.1327254362
         677 0.1017809705
         678 0.1788305671
         679  0.126345193
         680 0.05726804339
         681 0.03596581484
         682 0.007389962855
         683 0.07427103978
         684 0.04640668971
         685 0.09642980849
         686 0.08464221854
         687 0.1062217171
         688 0.09991051581
         689  0.154705077
         690 0.1539860199
         691 0.05222291438
         692 0.03494162801
         693 0.02603094097
         694 0.01103968885
         695 0.001868832048
         696 0.01549367772
         697 0.01091638385
         698 0.008668515226
         699 0.02262084255
         700 0.04886506502
         701 0.03811421179
         702 0.03275431916
         703 0.02973845335
         704 0.01535786519
         705 0.03475595608
         706 0.002683744119
         707 0.01183479268
         708 0.007564425595
         709 0.001635115125
         710 0.005607685004
         711 0.02234931595
         712 0.03280339031
         713 0.009015934027
         714 0.01599191117
         715 0.03188563817
         716 0.1049431649
         717 0.1032225937
         718 0.08549085053
         719 0.06778062132
         720 0.03392371189
         721 0.03750080965
         722 0.06498772598
         723 0.08282260109
         724 0.01977955109
         725 0.03858745321
         726 0.05962046486
         727 0.1644762293
         728 0.1038612504
         729 0.0354157871
         730  0.010080126
         731 0.0565727449
         732 0.07332708517
         733 0.0185319811
         734 0.003277262707
         735 0.01982615539
         736 0.09110252908
         737 0.01518184159
         738 0.007566838496
         739 0.0310615532
         740 0.01903538069
         741 0.01355452599
         742 0.01979364992
         743 0.02045821704
         744 0.01707465706
         745 0.01102956307
         746 0.002852764695
         747 0.02204905577
         748 0.002430958333
         749 0.01317861288
         750 0.008184441586
         751 0.0004157621677
         752 0.01251034569
         753 0.08032795737
         754 0.02173140155
         755 0.01558421339
         756 0.008126318614
         757 0.008321192321
         758 0.02071064094
         759 0.02307106315
         760 0.08207429999
         761 0.02481563663
         762 0.04937180795
         763 0.06172360866
         764 0.01456478807
         765 0.005557407201
         766 0.009429829034
         767 0.02384130441
         768 0.009692829869
         769 0.01840243702
         770 0.008313386339
         771 0.003530671544
         772 0.01133995599
         773 0.009806592873
         774 0.01960395406
         775 0.02670179575
         776 0.06221250576
         777 0.01765637029
         778 0.02067164852
         779 0.04909395223
         780 0.02792467552
         781 0.05712113158
         782 0.09584923564
         783 0.1010724979
         784   0.12776251
         785 0.1789957136
         786 0.1657248872
         787 0.08378216297
         788 0.04669006129
         789 0.05545969336
         790 0.05060052409
         791 0.05786865922
         792 0.1094437326
         793 0.0205203382
         794 0.009304485113
         795 0.001429335209
         796 0.01932672755
         797 0.03091733164
         798 0.01405982382
         799 0.01475609845
         800 0.008335054965
         801 0.003056629603
         802 0.01038547249
         803 0.007344590592
         804 0.01037080432
         805 0.04233915952
         806 0.01930383474
         807 0.002465321611
         808 0.01123469223
         809 0.01556785183
         810 0.008356166316
         811 0.006851086408
         812 0.009298262608
         813 0.04780360223
         814 0.03120135318
         815 0.03591397367
         816 0.01268687106
         817 0.003018345238
         818 0.008188358754
         819 0.01207065153
         820 0.03152083237
         821 0.006170207479
         822 0.002235858772
         823 0.0006782085771
         824 0.007906035671
         825 0.09759435049
         826 0.01947188858
         827 0.08875196165
         828 0.07677820319
         829 0.03006270143
         830 0.02578649844
         831 0.01558446765
         832 0.05085836012
         833 0.01235706664
         834 0.01511976292
         835 0.02401519195
         836 0.06534803223
         837 0.0391671161
         838 0.01758502266
         839 0.007823299439
         840 0.02269894499
         841 0.03153277817
         842 0.009379929445
         843 0.01487789932
         844 0.04109418315
         845 0.06192987351
         846 0.07528161421
         847 0.01271125643
         848 0.05305492621
         849 0.02569883936
         850 0.03628677908
         851 0.02631501006
         852 0.04596997956
         853 0.02445736423
         854 0.04898483157
         855 0.0479521426
         856 0.06722571479
         857 0.1535600867
         858 0.1461056176
         859 0.1689501658
         860 0.2076208883
         861 0.1837288672
         862 0.1671721279
         863 0.1674554848
         864 0.2204953624
         865 0.2431502664
         866 0.08992510583
         867 0.03879740536
         868 0.01444201717
         869 0.007192054493
         870 0.003918293831
         871 0.004587226413
         872 0.003727687252
         873 0.02706991007
         874 0.02998825682
         875 0.01644295427
         876 0.02151262689
         877 0.05655505745
         878 0.04912928489
         879 0.08281429003
         880 0.04716654817
         881 0.003620177741
         882 0.007841033464
         883 0.02226900814
         884 0.02199889805
         885 0.05137046723
         886 0.04647164478
         887 0.01931395796
         888 0.01681327866
         889 0.04596872679
         890 0.0485539955
         891 0.02230331613
         892 0.0488571145
         893 0.02259698084
         894 0.0150927075
         895 0.04106030652
         896 0.01286600995
         897 0.004176757345
         898 0.01242287323
         899 0.01605268925
         900 0.003406100227
         901 0.005768544896
         902 0.05095441802
         903 0.05672072465
         904 0.09068190287
         905 0.04501890357
         906 0.01557700733
         907 0.01272298634
         908 0.0114563092
         909 0.005427906522
         910 0.02392000791
         911 0.01703342644
         912 0.003845555183
         913 0.01530601202
         914 0.02522047599
         915 0.03573481441
         916 0.06717188853
         917 0.0261607708
         918 0.04992590784
         919 0.009193289535
         920 0.01513760183
         921 0.02217843461
         922 0.003430519755
         923 0.008183824743
         924 0.0246197261
         925 0.006679272543
         926 0.01278221598
         927 0.02109007127
         928 0.03320547465
         929 0.01983156557
         930 0.02597076959
         931 0.0109030966
         932 0.01263922281
         933 0.005326644538
         934 0.01142946921
         935 0.006839690036
         936 0.02616941379
         937 0.01205311061
         938 0.02204011417
         939 0.02182406388
         940  0.049917893
         941 0.05102854689
         942 0.005659602853
         943 0.01618883496
         944 0.01945653015
         945 0.00308842269
         946  0.029392164
         947 0.004407897786
         948 0.002255250581
         949 0.007414410971
         950 0.01063824931
         951 0.02570561836
         952 0.006425674004
         953 0.03363867949
         954 0.05174092666
         955 0.02048960487
         956 0.06666228361
         957 0.03681261392
         958 0.05200753266
         959 0.002601127056
         960 0.005858213157
         961 0.003666569946
         962 0.006107036016
         963 0.05989429329
         964 0.1336587972
         965 0.1208424768
         966 0.03711541257
         967 0.02469616263
         968 0.01559185267
         969 0.01659154933
         970 0.08704158739
         971  0.126925004
         972 0.03532663926
         973 0.04879535467
         974 0.02505509145
         975 0.0281401688
         976 0.05541044919
         977 0.03181390843
         978 0.08678560323
         979 0.05027559888
         980 0.06690332437
         981 0.03384874637
         982 0.0213919844
         983 0.09575041402
         984 0.0898828073
         985 0.1747243398
         986 0.06597351083
         987 0.08048706245
         988 0.008893229163
         989 0.03302511193
         990 0.0188596986
         991 0.0405352451
         992 0.005843471046
         993 0.01913882084
         994 0.01034478888
         995 0.02733914824
         996 0.01901722318
         997 0.05015611454
         998 0.02737193202
         999 0.01045738751
