 0 0.09800861644
 1 0.1736467653
 2 0.1565063943
 3 0.1545525084
 4 0.1473647561
 5 0.1707453363
 6 0.1303865988
 7 0.1856549546
 8 0.2110843321
 9 0.22847412
 10 0.1842179951
 11 0.1400344305
 12 0.1553199942
 13 0.08637435064
 14 0.1334980205
 15 0.05282004614
 16 0.1311758944
 17 0.1292875778
 18 0.08974450074
 19 0.09721969452
 20 0.1444566519
 21 0.08309062201
 22 0.03719555132
 23 0.008330602237
 24 0.009136397552
 25 0.005799547658
 26 0.003772850594
 27 0.002952552997
 28 0.004784365903
 29 0.004569380995
 30 0.03144289288
 31 0.02196481641
 32 0.03049092942
 33 0.006039821221
 34 0.03015769992
 35 0.0242050821
 36 0.01487215026
 37 0.01201010529
 38 0.007730650508
 39 0.001220611691
 40 0.004208770187
 41 0.005888864921
 42 0.01842028284
 43 0.02356996608
 44 0.02536057214
 45 0.03360660851
 46 0.0387786961
 47 0.03755971113
 48 0.06182987013
 49 0.04545179432
 50 0.03946805436
 51 0.01303820079
 52 0.005836288364
 53 0.002433764094
 54 0.001161061109
 55 0.01290608648
 56 0.04452688765
 57 0.01386529349
 58 0.01118846448
 59 0.006469260083
 60 0.003995590969
 61 0.0002963253856
 62 0.0008758178156
 63 0.002510240304
 64 0.0036691392
 65 0.0009339172363
 66 0.001183337718
 67 0.01894266674
 68 0.01371301478
 69 0.02707830611
 70 0.02992178637
 71 0.04463907092
 72 0.0494484267
 73 0.02344757192
 74 0.01059842672
 75 0.002328740997
 76 0.002368196332
 77 0.00733364707
 78 0.002398219428
 79 0.001284825081
 80 0.007646183264
 81 0.02627901799
 82 0.03469301342
 83 0.03934792536
 84 0.02802725715
 85 0.0225865924
 86 0.03007568984
 87 0.02358336705
 88 0.02222360268
 89 0.02847715597
 90 0.03020831138
 91 0.03657882755
 92 0.0631077588
 93 0.02532541116
 94 0.02801115039
 95 0.03667325251
 96 0.004307151942
 97 0.003955273034
 98 0.01862833668
 99 0.01016376164
 100 0.004860459071
 101 0.007201585193
 102 0.005070720527
 103 0.003212252023
 104 0.001041716682
 105 0.0007953103747
 106 0.004558217434
 107 0.006042758437
 108 0.0424086103
 109 0.02036862827
 110 0.03787649939
 111 0.02218345433
 112 0.02000237391
 113 0.02522898691
 114 0.04207613736
 115 0.01947626319
 116 0.01143398796
 117 0.01466120171
 118 0.01149660481
 119 0.03123546109
 120 0.0257447955
 121 0.03420156995
 122 0.03383170485
 123 0.03575984161
 124 0.03768536131
 125 0.02512246629
 126 0.01475562042
 127 0.01220301876
 128 0.02497390144
 129 0.02432540037
 130 0.02855596804
 131 0.0332505802
 132 0.06400403151
 133 0.06536272132
 134 0.06224460963
 135 0.09503340208
 136 0.07282255346
 137 0.1385328137
 138 0.1046101062
 139 0.1237067073
 140 0.0663690211
 141 0.02068822067
 142 0.04068654115
 143 0.008162443906
 144 0.01446272194
 145 0.006493618042
 146 0.005923038493
 147 0.006804771141
 148 0.04823781668
 149 0.07085867336
 150 0.01916737502
 151 0.05067461053
 152 0.05511001745
 153 0.02013465277
 154 0.01549307904
 155 0.03403148921
 156 0.04063758795
 157 0.06666900611
 158 0.1038034321
 159 0.1265779263
 160 0.2129496374
 161 0.1808494328
 162 0.1136988085
 163 0.08641440563
 164 0.04358088941
 165 0.0381746476
 166 0.02550498887
 167 0.01046033024
 168 0.005086469181
 169 0.01059969018
 170 0.02830314123
 171 0.07159321351
 172 0.1879061023
 173 0.3762238477
 174 0.680044555
 175 1.178936994
 176 1.43949982
 177 1.274104526
 178 1.072691534
 179 0.7490717453
 180 0.3591854075
 181 0.1467698663
 182 0.06537086838
 183 0.03154671131
 184 0.01461822056
 185 0.005847163477
 186 0.03327032822
 187 0.1234738065
 188 0.08622023803
 189 0.0758348433
 190 0.06114547358
 191 0.02294564178
 192 0.004625263377
 193 0.002208437316
 194 0.005140283266
 195 0.03313661422
 196 0.004445199495
 197 0.02906977724
 198 0.01484385955
 199 0.01896414271
 200 0.02806487736
 201 0.06131529541
 202 0.0494650928
 203 0.04168452694
 204 0.02687355171
 205 0.02310592593
 206 0.04309646751
 207 0.03221786822
 208 0.03245335438
 209 0.05047427828
 210 0.1364478922
 211 0.1123376508
 212 0.1237660356
 213 0.06327193502
 214 0.06797675579
 215 0.04565809562
 216 0.05551192699
 217 0.04688784643
 218 0.06757002427
 219 0.03694733843
 220 0.01065344702
 221 0.00739711071
 222 0.003909884117
 223 0.009036294874
 224 0.00381375477
 225 0.00322503604
 226 0.005148800351
 227 0.0125911105
 228 0.006766492333
 229 0.009070437221
 230 0.006799941059
 231 0.02288649917
 232 0.007217095008
 233 0.004423012864
 234 0.001077551482
 235 0.01252995358
 236 0.02298216612
 237 0.009965706258
 238 0.003572087662
 239 0.01748587353
 240 0.02608398986
 241 0.03081394625
 242 0.04655704533
 243 0.03092057386
 244 0.01982944788
 245 0.02383483118
 246 0.06001410176
 247 0.04262580124
 248 0.02161182393
 249 0.01542806256
 250 0.01744216475
 251 0.006599894948
 252 0.02227512184
 253 0.005124590194
 254 0.02361441894
 255 0.006622873013
 256 0.0161840976
 257 0.006139260257
 258 0.01383332491
 259 0.00534486991
 260 0.01208103731
 261 0.0174935946
 262 0.01940677212
 263 0.006268740533
 264 0.01123270922
 265 0.006886594473
 266 0.006916693715
 267 0.01598720793
 268 0.04146825869
 269 0.1104061946
 270 0.1637260248
 271 0.2302156511
 272 0.2382087266
 273 0.2596336787
 274 0.3154793303
 275 0.3680593463
 276 0.2788332095
 277 0.1831935764
 278 0.09941747692
 279 0.1021779676
 280 0.05416323321
 281 0.03684888317
 282 0.02919129632
 283 0.02657245229
 284 0.03076553518
 285 0.0244043906
 286 0.03577238928
 287 0.06344083265
 288 0.03172819824
 289 0.02975149973
 290 0.04787532418
 291 0.04239531819
 292 0.04827606906
 293 0.007172976739
 294 0.005894239036
 295 0.000992690806
 296 0.001393007419
 297 0.01055711925
 298 0.01018866077
 299 0.0180199688
 300 0.01032481592
 301 0.0154022669
 302 0.03164274175
 303 0.03268795368
 304 0.02966368219
 305 0.05711971802
 306 0.03202595396
 307 0.08812482187
 308 0.04612443096
 309 0.03758442113
 310 0.02312271433
 311 0.03557571958
 312 0.03312341426
 313 0.04278636323
 314 0.08485160094
 315 0.08288289978
 316 0.0896035869
 317 0.09152993494
 318 0.1057840407
 319 0.06451513943
 320 0.01759849407
 321 0.004571745198
 322 0.002259074235
 323 0.005473938323
 324 0.001648813236
 325 0.006932405129
 326 0.01106099605
 327 0.03855328414
 328 0.05598644099
 329 0.08022478824
 330 0.05493682073
 331 0.1089882484
 332 0.05557887649
 333 0.1012048662
 334 0.03253199768
 335 0.02059979657
 336 0.01301116496
 337 0.002219444709
 338 0.009536406894
 339 0.006087081026
 340 0.02895712347
 341 0.04263876029
 342 0.05192400418
 343 0.0831474722
 344 0.1273755068
 345 0.07354641815
 346 0.06893672275
 347 0.06741283903
 348 0.05830202787
 349 0.08842599685
 350 0.1599747536
 351 0.1869830511
 352 0.2845107283
 353 0.2338853773
 354 0.314223485
 355 0.4492653505
 356 0.3762072023
 357 0.3637250248
 358 0.3130330255
 359 0.1790264693
 360 0.1123686025
 361 0.1370899334
 362 0.1222368942
 363 0.04522255918
 364 0.009932758157
 365 0.01070279893
 366 0.01730300971
 367 0.01568524099
 368 0.002688076748
 369 0.01320065165
 370 0.0159177368
 371 0.003226417736
 372 0.009059589487
 373 0.0264131813
 374 0.02509682099
 375 0.05877401391
 376 0.0545722903
 377 0.07640188118
 378 0.08519737478
 379 0.04140277271
 380 0.03896354218
 381 0.04669338607
 382 0.0281858635
 383 0.02551270583
 384 0.06920693896
 385 0.08189513405
 386 0.1285028666
 387 0.1116363401
 388 0.09682814906
 389 0.0784869043
 390 0.08508125717
 391 0.04994949596
 392 0.02542939881
 393 0.01742407833
 394 0.02954983725
 395 0.0564562119
 396 0.0527095541
 397 0.08433701595
 398 0.1599324567
 399 0.2371147453
 400 0.2077138111
 401 0.2475468397
 402 0.2774303828
 403 0.2134270692
 404 0.3465848378
 405 0.2826840826
 406 0.1739199433
 407 0.1100834264
 408 0.06916527831
 409 0.04613592373
 410 0.08078385734
 411 0.1640712872
 412 0.1615465497
 413 0.2545547798
 414 0.2525271843
 415 0.2507077209
 416 0.1456542049
 417 0.08444396202
 418 0.04196122966
 419 0.03287056095
 420 0.03042545874
 421 0.01920212539
 422 0.002535493444
 423 0.005785704829
 424 0.01049256416
 425 0.03078581091
 426 0.04250636412
 427 0.06301807184
 428 0.06140416429
 429 0.05155326718
 430 0.03707810039
 431 0.06159000656
 432 0.01109237342
 433 0.01072650229
 434 0.01572452034
 435 0.01947375204
 436 0.01537198829
 437 0.02979972005
 438 0.03534985056
 439 0.02777495664
 440 0.05975636805
 441 0.06067349182
 442 0.03553466181
 443 0.03069886496
 444 0.04294542675
 445 0.0124577221
 446 0.01429108964
 447 0.01801794078
 448 0.03514005058
 449 0.01678813545
 450 0.01511168053
 451 0.01867003824
 452 0.007922443853
 453 0.01097874419
 454 0.06079728779
 455 0.03194811434
 456 0.08057317593
 457 0.04693806002
 458 0.0433254858
 459 0.02106837701
 460 0.005699792067
 461 0.02657839203
 462 0.01342769001
 463 0.01839731309
 464 0.007765526559
 465 0.01363782172
 466 0.01430920742
 467 0.04784393411
 468 0.02634565519
 469 0.02657135902
 470 0.02935480595
 471 0.05027016797
 472 0.08794500125
 473 0.1237271667
 474 0.1129763622
 475 0.08120927048
 476 0.08413873652
 477 0.03193466082
 478 0.0253028046
 479 0.02343971467
 480 0.009862172933
 481 0.01200139537
 482 0.02942422881
 483 0.08996474863
 484 0.04591110637
 485 0.04063103916
 486 0.04040419244
 487 0.02751500853
 488 0.007348247061
 489 0.003186907354
 490 0.01255938509
 491 0.02299137145
 492 0.001857133985
 493 0.009707385052
 494 0.003041106608
 495 0.01014713115
 496 0.0359816647
 497 0.05483722263
 498 0.002109019366
 499 0.0002866060885
 500 0.0007204519273
 501 0.006043616894
 502 0.004513948038
 503 0.00338134513
 504 0.003182344702
 505 0.003549569084
 506 0.02323427375
 507 0.017925198
 508 0.03802148848
 509 0.06458582597
 510 0.05352471864
 511 0.05145604087
 512 0.03580233615
 513 0.04494937758
 514 0.04956204573
 515 0.05131919966
 516 0.06032166764
 517 0.02298195413
 518 0.0376880247
 519 0.03280300529
 520 0.01497606287
 521 0.02883373953
 522 0.04184780975
 523 0.08114334302
 524 0.07619161229
 525 0.0706972361
 526 0.05906795665
 527 0.08756992954
 528 0.07257896091
 529 0.04753633434
 530 0.03197672386
 531 0.01605019883
 532 0.02428839665
 533 0.05506608595
 534 0.06564804806
 535 0.09367445837
 536 0.173150821
 537 0.1082692308
 538 0.02702359969
 539 0.02561036698
 540 0.002383656293
 541 0.01986509767
 542 0.003605515078
 543 0.02624629744
 544 0.004048183987
 545 0.00517892758
 546 0.01386296366
 547 0.04524773774
 548 0.009014537933
 549 0.0003982399755
 550 0.01883071857
 551 0.01478981959
 552 0.005402741282
 553 0.004333760756
 554 0.001983783251
 555 0.01392846036
 556 0.03407597697
 557 0.005417211299
 558 0.01199241676
 559 0.02285198468
 560 0.01832827927
 561 0.03880703727
 562 0.06685208187
 563 0.03250782513
 564 0.07993389586
 565 0.01666641604
 566 0.03119497528
 567 0.01480767514
 568 0.02604883209
 569 0.02269110592
 570 0.05496250964
 571 0.04899575536
 572 0.07522005105
 573 0.09546329363
 574 0.06667388591
 575 0.09168446736
 576 0.03768830743
 577 0.05300910561
 578 0.113152693
 579 0.2658523087
 580 0.3620879934
 581 0.381179196
 582 0.5150969157
 583 0.4311716338
 584 0.4344885109
 585 0.4513606687
 586 0.3643070463
 587 0.157429538
 588 0.09469087904
 589 0.09640933343
 590 0.04232220845
 591 0.05713663957
 592 0.01223502246
 593 0.04989561901
 594 0.05382383408
 595 0.0307382346
 596 0.02332393205
 597 0.007920125986
 598 0.01186853724
 599 0.005999919598
 600 0.02360569701
 601 0.02742508544
 602 0.0437581649
 603 0.06023764072
 604 0.05019623106
 605 0.1330742989
 606 0.02881459602
 607 0.04004130769
 608 0.02767739814
 609 0.02122704768
 610 0.03632871678
 611 0.08982296541
 612 0.02209538279
 613 0.03324451448
 614 0.002333218197
 615 0.01169654186
 616 0.01450616631
 617 0.01680001883
 618 0.01816026435
 619 0.08594900453
 620 0.1144981154
 621 0.1122000606
 622 0.06075395296
 623 0.05647660196
 624 0.02268529486
 625 0.02503313076
 626 0.0726259637
 627 0.07317515786
 628 0.07158512207
 629 0.08327187697
 630 0.07664677473
 631 0.09711823734
 632 0.07691975464
 633 0.02547652845
 634 0.03435284792
 635 0.02868712025
 636 0.03239063877
 637 0.04603529155
 638 0.01197731722
 639 0.01694523092
 640 0.03143756786
 641 0.01162033654
 642 0.007347626565
 643 0.002361338001
 644 0.01562773365
 645 0.01122723033
 646 0.005726350231
 647 0.04131907422
 648 0.01739710983
 649 0.03498860431
 650 0.03251887525
 651 0.02013446558
 652 0.008833795372
 653 0.0335282447
 654 0.008205532301
 655 0.06137836461
 656 0.004248907008
 657 0.0006513235916
 658 0.001383865756
 659 0.003022560226
 660 0.003287583142
 661 0.005138365028
 662 0.01215653227
 663 0.01257818733
 664 0.009755243153
 665 0.03349241858
 666 0.003853299989
 667 0.008017517545
 668 0.003154550143
 669 0.02209750311
 670 0.01625907349
 671 0.03673863449
 672 0.07333713839
 673 0.09968989671
 674 0.06635798236
 675 0.06272787808
 676 0.03054810931
 677 0.01296178165
 678 0.002473833068
 679 0.009793757102
 680 0.005650927615
 681 0.008356421263
 682 0.01520461821
 683 0.03454588856
 684 0.04208801654
 685 0.01792977768
 686 0.01314892499
 687 0.02711539326
 688 0.01512940662
 689 0.03560537194
 690 0.03969624709
 691 0.02837170294
 692 0.01356008286
 693 0.01514283477
 694 0.02728812202
 695 0.01442186844
 696 0.01051653702
 697 0.003456360025
 698 0.008815039341
 699 0.01268746619
 700 0.009870133303
 701 0.03823725144
 702 0.02019470276
 703 0.0479074635
 704 0.03398991209
 705 0.02576278412
 706 0.01102063734
 707 0.002914388287
 708 0.01014245619
 709 0.03035162389
 710 0.05148018977
 711 0.0301982369
 712 0.039224855
 713 0.03631037233
 714 0.01606589722
 715 0.01293866568
 716 0.05258129212
 717 0.0289744068
 718 0.08604608267
 719 0.2012503913
 720 0.1786946489
 721 0.07063470728
 722 0.03920439258
 723 0.0235089761
 724 0.01088112307
 725 0.01691888546
 726 0.04575717102
 727 0.1259814193
 728 0.2489890226
 729 0.4849704755
 730 0.806835214
 731 1.035839331
 732 0.9744638216
 733 0.7683189275
 734 0.4602996259
 735 0.1403437617
 736 0.1105979718
 737 0.01878994396
 738 0.01902336678
 739 0.01495945678
 740 0.006039653069
 741 0.00707708838
 742 0.007327095029
 743 0.01453820561
 744 0.03873163683
 745 0.04302218703
 746 0.01609705671
 747 0.02462472892
 748 0.0320384806
 749 0.02127827003
 750 0.002978080053
 751 0.003330625976
 752 0.008090689998
 753 0.003286361396
 754 0.009452432138
 755 0.009043081695
 756 0.004388806976
 757 0.00903603734
 758 0.03614556024
 759 0.01951494025
 760 0.003439461153
 761 0.01464529671
 762 0.03587201873
 763 0.01002882145
 764 0.01418478518
 765 0.001034682829
 766 0.01803976827
 767 0.006448280118
 768 0.002649897131
 769 0.01206770931
 770 0.003330638474
 771 0.002867285763
 772 0.002519064979
 773 0.003790005708
 774 0.01118201561
 775 0.02988444821
 776 0.04271306668
 777 0.034860894
 778 0.02372388033
 779 0.03345081023
 780 0.02039189125
 781 0.02670106871
 782 0.03560285385
 783 0.04255965917
 784 0.04646719785
 785 0.07178538866
 786 0.07188162879
 787 0.1324542255
 788 0.1351867223
 789 0.17978113
 790 0.1372440541
 791 0.1162563615
 792 0.09714069564
 793 0.08680083743
 794 0.08782124593
 795 0.04857992754
 796 0.06631856555
 797 0.03269936732
 798 0.08025370879
 799 0.05690835964
 800 0.07646273064
 801 0.04521999823
 802 0.05417958117
 803 0.04785111331
 804 0.008875021744
 805 0.03462452608
 806 0.008387577652
 807 0.02855711177
 808 0.01183623906
 809 0.01150522346
 810 0.01898392618
 811 0.01471280766
 812 0.02435751885
 813 0.004789974797
 814 0.003184924448
 815 0.006652403752
 816 0.003504000124
 817 0.004124301889
 818 0.0009028839405
 819 0.005113799705
 820 0.001411535585
 821 0.005876326399
 822 0.01104394326
 823 0.02649856962
 824 0.01122495143
 825 0.01107243512
 826 0.01981855389
 827 0.0390674912
 828 0.04456693802
 829 0.05525097086
 830 0.04359540953
 831 0.06011382005
 832 0.1033154209
 833 0.04019024762
 834 0.0384300947
 835 0.02435352206
 836 0.01466087947
 837 0.02807216527
 838 0.02795568937
 839 0.0242237427
 840 0.05043435063
 841 0.06019043403
 842 0.07231417842
 843 0.06396853184
 844 0.03536369419
 845 0.01378803528
 846 0.01899389555
 847 0.01160101026
 848 0.01835962999
 849 0.0132138728
 850 0.009955701582
 851 0.001012341484
 852 0.001906511611
 853 0.02079523073
 854 0.008339027985
 855 0.002765134735
 856 0.01591028612
 857 0.01561029908
 858 0.0196721861
 859 0.008177441535
 860 0.01781788802
 861 0.01545895034
 862 0.006642363208
 863 0.02522604653
 864 0.06379123523
 865 0.05222967806
 866 0.03806948617
 867 0.009191098444
 868 0.02080453564
 869 0.007610101312
 870 0.02180922363
 871 0.02596151294
 872 0.1346095615
 873 0.1601023888
 874 0.2209926013
 875 0.2635132622
 876 0.1863194871
 877 0.2031895851
 878 0.2591089218
 879 0.1245688009
 880 0.09382595445
 881 0.01036447939
 882 0.0003190558428
 883 0.004560607137
 884 0.01728271705
 885 0.01847945346
 886 0.008771872257
 887 0.00857564326
 888 0.009139946375
 889 0.01649052846
 890 0.01654852191
 891 0.03133848283
 892 0.05210008266
 893 0.01968816349
 894 0.02044553488
 895 0.01794903453
 896 0.0351597715
 897 0.0528890504
 898 0.03869855609
 899 0.06595679781
 900 0.0295179186
 901 0.01092272357
 902 0.04025777553
 903 0.05500682151
 904 0.0216154422
 905 0.01419452061
 906 0.004628503085
 907 0.01390253672
 908 0.01511078733
 909 0.008679184078
 910 0.01572409429
 911 0.01479783276
 912 0.04305232788
 913 0.05775617053
 914 0.0605462447
 915 0.02530468353
 916 0.02080141213
 917 0.01531953978
 918 0.009863795117
 919 0.009718927807
 920 0.01068503116
 921 0.01337083332
 922 0.01105545203
 923 0.02263563145
 924 0.01388342803
 925 0.0120662753
 926 0.01860963645
 927 0.0236366781
 928 0.006249847601
 929 0.007243050686
 930 0.02547527473
 931 0.02550095093
 932 0.01500026991
 933 0.02108430741
 934 0.01066269696
 935 0.006977553415
 936 0.01282986825
 937 0.04675052823
 938 0.06810551928
 939 0.09316588524
 940 0.1106158897
 941 0.04824066801
 942 0.01315460594
 943 0.01016115883
 944 0.01947040824
 945 0.04831641808
 946 0.02293616972
 947 0.0227966156
 948 0.03925101777
 949 0.1074439113
 950 0.0202861438
 951 0.04713100016
 952 0.02858951557
 953 0.01794095755
 954 0.03060345263
 955 0.01753020578
 956 0.005953374692
 957 0.02825363534
 958 0.00437954828
 959 0.013516056
 960 0.01779593515
 961 0.04638667832
 962 0.08492702459
 963 0.06345781061
 964 0.06641663181
 965 0.06154797445
 966 0.03901598767
 967 0.04782790712
 968 0.02382903924
 969 0.01147181718
 970 0.01389572516
 971 0.01762836289
 972 0.03223630772
 973 0.03932075503
 974 0.0591172056
 975 0.07079363664
 976 0.04496835444
 977 0.02040371226
 978 0.003533504373
 979 0.001122302768
 980 0.001678291688
 981 0.01230161032
 982 0.03752044044
 983 0.04930375065
 984 0.03276308539
 985 0.02173306767
 986 0.03132413481
 987 0.03638942558
 988 0.0735126477
 989 0.05967774716
 990 0.06429771188
 991 0.09527892561
 992 0.1059729331
 993 0.1750039516
 994 0.1664105397
 995 0.1780610289
 996 0.15899602
 997 0.09662530004
 998 0.1121589285
 999 0.07313287061
