         180 -0.002180488998 
         181 -0.002286156144 
         182 -0.002924673926 
         183 -0.001181314996 
         184 -0.0008085335231 
         185 -0.0006081138427 
         186 0.001492441064 
         187 0.0009256460971 
         188 0.0004396484515 
         189 0.0002302670467 
         190 -0.003974359421 
         191 -0.009483967888 
         192 -0.01950910682 
         193 -0.04002539911 
         194 -0.07511139757 
         195 -0.1412049722 
         196 -0.2647274432 
         197 -0.4887324946 
         198 -0.8768289937 
         199 -1.399782194 
         200 -1.610656139 
         201 -1.375784589 
         202 -0.8500190777 
         203 -0.4730035753 
         204 -0.2550885391 
         205 -0.1362275691 
         206 -0.0721696762 
         207 -0.03853527659 
         208 -0.01863433858 
         209 -0.009034947864 
         210 -0.003722423656 
         211 0.0003682403202 
         212 0.0005248506879 
         213 0.0009584170856 
         214 0.001528724851 
         215 -0.0005894062211 
         216 -0.000808902097 
         217 -0.001164564581 
         218 -0.002922925586 
         219 -0.002294428112 
         220 -0.002171335483 
         221 -0.002388932419 
         222 -0.0008005028942 
         223 -0.0001624888063 
         224 0.0006626230741 
         225 0.001868470877 
         226 0.002146758193 
         227 0.00255196048 
         228 0.002262456761 
         229 0.001641950471 
         230 0.00115386467 
         231 -0.0002736400083 
         232 -0.000943465209 
         233 -0.001508060749 
         234 -0.002483186955 
         235 -0.002224660348 
         236 -0.001834828619 
         237 -0.001672128823 
         238 -0.0006280471732 
         239 0.0004191862656 
