         180 0.008064072455 
         181 -0.003266530105 
         182 -0.003450659306 
         183 0.007730954615 
         184 -0.00674648864 
         185 0.001250740185 
         186 0.00480858949 
         187 -0.00739268952 
         188 0.004351428048 
         189 0.002617772355 
         190 -0.01024932054 
         191 0.01572787942 
         192 -0.01971809168 
         193 0.02730987186 
         194 -0.0472856324 
         195 0.09205921408 
         196 -0.1779921658 
         197 0.3307444018 
         198 -0.5869605936 
         199  0.961110197 
         200 -1.249504332 
         201  0.961110197 
         202 -0.5869605936 
         203 0.3307444018 
         204 -0.1779921658 
         205 0.09205921408 
         206 -0.04728563239 
         207 0.02730987186 
         208 -0.01971809168 
         209 0.01572787942 
         210 -0.01024932054 
         211 0.002617772355 
         212 0.004351428047 
         213 -0.007392689521 
         214 0.00480858949 
         215 0.001250740185 
         216 -0.00674648864 
         217 0.007730954615 
         218 -0.003450659306 
         219 -0.003266530105 
         220 0.008064072456 
         221 -0.007552766781 
         222 0.002196285983 
         223 0.004627568253 
         224 -0.008208303387 
         225 0.006186844975 
         226 3.979526317e-05 
         227 -0.00626766851 
         228 0.008187001464 
         229 -0.00482600897 
         230 -0.001441747646 
         231 0.006175530486 
         232 -0.006432755832 
         233 0.002401978309 
         234 0.002902968226 
         235 -0.005766439141 
         236 0.004700831703 
         237 -0.0009502456486 
         238 -0.002383769543 
         239 0.003135537712 
