 20.4563917 
 20.46250368 
 20.4536267 
 20.4454307 
 20.44589562 
 20.45021304 
 20.45380924 
 20.45447976 
 20.45261445 
 20.45010385 
 20.44881321 
 20.44947964 
 20.45143593 
 20.45314064 
 20.44609693 
 20.45168544 
 20.4497083 
 20.44900144 
 20.45022555 
 20.45238398 
 20.45358228 
 20.45268082 
 20.45041218 
 20.4488217 
 20.44940043 
 20.45166806 
 20.45367949 
 20.45339543 
 20.45110239 
 20.44884278 
 20.44877295 
 20.45107889 
 20.44624311 
 20.45393955 
 20.45175667 
 20.44909011 
 20.44845795 
 20.450382 
 20.45312953 
 20.4541404 
 20.45242196 
 20.44957215 
 20.44826979 
 20.44973367 
 20.45260132 
 20.45418075 
 20.44580363 
 20.45751346 
 20.44079684 
 20.45730155 
 20.44436476 
 20.45402217 
 20.45440455 
 20.45165806 
 20.4490344 
 20.44913528 
 20.45169657 
 20.45400168 
 20.45368604 
 20.44371793 
 20.44819447 
 20.44893149 
 20.45987249 
 20.44727813 
 20.45229431 
 20.4511686 
 20.45248017 
 20.44872457 
 20.44696812 
 20.45576424 
 20.45447544 
 20.4427166 
 20.45454948 
 20.44558008 
 20.45037784 
 20.45362352 
 20.45072378 
 20.45811442 
 20.44603098 
 20.45398114 
 20.44397726 
 20.4563318 
