 22.30045067 
 22.28148873 
 22.27127389 
 22.27377805 
 22.25946743 
 22.25994515 
 22.27179032 
  22.2850711 
 22.27309653 
 22.26862576 
 22.26308906 
 22.26448678 
 22.27092284 
 22.27248746 
 22.28250467 
  22.2729974 
 22.26237728 
 22.25458399 
 22.27104935 
 22.27981925 
 22.28151309 
 22.27470122 
 22.25705769 
 22.26104285 
 22.26847134 
 22.27945137 
 22.28288354 
 22.26762651 
 22.26568085 
 22.26143566 
 22.26660698 
 22.27753735 
 22.27611226 
 22.27776157 
 22.25827134 
 22.26097359 
 22.26542018 
 22.27668084 
  22.2834117 
 22.27906081 
 22.26035246 
 22.26034325 
 22.26381235 
 22.27546699 
 22.28366504 
 22.27273211 
 22.26912439 
 22.25285382 
 22.27236416 
 22.26982805 
 22.28200099 
 22.26663784 
 22.27644711 
 22.25493203 
 22.26698074 
 22.27178574 
 22.28324849 
 22.27555433 
  22.2661915 
 22.26400481 
 22.26307747 
 22.27072917 
 22.27930382 
 22.27319169 
 22.26836788 
 22.27057796 
 22.26786404 
 22.27652752 
 22.26567319 
 22.28154571 
 22.26914207 
 22.26707589 
 22.25889528 
 22.27064583 
 22.29285149 
 22.26909244 
 22.26177463 
 22.27035732 
 22.26114837 
 22.27180717 
 22.28666712 
 22.26439285 
 22.27409398 
