         180 0.007446477534 
         181 -0.007081448151 
         182 0.001897712116 
         183 0.005455176452 
         184 -0.009273163053 
         185 0.006820929822 
         186 0.0007003184758 
         187 -0.00872482906 
         188 0.01095281416 
         189 -0.006557580422 
         190 -0.002622812484 
         191 0.009183739607 
         192 -0.008275864315 
         193 -0.001524903328 
         194 0.01787780071 
         195 -0.03669408628 
         196 0.06302324668 
         197 -0.1127861975 
         198   0.22635085 
         199  -0.46289416 
         200 0.7908537063 
         201  -0.46289416 
         202   0.22635085 
         203 -0.1127861975 
         204 0.06302324668 
         205 -0.03669408628 
         206 0.01787780071 
         207 -0.001524903327 
         208 -0.008275864316 
         209 0.009183739607 
         210 -0.002622812485 
         211 -0.006557580421 
         212 0.01095281416 
         213 -0.00872482906 
         214 0.0007003184755 
         215 0.006820929822 
         216 -0.009273163053 
         217 0.005455176452 
         218 0.001897712116 
         219 -0.007081448151 
         220 0.007446477534 
         221 -0.003074570131 
         222 -0.002380616054 
         223 0.004745571401 
         224 -0.00362398353 
         225 -0.0001503266635 
         226 0.002516002442 
         227 -0.002425172097 
         228 0.0007477419444 
         229 0.0007690891123 
         230 0.0007321151925 
         231 -0.002336244259 
         232 0.003569216222 
         233 -0.0007611029058 
         234 -0.00365682023 
         235 0.006135984896 
         236 -0.004656466917 
         237 -0.00296406477 
         238 0.008757453087 
         239 -0.01117783052 
