         180 -0.0009641849325 
         181 -0.001132623308 
         182 -0.001214768966 
         183 -0.001178795333 
         184 -0.001372387672 
         185 -0.001787622227 
         186 -0.002713085754 
         187 -0.004785924245 
         188 -0.008388935923 
         189 -0.0147499961 
         190 -0.02571536903 
         191 -0.04388585049 
         192 -0.07439205983 
         193 -0.1252282375 
         194 -0.2095814955 
         195 -0.3495716484 
         196 -0.578139313 
         197 -0.9371252986 
         198 -1.442565141 
         199  -1.98004793 
         200  -2.23383544 
         201 -1.980047927 
         202 -1.442565139 
         203 -0.9371252965 
         204 -0.5781393116 
         205 -0.3495716476 
         206 -0.209581495 
         207 -0.1252282372 
         208 -0.07439205964 
         209 -0.04388585038 
         210 -0.02571536896 
         211 -0.01474999606 
         212 -0.008388935899 
         213 -0.00478592423 
         214 -0.002713085745 
         215 -0.001787622222 
         216 -0.001372387669 
         217 -0.001178795331 
         218 -0.001214768965 
         219 -0.001132623308 
         220 -0.000964184932 
         221 -0.0007653320051 
         222 -0.0003757842755 
         223 4.108036275e-05 
         224 0.000428458068 
         225 0.000821679519 
         226 0.001087731863 
         227 0.001184955562 
         228 0.001167948607 
         229 0.0009977793293 
         230 0.0006642169437 
         231 0.0003131454739 
         232 -4.083068295e-05 
         233 -0.0004256418087 
         234 -0.0005981867312 
         235 -0.0006762905179 
         236 -0.0006844988421 
         237 -0.0004118088468 
         238 -0.0001584583811 
         239 0.000113676283 
