         180 -0.001492405523 
         181 -0.001422484175 
         182 -0.001739383287 
         183 -0.0009001256892 
         184 -0.0004119339626 
         185 5.927601779e-06 
         186 0.001347910851 
         187 0.001805077764 
         188 0.002726422171 
         189 0.004335735076 
         190 0.005615178682 
         191 0.009124770832 
         192 0.01525378324 
         193 0.02599087053 
         194 0.04752995613 
         195 0.08608412203 
         196 0.1566644934 
         197 0.2833406792 
         198 0.4953462709 
         199 0.7819385437 
         200 0.9161483812 
         201 0.7819475054 
         202 0.4953554148 
         203 0.2833456931 
         204 0.1566672483 
         205 0.08608545662 
         206 0.04753062934 
         207 0.0259911917 
         208 0.01525394208 
         209 0.009124834928 
         210 0.005615214994 
         211 0.004335745877 
         212 0.002726421786 
         213 0.001805081256 
         214 0.00134790594 
         215 5.923888017e-06 
         216 -0.0004119322508 
         217 -0.0009001296366 
         218 -0.001739382857 
         219 -0.001422480856 
         220 -0.001492407003 
         221 -0.001366077485 
         222 -0.0003951016865 
         223 -0.0001407014734 
         224 0.0005218304895 
         225 0.001306916822 
         226 0.00127183447 
         227 0.001589664582 
         228 0.001515666756 
         229 0.0009066817695 
         230 0.0006359716576 
         231 -2.122288157e-05 
         232 -0.0006704530049 
         233 -0.0009781051444 
         234 -0.001301096035 
         235 -0.001372472241 
         236 -0.001168993691 
         237 -0.000777493956 
         238 -0.0004008671734 
         239 0.0001002501248 
