         180 0.005811365946 
         181 0.007854480521 
         182 0.0106301474 
         183 0.01438899037 
         184 0.01947130568 
         185 0.02633971738 
         186 0.03562613967 
         187 0.04818727902 
         188 0.06518364161 
         189 0.08818193706 
         190 0.1192784498 
         191 0.1612508485 
         192 0.2177020536 
         193 0.2931171989 
         194 0.3926324934 
         195 0.5210281613 
         196 0.6800657249 
         197 0.8630934726 
         198  1.047448499 
         199  1.191113064 
         200  1.246363247 
         201  1.191113064 
         202  1.047448499 
         203 0.8630934725 
         204 0.6800657248 
         205 0.5210281612 
         206 0.3926324934 
         207 0.2931171989 
         208 0.2177020536 
         209 0.1612508484 
         210 0.1192784498 
         211 0.08818193704 
         212 0.06518364159 
         213 0.04818727901 
         214 0.03562613966 
         215 0.02633971737 
         216 0.01947130568 
         217 0.01438899037 
         218 0.0106301474 
         219 0.007854480519 
         220 0.005811365945 
         221 0.004317042694 
         222 0.003233450255 
         223 0.00245653546 
         224 0.001906978711 
         225 0.001521697467 
         226 0.001251378273 
         227 0.001057182903 
         228 0.0009085356027 
         229 0.0007835614992 
         230 0.0006678949299 
         231 0.0005539835502 
         232 0.000440659622 
         233 0.0003318871841 
         234 0.0002345530664 
         235 0.0001569029663 
         236 0.0001070461384 
         237 8.968132889e-05 
         238 0.0001060343449 
         239 0.0001533481782 
