         480 0.0004978294209 
         481 -0.0007222907745 
         482 0.001054707352 
         483 -0.001545779916 
         484 0.002270354462 
         485 -0.003338441505 
         486 0.00491217424 
         487 -0.007230050906 
         488 0.01064322745 
         489 -0.01566813433 
         490 0.02306389654 
         491 -0.03394382482 
         492 0.0499337851 
         493 -0.07338513321 
         494 0.1076261934 
         495 -0.1571385294 
         496 0.2272349831 
         497 -0.3219666515 
         498 0.4373370437 
         499 -0.5471753074 
         500 0.5961141702 
         501 -0.5471753074 
         502 0.4373370437 
         503 -0.3219666515 
         504 0.2272349831 
         505 -0.1571385294 
         506 0.1076261934 
         507 -0.07338513321 
         508 0.0499337851 
         509 -0.03394382482 
         510 0.02306389654 
         511 -0.01566813433 
         512 0.01064322745 
         513 -0.007230050906 
         514 0.00491217424 
         515 -0.003338441505 
         516 0.002270354462 
         517 -0.001545779915 
         518 0.001054707353 
         519 -0.0007222907745 
         520 0.0004978294205 
         521 -0.0003467548446 
         522 0.0002457343674 
         523 -0.000178780682 
         524 0.0001351873056 
         525 -0.0001075368789 
         526 9.09444293e-05 
         527 -8.19431676e-05 
         528 7.83267495e-05 
         529 -7.844716438e-05 
         530 8.132286888e-05 
         531 -8.614044826e-05 
         532 9.246823534e-05 
         533 -9.98726863e-05 
         534 0.0001081561927 
         535 -0.0001170547708 
         536 0.0001264547067 
         537 -0.000136164413 
         538 0.0001460806125 
         539 -0.0001560398757 
