 0 0.1458349261
 1 0.1545855317
 2 0.0946633147
 3 0.6067071513
 4 0.9901353124
 5 0.8962474623
 6 0.2709665978
 7 0.1152997938
 8 0.09529743087
 9 0.1009692335
 10 0.101624659
 11 0.2455938404
 12 5.582976646
 13 1.673815438
 14 0.8446166381
 15 0.1032073686
 16 0.9025188915
 17 1.323527296
 18 0.0918720126
 19 0.2315141147
 20 0.8564046631
 21 0.224829407
 22 0.09481416275
 23 0.118091017
 24 0.8760362824
 25 1.355820267
 26 1.140803498
 27 0.1363780918
 28 0.4596915059
 29 1.324370664
 30 0.1823026736
 31 0.7926454247
 32 0.1768350269
 33 1.149487165
 34 1.027966024
 35 0.3323483518
 36 0.6409081052
 37 0.2308129121
 38 0.7234266746
 39 0.9153551276
 40 1.100123016
 41 0.3134695675
 42 1.050520722
 43 0.6387391001
 44 2.574401127
 45 1.397000677
 46 0.8666758343
 47 1.839919361
 48 1.314362495
 49 0.8426968773
 50 1.052414588
 51 2.401660142
 52 2.054625912
 53 1.505794347
 54 0.7127703966
 55 0.3649915847
 56 0.4394295002
 57 1.698750883
 58 0.423156445
 59 1.070115544
 60 0.9817717876
 61 0.2230616533
 62 4.680212163
 63 88.9372175
 64 7.678036195
 65 0.1746857916
 66 1.016814507
 67 0.5394931456
 68 0.9467993616
 69 0.6999660542
 70 0.2337736505
 71 0.7864933314
 72 0.7363567155
 73 0.925481689
 74 0.4681965166
 75 0.5575054146
 76 0.5415025783
 77 1.313286835
 78 0.6522855489
 79 1.808783204
 80 0.5379732879
 81 3.470209533
 82 2.641888965
 83 1.058229183
 84 0.8938518986
 85 4.422302232
 86 0.9869466273
 87 0.5452696443
 88 0.7263777877
 89 0.7197705695
 90 0.9648512781
 91 1.990291936
 92 2.352487411
 93 0.8253243933
 94 0.2634659342
 95 0.2806312318
 96 0.04593773613
 97 0.2179403434
 98 3.052051257
 99 1.301498773
 100 1.469918342
 101 0.3682397935
 102 1.28125653
 103 0.5544996267
 104 0.9623714726
 105 1.030059873
 106 1.531065056
 107 2.588322265
 108 0.9479461794
 109 0.5409101191
 110 1.38356116
 111 0.8238458824
 112 0.8407965316
 113 0.4383190673
 114 0.347089467
 115 0.1287463658
 116 0.06147261454
 117 0.2045379459
 118 0.03477362781
 119 0.6420744624
 120 2.237436493
 121 1.174672706
 122 0.4993377724
 123 0.03346783462
 124 0.3642805866
 125 0.6807312268
 126 0.5928593722
 127 1.931668651
 128 0.2596958146
 129 1.005424219
 130 0.7760981181
 131 1.765780896
 132 0.7812226585
 133 0.4909310842
 134 0.2544766579
 135 0.7705956348
 136 1.407642727
 137 0.08540299233
 138 0.133819127
 139 0.9599886907
 140 0.8790056903
 141 0.729253814
 142 1.062933014
 143 0.1083734278
 144 1.1747281
 145 1.164046186
 146 0.8691381531
 147 0.2732853295
 148 0.5393594241
 149 0.9816788716
 150 1.523386921
 151 1.886050307
 152 2.296043468
 153 0.3811705662
 154 1.8031021
 155 1.612639059
 156 0.5004392427
 157 0.585713584
 158 0.8043145627
 159 0.6604483418
 160 0.1595888424
 161 1.42790114
 162 11.4387791
 163 85.49590883
 164 13.86971285
 165 1.566107259
 166 2.890776264
 167 2.119669104
 168 0.5156040567
 169 0.1781090333
 170 0.5548698098
 171 0.7642898491
 172 0.1499027046
 173 0.8599600436
 174 1.754739949
 175 0.2412708503
 176 0.9852388606
 177 0.9181500933
 178 0.5329338719
 179 0.6421431475
 180 0.4602919249
 181 0.1604285693
 182 0.09616918692
 183 1.065679927
 184 0.1979845205
 185 0.1595655677
 186 0.1301331726
 187 1.107711555
 188 0.3499919282
 189 0.1354746892
 190 0.07437793089
 191 0.1556086616
 192 0.6673621265
 193 0.4625793785
 194 2.274030201
 195 0.1938764846
 196 0.1767793076
 197 0.3053325297
 198 0.2067590108
 199 0.3123850996
 200 0.7141482609
 201 2.780589338
 202 0.7224987363
 203 0.1643816003
 204 0.8092877326
 205 0.5720236552
 206 0.6414556329
 207 0.9031140792
 208 0.5786710471
 209 0.3319818079
 210 0.2285870706
 211 0.8807386562
 212 0.726312643
 213 0.6700671375
 214 1.104553532
 215 0.1995100216
 216 0.5884159128
 217 0.6943189935
 218 0.5475879321
 219 0.2119891247
 220 1.631098779
 221 1.803112699
 222 2.296409404
 223 0.5721478858
 224 1.443834293
 225 0.1453183708
 226 0.3006190562
 227 0.07818982624
 228 0.2357619785
 229 2.815996365
 230 1.230089318
 231 0.5535059266
 232 1.807456448
 233 0.07340600544
 234 0.2271412467
 235 0.5174044378
 236 0.4331775482
 237 0.4314807479
 238 0.2184925223
 239 1.913787387
 240 0.6570698526
 241 0.5601567446
 242 0.4381732927
 243 0.8623692478
 244 2.597107783
 245 0.5317277592
 246 0.1204200623
 247 1.992187018
 248 0.2628301518
 249 1.659562561
 250 2.470066009
 251 1.358730612
 252 0.499508843
 253 0.276891282
 254 0.1326087338
 255 5.482048323
 256 84.78425914
 257 9.733351715
 258 3.237173834
 259 0.1855876949
 260 0.2154815492
 261 0.7412382198
 262 0.4740849004
 263 1.972399054
 264 1.036806302
 265 0.7164194167
 266 0.5471146032
 267 1.110925393
 268 1.051560005
 269 0.257195918
 270 0.2032406941
 271 0.1602097758
 272 0.4262842287
 273 0.8415971145
 274 0.3185988707
 275 0.02958048298
 276 0.07016672671
 277 0.4956758395
 278 0.8829629603
 279 0.8100587417
 280 0.548035507
 281 2.832243007
 282 1.265301854
 283 1.990048957
 284 0.2323624249
 285 0.4479266023
 286 0.112540568
 287 0.08206085883
 288 0.1226650081
 289 1.725156279
 290 2.242194925
 291 0.2233172443
 292 0.3184353676
 293 0.0472865268
 294 0.2200462877
 295 2.460213799
 296 0.8835903295
 297 0.4146956984
 298 0.2455672844
 299 0.3243053245
 300 1.595716246
 301 0.4131610841
 302 0.02971833687
 303 0.04342806027
 304 1.694370563
 305 0.9462717472
 306 1.544273847
 307 0.5754745281
 308 1.993810696
 309 5.439395468
 310 1.67603815
 311 0.02321294588
 312 0.1774295289
 313 0.1701102583
 314 0.1069534297
 315 2.914904752
 316 0.4523097089
 317 0.503800617
 318 0.5121695652
 319 0.1205558685
 320 0.07832146393
 321 0.8701967848
 322 0.8564434797
 323 5.812741035
 324 72.73285603
 325 10.84577788
 326 2.701011188
 327 0.5566846485
 328 0.8525702501
 329 1.710704922
 330 0.2131500427
 331 1.067097797
 332 0.9900325499
 333 0.7789305285
 334 1.657933826
 335 0.1378192333
 336 0.440543465
 337 1.044455712
 338 0.4653676234
 339 0.3525600659
 340 0.06321376966
 341 0.1631697227
 342 0.4801869468
 343 1.274595996
 344 1.124699225
 345 0.6636146577
 346 0.2679563741
 347 0.3175329022
 348 0.3616301051
 349 0.04935655523
 350 0.1050523015
 351 0.3262070461
 352 1.37701584
 353 0.4727078933
 354 0.352416954
 355 0.0288192007
 356 0.9438761035
 357 0.5611711165
 358 5.17411455
 359 91.82276908
 360 4.631957985
 361 0.8126160406
 362 1.197852727
 363 0.2801323456
 364 0.1863529399
 365 0.3067034218
 366 0.05786292581
 367 0.133306589
 368 0.4017048522
 369 0.3741713145
 370 0.4434618742
 371 0.3365559339
 372 0.2389662264
 373 0.3647105529
 374 0.4902502118
 375 0.1960720873
 376 0.666101469
 377 0.2658056342
 378 0.2136886368
 379 0.4193465089
 380 0.1068432948
 381 0.04449106682
 382 0.06584691581
 383 0.2684495841
 384 0.1647805451
 385 0.2509826016
 386 0.1218228194
 387 0.3230551114
 388 0.9891146459
 389 1.404216303
 390 0.4545494965
 391 0.2125847926
 392 0.3458294717
 393 0.6321707048
 394 0.6875019517
 395 0.1752034815
 396 0.09706283203
 397 0.1870617262
 398 0.03531290752
 399 0.2084660138
 400 0.4039406346
 401 1.018282321
 402 0.5265444841
 403 1.074565671
 404 1.750679105
 405 0.3596070223
 406 0.5512873762
 407 1.551816591
 408 0.4906042101
 409 0.3856368334
 410 2.443690774
 411 0.8152127102
 412 3.173332464
 413 4.183295642
 414 0.9350071144
 415 0.21973492
 416 0.6515424807
 417 1.760911599
 418 1.568622964
 419 0.2179601748
 420 1.543264951
 421 1.730053563
 422 0.1654491754
 423 1.059916951
 424 0.9003895767
 425 0.5909582015
 426 2.067750456
 427 1.196879104
 428 0.3747764517
 429 0.08042025035
 430 0.8638010534
 431 0.901218627
 432 0.1933055286
 433 0.224906866
 434 0.4400030543
 435 0.07126968909
 436 0.1724432399
 437 0.1303414029
 438 0.7349998832
 439 0.5678458184
 440 0.5299815232
 441 1.055543884
 442 0.7856299616
 443 1.090671173
 444 0.4850451396
 445 0.8968615534
 446 3.002600002
 447 1.370846244
 448 0.939414725
 449 0.4177328084
 450 1.200318257
 451 0.766658831
 452 0.9526222182
 453 1.324435959
 454 0.2876537945
 455 0.3802653312
 456 0.1297693244
 457 0.5351948479
 458 1.984193809
 459 0.2969516044
 460 0.2594253202
 461 0.07550356086
 462 0.1837529398
 463 0.7982770903
 464 2.387100304
 465 10.96267371
 466 65.79023616
 467 7.982862083
 468 1.539695229
 469 0.3924285008
 470 0.5577648983
 471 0.2321814872
 472 0.7236268107
 473 0.2990946568
 474 1.552777942
 475 0.02487770654
 476 0.3782814102
 477 0.7440870345
 478 0.2935724966
 479 0.09354497068
 480 0.05028265047
 481 0.1579985511
 482 0.2044347496
 483 0.1476435601
 484 0.9421427481
 485 0.09428528454
 486 0.4277933929
 487 0.7558878158
 488 1.959086945
 489 2.871836582
 490 1.810176593
 491 0.3006902139
 492 0.6730632152
 493 0.7749253756
 494 1.451151961
 495 0.481432073
 496 0.533465969
 497 3.991755234
 498 77.9585503
 499 6.723202871
 500 0.378500291
 501 1.774887688
 502 2.167312102
 503 1.467885515
 504 0.628512871
 505 0.531773901
 506 1.249206014
 507 0.4255440596
 508 0.5696977878
 509 0.5483928794
 510 0.4430518279
 511 0.3044764602
 512 0.4721569022
 513 0.7448104928
 514 0.592474793
 515 0.8780395133
 516 0.8477213289
 517 1.520058891
 518 0.3476581388
 519 0.05789422061
 520 0.4098243444
 521 0.3378131312
 522 0.4504135878
 523 0.7131706361
 524 0.2750376279
 525 0.5165560337
 526 0.7014974274
 527 1.339424781
 528 1.242577364
 529 0.2758152292
 530 0.3997246328
 531 1.855185727
 532 1.643839394
 533 0.07465670997
 534 0.548955523
 535 0.4715754068
 536 1.49533492
 537 0.3565238887
 538 0.9547452652
 539 2.173990233
 540 0.2082787125
 541 0.2184766083
 542 0.4080653229
 543 0.234935088
 544 0.08529967548
 545 0.2461445389
 546 1.696897414
 547 1.07196492
 548 0.5850650236
 549 0.05726901403
 550 0.2437246697
 551 0.1462124607
 552 0.6912692824
 553 0.712514093
 554 0.7146200924
 555 0.1866415953
 556 0.3448499909
 557 0.02319273943
 558 0.03726958395
 559 0.10684399
 560 0.6856116157
 561 0.4899899851
 562 0.06004384135
 563 0.2665790657
 564 0.0942782968
 565 0.499154192
 566 0.9689675769
 567 0.1478632796
 568 0.03521643499
 569 0.3559465198
 570 0.6059025937
 571 1.106382427
 572 1.139546061
 573 0.680533054
 574 0.226026847
 575 0.990767207
 576 0.9974266692
 577 0.180453352
 578 0.5945833681
 579 0.00732284603
 580 0.4276691149
 581 0.5051050099
 582 0.525717122
 583 0.6284010489
 584 0.8235665027
 585 0.3933693922
 586 0.9718025966
 587 0.5535278933
 588 0.6342100436
 589 0.1107804285
 590 0.70472588
 591 1.19648387
 592 0.3874793266
 593 1.155751131
 594 1.108728836
 595 0.4568515068
 596 1.384970455
 597 0.9560853847
 598 2.127555109
 599 0.3975130559
 600 0.4820232681
 601 0.3181701235
 602 1.981813008
 603 1.124777264
 604 0.2296325221
 605 1.224452354
 606 2.452622748
 607 100.1892507
 608 1.642472243
 609 0.1765528738
 610 0.8048859829
 611 0.7259321252
 612 0.5128369736
 613 0.6756955994
 614 1.407805899
 615 0.7555412213
 616 0.115573255
 617 0.07164015547
 618 0.8266904276
 619 1.661638367
 620 0.5600819584
 621 0.5950057408
 622 0.08769068549
 623 0.2302861666
 624 0.3870982897
 625 0.3137399483
 626 0.4071059285
 627 0.3262034653
 628 0.1748930397
 629 0.5374892794
 630 0.3970715717
 631 0.4496314588
 632 0.3729140427
 633 0.1155127109
 634 0.06906411122
 635 0.08769402906
 636 0.3209399354
 637 1.250663727
 638 0.9874820018
 639 1.266102465
 640 6.764940159
 641 73.63887961
 642 4.169828567
 643 2.082739945
 644 3.088359306
 645 0.5234359114
 646 0.5606527927
 647 1.102538331
 648 0.1844146119
 649 2.782938211
 650 0.8670743354
 651 0.7010200134
 652 0.5356983113
 653 0.2565152855
 654 0.6913441171
 655 0.7050942373
 656 0.181433612
 657 0.3197764747
 658 0.9429020102
 659 2.37890561
 660 0.9291926703
 661 0.3250123573
 662 0.3940168536
 663 0.7014821622
 664 1.445710085
 665 0.3187789126
 666 0.2252623765
 667 0.278837932
 668 0.2304963706
 669 0.3391768615
 670 0.6034477903
 671 1.081816778
 672 0.3363867813
 673 0.111941268
 674 0.5051836279
 675 1.115587802
 676 0.228756638
 677 0.008236664263
 678 0.1307269133
 679 0.3310735985
 680 0.2497058249
 681 0.4693419823
 682 0.358599925
 683 0.1889368295
 684 0.7395586472
 685 0.8018367156
 686 0.2842568484
 687 0.01759097287
 688 0.03897843852
 689 0.1215431279
 690 1.89980249
 691 1.554965479
 692 0.85929299
 693 0.8181503453
 694 1.077244654
 695 0.2532728671
 696 0.09850958083
 697 0.4571159573
 698 1.185320157
 699 1.294970354
 700 0.1314216901
 701 0.5520558421
 702 0.2031539922
 703 0.1943078582
 704 0.07675162316
 705 0.5958620098
 706 0.2551916804
 707 1.705873803
 708 0.4035544972
 709 0.1880006432
 710 0.322237948
 711 0.1395739551
 712 0.2753015147
 713 0.5079513716
 714 1.503116809
 715 9.620511882
 716 80.89159185
 717 8.093216545
 718 0.1829124061
 719 1.486699124
 720 0.1453022507
 721 1.88803467
 722 1.247037503
 723 0.129302764
 724 0.3986201185
 725 0.4379863966
 726 0.7448853306
 727 0.9189195932
 728 0.8711752186
 729 0.4483847923
 730 0.5904525355
 731 0.2712309908
 732 0.3264263131
 733 1.815043447
 734 0.2727201117
 735 0.4750124504
 736 0.8631902131
 737 1.59405735
 738 3.649199558
 739 1.123723668
 740 0.2305575733
 741 0.9485465237
 742 2.83182766
 743 0.5453938666
 744 0.325608936
 745 0.2127226098
 746 1.389584184
 747 0.8520404332
 748 0.6053186313
 749 1.028306553
 750 0.6101884341
 751 0.5826667092
 752 2.841981554
 753 3.092349621
 754 0.9224986803
 755 0.7693429814
 756 0.6658781819
 757 1.079723516
 758 0.1341174376
 759 0.167198674
 760 0.1402527736
 761 0.171626725
 762 0.4552395293
 763 0.524265468
 764 0.2577673377
 765 0.1147597055
 766 0.5800888233
 767 1.074122744
 768 0.5136511196
 769 3.244873568
 770 71.76921245
 771 7.061117639
 772 0.6681805867
 773 2.275959737
 774 0.5277436326
 775 0.7467487879
 776 2.327368644
 777 1.426115253
 778 1.168911379
 779 1.099166794
 780 1.078799502
 781 1.543618708
 782 0.2759708326
 783 0.1435897791
 784 3.277517861
 785 2.330673983
 786 1.016385395
 787 0.1457641429
 788 0.4709967202
 789 0.8260072465
 790 0.647892289
 791 0.6389754997
 792 1.165150362
 793 1.997551966
 794 0.7568308054
 795 0.6994274105
 796 0.2355337856
 797 0.1290853104
 798 0.6288220862
 799 0.8399577845
 800 0.4127256433
 801 0.4978705114
 802 0.6411797785
 803 1.806584175
 804 0.7515957959
 805 0.2952977753
 806 2.005493919
 807 0.6824249493
 808 0.7521201092
 809 0.5648547849
 810 1.495410013
 811 1.297742783
 812 0.1115545669
 813 0.285686217
 814 1.186543818
 815 0.7592752765
 816 0.4906482379
 817 1.112241881
 818 2.329398082
 819 0.4613886258
 820 0.7058818152
 821 0.560181552
 822 0.3176158612
 823 1.0282118
 824 0.300707074
 825 0.2032289378
 826 0.1477642813
 827 0.7962416608
 828 0.3635632223
 829 0.9071293247
 830 0.768745956
 831 0.8215462835
 832 1.697291899
 833 1.449621638
 834 1.448076492
 835 4.759617428
 836 0.8629621228
 837 0.7275117304
 838 0.2875179092
 839 0.2637507732
 840 2.684841138
 841 1.683887496
 842 0.8817478611
 843 0.2905814854
 844 1.26152123
 845 4.003954983
 846 0.4921077906
 847 1.071603362
 848 1.83681418
 849 0.3840169004
 850 1.213950118
 851 2.052643833
 852 3.187477555
 853 0.1253819805
 854 0.6989734024
 855 1.313611393
 856 0.356046517
 857 0.3106563987
 858 1.703237937
 859 0.5310561526
 860 1.383304399
 861 1.049083148
 862 0.1621084411
 863 0.2379973034
 864 1.271660687
 865 6.118761762
 866 96.66476894
 867 8.19062392
 868 1.70198353
 869 0.1132349816
 870 1.055847417
 871 1.961855735
 872 3.366380815
 873 0.187421255
 874 0.2714661169
 875 1.776537421
 876 0.347525537
 877 0.6977145262
 878 0.8557947219
 879 2.484582989
 880 2.048555694
 881 0.2213513019
 882 1.034338671
 883 0.8029777565
 884 0.6419930247
 885 0.3008722617
 886 0.516881558
 887 0.4579713313
 888 0.7519815604
 889 0.3625164891
 890 1.008352464
 891 1.956683495
 892 1.371607603
 893 0.3281603842
 894 0.9506591436
 895 0.08412927771
 896 0.8269984638
 897 2.956077038
 898 1.958083074
 899 0.9483224687
 900 1.032085098
 901 0.6800329913
 902 0.4299567232
 903 0.3917146679
 904 0.5933079726
 905 1.437719451
 906 1.204687366
 907 0.4230291172
 908 0.7799795672
 909 0.5464712189
 910 0.117207163
 911 0.2667698859
 912 1.887946456
 913 1.799578549
 914 0.9891538759
 915 0.6971732251
 916 0.1688425797
 917 0.3609717688
 918 0.1284076355
 919 0.6190882255
 920 0.09464406666
 921 0.2325484004
 922 0.2785241047
 923 0.6216704373
 924 0.830088638
 925 0.7110355478
 926 0.3294110706
 927 0.09282375089
 928 0.04502546559
 929 0.4266138999
 930 1.523674515
 931 0.6537085855
 932 0.2285043402
 933 0.2536131771
 934 1.228216928
 935 0.8230971092
 936 0.70569362
 937 0.7984136223
 938 1.052089597
 939 1.29336834
 940 1.17746537
 941 0.1986227999
 942 0.8530938462
 943 0.2861941826
 944 0.2432630231
 945 0.573607254
 946 0.1147013786
 947 0.2021713976
 948 0.1023666366
 949 0.5296247466
 950 0.4800942709
 951 1.017557335
 952 0.3430488293
 953 0.4976728936
 954 1.517790223
 955 0.8403602294
 956 0.981383807
 957 0.6337742326
 958 0.2095877051
 959 1.116693399
 960 3.050650117
 961 3.932280637
 962 0.8638823398
 963 1.571105939
 964 0.5991645009
 965 0.2181696895
 966 0.2827727687
 967 0.1708350176
 968 2.481799537
 969 0.2055611409
 970 0.3379088036
 971 6.791789961
 972 95.06717196
 973 9.344946177
 974 2.059453215
 975 3.638528644
 976 0.2505588601
 977 1.402200023
 978 0.8329350831
 979 1.180264143
 980 0.3327895693
 981 0.2255660677
 982 3.906733361
 983 2.178280182
 984 1.584381815
 985 1.023239712
 986 1.076977361
 987 0.1312466749
 988 0.4848579093
 989 1.851480596
 990 1.449955046
 991 0.1493514886
 992 1.26309771
 993 2.773522005
 994 1.962035438
 995 1.499386827
 996 0.8192388447
 997 0.9185788589
 998 0.8361402119
 999 0.5673569782
