0	5
0.005	4.99923
0.01	4.99691
0.015	4.99304
0.02	4.98764
0.025	4.9807
0.03	4.97224
0.035	4.96225
0.04	4.95075
0.045	4.93775
0.05	4.92326
0.055	4.9073
0.06	4.88987
0.065	4.871
0.07	4.8507
0.075	4.82899
0.08	4.80589
0.085	4.78142
0.09	4.75559
0.095	4.72844
0.1	4.69998
0.105	4.67024
0.11	4.63923
0.115	4.607
0.12	4.57355
0.125	4.53892
0.13	4.50313
0.135	4.4662
0.14	4.42818
0.145	4.38907
0.15	4.34891
0.155	4.30773
0.16	4.26556
0.165	4.22241
0.17	4.17833
0.175	4.13332
0.18	4.08744
0.185	4.04069
0.19	3.99311
0.195	3.94472
0.2	3.89555
0.205	3.84563
0.21	3.79498
0.215	3.74363
0.22	3.69159
0.225	3.63891
0.23	3.58559
0.235	3.53167
0.24	3.47717
0.245	3.4221
0.25	3.3665
0.255	3.31038
0.26	3.25376
0.265	3.19667
0.27	3.13913
0.275	3.08114
0.28	3.02275
0.285	2.96395
0.29	2.90477
0.295	2.84523
0.3	2.78534
0.305	2.72512
0.31	2.66458
0.315	2.60375
0.32	2.54263
0.325	2.48124
0.33	2.41958
0.335	2.35769
0.34	2.29556
0.345	2.23321
0.35	2.17065
0.355	2.10789
0.36	2.04495
0.365	1.98183
0.37	1.91854
0.375	1.8551
0.38	1.7915
0.385	1.72776
0.39	1.6639
0.395	1.59991
0.4	1.5358
0.405	1.47158
0.41	1.40726
0.415	1.34285
0.42	1.27834
0.425	1.21375
0.43	1.14909
0.435	1.08435
0.44	1.01955
0.445	0.95468
0.45	0.889757
0.455	0.824783
0.46	0.759761
0.465	0.694696
0.47	0.629592
0.475	0.564453
0.48	0.499284
0.485	0.434087
0.49	0.368867
0.495	0.303628
0.5	0.238372
0.505	0.173104
0.51	0.107827
0.515	0.0425445
0.52	-0.0227405
0.525	-0.0880243
0.53	-0.153303
0.535	-0.218575
0.54	-0.283834
0.545	-0.349079
0.55	-0.414305
0.555	-0.479509
0.56	-0.544687
0.565	-0.609836
0.57	-0.674951
0.575	-0.740028
0.58	-0.805063
0.585	-0.870053
0.59	-0.934992
0.595	-0.999875
0.6	-1.0647
0.605	-1.12946
0.61	-1.19415
0.615	-1.25876
0.62	-1.32329
0.625	-1.38773
0.63	-1.45208
0.635	-1.51633
0.64	-1.58047
0.645	-1.6445
0.65	-1.7084
0.655	-1.77218
0.66	-1.83582
0.665	-1.89931
0.67	-1.96265
0.675	-2.02582
0.68	-2.08882
0.685	-2.15163
0.69	-2.21425
0.695	-2.27667
0.7	-2.33887
0.705	-2.40083
0.71	-2.46256
0.715	-2.52403
0.72	-2.58524
0.725	-2.64616
0.73	-2.70679
0.735	-2.76711
0.74	-2.8271
0.745	-2.88675
0.75	-2.94604
0.755	-3.00495
0.76	-3.06347
0.765	-3.12158
0.77	-3.17926
0.775	-3.23649
0.78	-3.29326
0.785	-3.34953
0.79	-3.40529
0.795	-3.46052
0.8	-3.5152
0.805	-3.5693
0.81	-3.6228
0.815	-3.67568
0.82	-3.72791
0.825	-3.77947
0.83	-3.83034
0.835	-3.88049
0.84	-3.92989
0.845	-3.97851
0.85	-4.02634
0.855	-4.07335
0.86	-4.1195
0.865	-4.16477
0.87	-4.20914
0.875	-4.25257
0.88	-4.29504
0.885	-4.33653
0.89	-4.377
0.895	-4.41643
0.9	-4.45478
0.905	-4.49204
0.91	-4.52818
0.915	-4.56317
0.92	-4.59698
0.925	-4.62958
0.93	-4.66096
0.935	-4.69109
0.94	-4.71994
0.945	-4.7475
0.95	-4.77373
0.955	-4.79861
0.96	-4.82213
0.965	-4.84426
0.97	-4.86499
0.975	-4.8843
0.98	-4.90216
0.985	-4.91857
0.99	-4.93351
0.995	-4.94696
1	-4.95892
1.005	-4.96937
1.01	-4.97829
1.015	-4.9857
1.02	-4.99157
1.025	-4.9959
1.03	-4.99869
1.035	-4.99993
1.04	-4.99962
1.045	-4.99777
1.05	-4.99438
1.055	-4.98944
1.06	-4.98297
1.065	-4.97496
1.07	-4.96544
1.075	-4.9544
1.08	-4.94185
1.085	-4.92781
1.09	-4.91229
1.095	-4.89531
1.1	-4.87688
1.105	-4.85701
1.11	-4.83573
1.115	-4.81304
1.12	-4.78899
1.125	-4.76357
1.13	-4.73682
1.135	-4.70875
1.14	-4.67939
1.145	-4.64877
1.15	-4.6169
1.155	-4.58382
1.16	-4.54955
1.165	-4.5141
1.17	-4.47752
1.175	-4.43983
1.18	-4.40105
1.185	-4.36121
1.19	-4.32033
1.195	-4.27846
1.2	-4.2356
1.205	-4.1918
1.21	-4.14707
1.215	-4.10145
1.22	-4.05496
1.225	-4.00763
1.23	-3.95948
1.235	-3.91055
1.24	-3.86085
1.245	-3.81042
1.25	-3.75928
1.255	-3.70745
1.26	-3.65496
1.265	-3.60183
1.27	-3.54809
1.275	-3.49376
1.28	-3.43886
1.285	-3.38342
1.29	-3.32746
1.295	-3.27099
1.3	-3.21404
1.305	-3.15663
1.31	-3.09878
1.315	-3.0405
1.32	-2.98183
1.325	-2.92276
1.33	-2.86333
1.335	-2.80354
1.34	-2.74342
1.345	-2.68298
1.35	-2.62223
1.355	-2.5612
1.36	-2.49989
1.365	-2.43831
1.37	-2.37649
1.375	-2.31443
1.38	-2.25215
1.385	-2.18965
1.39	-2.12695
1.395	-2.06406
1.4	-2.001
1.405	-1.93776
1.41	-1.87436
1.415	-1.81081
1.42	-1.74711
1.425	-1.68328
1.43	-1.61933
1.435	-1.55526
1.44	-1.49107
1.445	-1.42678
1.45	-1.3624
1.455	-1.29792
1.46	-1.23335
1.465	-1.16871
1.47	-1.104
1.475	-1.03921
1.48	-0.974363
1.485	-0.909457
1.49	-0.844498
1.495	-0.77949
1.5	-0.714438
1.505	-0.649345
1.51	-0.584217
1.515	-0.519056
1.52	-0.453867
1.525	-0.388654
1.53	-0.32342
1.535	-0.258169
1.54	-0.192905
1.545	-0.12763
1.55	-0.0623483
1.555	0.00293633
1.56	0.0682208
1.565	0.133502
1.57	0.198776
1.575	0.264039
1.58	0.329289
1.585	0.394521
1.59	0.459732
1.595	0.524919
1.6	0.590077
1.605	0.655202
1.61	0.720291
1.615	0.78534
1.62	0.850344
1.625	0.915298
1.63	0.980199
1.635	1.04504
1.64	1.10982
1.645	1.17453
1.65	1.23917
1.655	1.30372
1.66	1.36819
1.665	1.43257
1.67	1.49685
1.675	1.56103
1.68	1.62509
1.685	1.68903
1.69	1.75285
1.695	1.81653
1.7	1.88007
1.705	1.94345
1.71	2.00668
1.715	2.06973
1.72	2.1326
1.725	2.19528
1.73	2.25776
1.735	2.32002
1.74	2.38206
1.745	2.44386
1.75	2.50541
1.755	2.5667
1.76	2.62771
1.765	2.68843
1.77	2.74884
1.775	2.80893
1.78	2.86869
1.785	2.92809
1.79	2.98712
1.795	3.04576
1.8	3.104
1.805	3.16181
1.81	3.21918
1.815	3.27609
1.82	3.33251
1.825	3.38843
1.83	3.44382
1.835	3.49867
1.84	3.55295
1.845	3.60664
1.85	3.65971
1.855	3.71214
1.86	3.76391
1.865	3.81499
1.87	3.86535
1.875	3.91498
1.88	3.96385
1.885	4.01192
1.89	4.05918
1.895	4.10559
1.9	4.15113
1.905	4.19578
1.91	4.2395
1.915	4.28226
1.92	4.32405
1.925	4.36483
1.93	4.40458
1.935	4.44326
1.94	4.48086
1.945	4.51734
1.95	4.55268
1.955	4.58685
1.96	4.61982
1.965	4.65158
1.97	4.68209
1.975	4.71133
1.98	4.73928
1.985	4.76591
1.99	4.79121
1.995	4.81514
2	4.8377
2.005	4.85885
2.01	4.87859
2.015	4.8969
2.02	4.91375
2.025	4.92914
2.03	4.94304
2.035	4.95545
2.04	4.96636
2.045	4.97575
2.05	4.98361
2.055	4.98995
2.06	4.99475
2.065	4.998
2.07	4.99972
2.075	4.99988
2.08	4.9985
2.085	4.99557
2.09	4.9911
2.095	4.98509
2.1	4.97755
2.105	4.96849
2.11	4.9579
2.115	4.94581
2.12	4.93223
2.125	4.91716
2.13	4.90062
2.135	4.88262
2.14	4.86319
2.145	4.84233
2.15	4.82007
2.155	4.79643
2.16	4.77142
2.165	4.74507
2.17	4.7174
2.175	4.68843
2.18	4.65819
2.185	4.6267
2.19	4.59398
2.195	4.56007
2.2	4.52498
2.205	4.48874
2.21	4.45138
2.215	4.41292
2.22	4.3734
2.225	4.33284
2.23	4.29126
2.235	4.2487
2.24	4.20518
2.245	4.16073
2.25	4.11538
2.255	4.06915
2.26	4.02207
2.265	3.97417
2.27	3.92547
2.275	3.87601
2.28	3.82579
2.285	3.77486
2.29	3.72324
2.295	3.67095
2.3	3.61801
2.305	3.56446
2.31	3.5103
2.315	3.45558
2.32	3.4003
2.325	3.34449
2.33	3.28817
2.335	3.23137
2.34	3.17409
2.345	3.11637
2.35	3.05823
2.355	2.99967
2.36	2.94072
2.365	2.88139
2.37	2.82171
2.375	2.76169
2.38	2.70135
2.385	2.64069
2.39	2.57974
2.395	2.51851
2.4	2.45702
2.405	2.39527
2.41	2.33328
2.415	2.27106
2.42	2.20863
2.425	2.14599
2.43	2.08316
2.435	2.02015
2.44	1.95696
2.445	1.89361
2.45	1.8301
2.455	1.76645
2.46	1.70266
2.465	1.63874
2.47	1.57471
2.475	1.51055
2.48	1.4463
2.485	1.38194
2.49	1.31749
2.495	1.25295
2.5	1.18833
2.505	1.12363
2.51	1.05887
2.515	0.994041
2.52	0.929152
2.525	0.864209
2.53	0.799215
2.535	0.734176
2.54	0.669095
2.545	0.603977
2.55	0.538826
2.555	0.473645
2.56	0.408439
2.565	0.343211
2.57	0.277965
2.575	0.212704
2.58	0.147432
2.585	0.0821519
2.59	0.0168678
2.595	-0.0484171
2.6	-0.113699
2.605	-0.178976
2.61	-0.244243
2.615	-0.309497
2.62	-0.374735
2.625	-0.439953
2.63	-0.505147
2.635	-0.570314
2.64	-0.63545
2.645	-0.700551
2.65	-0.765612
2.655	-0.83063
2.66	-0.8956
2.665	-0.960517
2.67	-1.02538
2.675	-1.09018
2.68	-1.15491
2.685	-1.21957
2.69	-1.28415
2.695	-1.34864
2.7	-1.41305
2.705	-1.47736
2.71	-1.54157
2.715	-1.60567
2.72	-1.66965
2.725	-1.7335
2.73	-1.79723
2.735	-1.86081
2.74	-1.92424
2.745	-1.98751
2.75	-2.05062
2.755	-2.11355
2.76	-2.17629
2.765	-2.23883
2.77	-2.30116
2.775	-2.36327
2.78	-2.42514
2.785	-2.48677
2.79	-2.54814
2.795	-2.60923
2.8	-2.67004
2.805	-2.73055
2.81	-2.79074
2.815	-2.8506
2.82	-2.91011
2.825	-2.96925
2.83	-3.02802
2.835	-3.08638
2.84	-3.14432
2.845	-3.20183
2.85	-3.25888
2.855	-3.31545
2.86	-3.37152
2.865	-3.42708
2.87	-3.48209
2.875	-3.53655
2.88	-3.59041
2.885	-3.64367
2.89	-3.6963
2.895	-3.74827
2.9	-3.79956
2.905	-3.85015
2.91	-3.90001
2.915	-3.9491
2.92	-3.99742
2.925	-4.04493
2.93	-4.0916
2.935	-4.13741
2.94	-4.18233
2.945	-4.22633
2.95	-4.26939
2.955	-4.31148
2.96	-4.35257
2.965	-4.39263
2.97	-4.43164
2.975	-4.46957
2.98	-4.50639
2.985	-4.54208
2.99	-4.57661
2.995	-4.60995
3	-4.64207
3.005	-4.67296
3.01	-4.70259
3.015	-4.73094
3.02	-4.75797
3.025	-4.78367
3.03	-4.80803
3.035	-4.831
3.04	-4.85259
3.045	-4.87276
3.05	-4.8915
3.055	-4.90879
3.06	-4.92462
3.065	-4.93898
3.07	-4.95184
3.075	-4.96321
3.08	-4.97306
3.085	-4.98139
3.09	-4.98819
3.095	-4.99345
3.1	-4.99718
3.105	-4.99936
3.11	-4.99999
3.115	-4.99908
3.12	-4.99662
3.125	-4.99262
3.13	-4.98708
3.135	-4.98
3.14	-4.9714
3.145	-4.96127
3.15	-4.94964
3.155	-4.93651
3.16	-4.92188
3.165	-4.90579
3.17	-4.88823
3.175	-4.86923
3.18	-4.84881
3.185	-4.82697
3.19	-4.80375
3.195	-4.77915
3.2	-4.75321
3.205	-4.72593
3.21	-4.69736
3.215	-4.6675
3.22	-4.63638
3.225	-4.60404
3.23	-4.57048
3.235	-4.53574
3.24	-4.49985
3.245	-4.46283
3.25	-4.4247
3.255	-4.3855
3.26	-4.34525
3.265	-4.30398
3.27	-4.26172
3.275	-4.21848
3.28	-4.17431
3.285	-4.12923
3.29	-4.08327
3.295	-4.03644
3.3	-3.98879
3.305	-3.94033
3.31	-3.89109
3.315	-3.8411
3.32	-3.79039
3.325	-3.73897
3.33	-3.68688
3.335	-3.63414
3.34	-3.58077
3.345	-3.52679
3.35	-3.47224
3.355	-3.41712
3.36	-3.36147
3.365	-3.30531
3.37	-3.24865
3.375	-3.19151
3.38	-3.13393
3.385	-3.07591
3.39	-3.01747
3.395	-2.95864
3.4	-2.89943
3.405	-2.83986
3.41	-2.77994
3.415	-2.71969
3.42	-2.65912
3.425	-2.59826
3.43	-2.53712
3.435	-2.4757
3.44	-2.41403
3.445	-2.35211
3.45	-2.28996
3.455	-2.22759
3.46	-2.16501
3.465	-2.10224
3.47	-2.03928
3.475	-1.97614
3.48	-1.91284
3.485	-1.84938
3.49	-1.78577
3.495	-1.72202
3.5	-1.65815
3.505	-1.59414
3.51	-1.53003
3.515	-1.4658
3.52	-1.40147
3.525	-1.33705
3.53	-1.27253
3.535	-1.20794
3.54	-1.14327
3.545	-1.07852
3.55	-1.01371
3.555	-0.948842
3.56	-0.883915
3.565	-0.818936
3.57	-0.75391
3.575	-0.688841
3.58	-0.623734
3.585	-0.558592
3.59	-0.49342
3.595	-0.428221
3.6	-0.363
3.605	-0.297759
3.61	-0.232502
3.615	-0.167233
3.62	-0.101955
3.625	-0.0366719
3.63	0.0286131
3.635	0.0938966
3.64	0.159175
3.645	0.224446
3.65	0.289704
3.655	0.354947
3.66	0.420172
3.665	0.485373
3.67	0.550549
3.675	0.615695
3.68	0.680806
3.685	0.74588
3.69	0.810911
3.695	0.875896
3.7	0.94083
3.705	1.00571
3.71	1.07053
3.715	1.13528
3.72	1.19996
3.725	1.26457
3.73	1.32909
3.735	1.39352
3.74	1.45786
3.745	1.5221
3.75	1.58624
3.755	1.65025
3.76	1.71415
3.765	1.77791
3.77	1.84154
3.775	1.90502
3.78	1.96834
3.785	2.0315
3.79	2.09448
3.795	2.15728
3.8	2.21988
3.805	2.28227
3.81	2.34445
3.815	2.4064
3.82	2.4681
3.825	2.52955
3.83	2.59073
3.835	2.65163
3.84	2.71223
3.845	2.77252
3.85	2.83248
3.855	2.89209
3.86	2.95135
3.865	3.01023
3.87	3.06872
3.875	3.12679
3.88	3.18443
3.885	3.24162
3.89	3.29834
3.895	3.35457
3.9	3.41028
3.905	3.46546
3.91	3.52009
3.915	3.57414
3.92	3.62758
3.925	3.6804
3.93	3.73258
3.935	3.78408
3.94	3.83488
3.945	3.88496
3.95	3.93429
3.955	3.98285
3.96	4.0306
3.965	4.07753
3.97	4.12361
3.975	4.1688
3.98	4.21308
3.985	4.25643
3.99	4.29882
3.995	4.34021
4	4.38059
4.005	4.41992
4.01	4.45818
4.015	4.49534
4.02	4.53138
4.025	4.56626
4.03	4.59996
4.035	4.63246
4.04	4.66373
4.045	4.69374
4.05	4.72248
4.055	4.74991
4.06	4.77602
4.065	4.80078
4.07	4.82418
4.075	4.84619
4.08	4.86679
4.085	4.88596
4.09	4.9037
4.095	4.91998
4.1	4.93478
4.105	4.9481
4.11	4.95992
4.115	4.97023
4.12	4.97902
4.125	4.98629
4.13	4.99202
4.135	4.99621
4.14	4.99886
4.145	4.99996
4.15	4.99952
4.155	4.99753
4.16	4.994
4.165	4.98892
4.17	4.98231
4.175	4.97417
4.18	4.96451
4.185	4.95333
4.19	4.94065
4.195	4.92648
4.2	4.91083
4.205	4.89371
4.21	4.87515
4.215	4.85515
4.22	4.83374
4.225	4.81094
4.23	4.78675
4.235	4.76122
4.24	4.73435
4.245	4.70616
4.25	4.67669
4.255	4.64595
4.26	4.61398
4.265	4.58079
4.27	4.5464
4.275	4.51086
4.28	4.47418
4.285	4.43638
4.29	4.39751
4.295	4.35757
4.3	4.31661
4.305	4.27464
4.31	4.2317
4.315	4.18781
4.32	4.143
4.325	4.0973
4.33	4.05074
4.335	4.00333
4.34	3.95511
4.345	3.90611
4.35	3.85634
4.355	3.80585
4.36	3.75464
4.365	3.70275
4.37	3.6502
4.375	3.59702
4.38	3.54323
4.385	3.48885
4.39	3.4339
4.395	3.37841
4.4	3.3224
4.405	3.26589
4.41	3.20889
4.415	3.15144
4.42	3.09355
4.425	3.03524
4.43	2.97653
4.435	2.91743
4.44	2.85796
4.445	2.79815
4.45	2.738
4.455	2.67753
4.46	2.61676
4.465	2.55569
4.47	2.49436
4.475	2.43276
4.48	2.37092
4.485	2.30884
4.49	2.24653
4.495	2.18402
4.5	2.1213
4.505	2.0584
4.51	1.99531
4.515	1.93206
4.52	1.86865
4.525	1.80508
4.53	1.74138
4.535	1.67754
4.54	1.61357
4.545	1.54949
4.55	1.48529
4.555	1.421
4.56	1.3566
4.565	1.29211
4.57	1.22754
4.575	1.16289
4.58	1.09817
4.585	1.03338
4.59	0.968527
4.595	0.903616
4.6	0.838652
4.605	0.77364
4.61	0.708584
4.615	0.643488
4.62	0.578356
4.625	0.513193
4.63	0.448002
4.635	0.382787
4.64	0.317551
4.645	0.252299
4.65	0.187033
4.655	0.121758
4.66	0.0564758
4.665	-0.00880899
4.67	-0.0740933
4.675	-0.139374
4.68	-0.204647
4.685	-0.269909
4.69	-0.335158
4.695	-0.400388
4.7	-0.465597
4.705	-0.530781
4.71	-0.595936
4.715	-0.661059
4.72	-0.726144
4.725	-0.791189
4.73	-0.856189
4.735	-0.921138
4.74	-0.986034
4.745	-1.05087
4.75	-1.11564
4.755	-1.18035
4.76	-1.24498
4.765	-1.30952
4.77	-1.37399
4.775	-1.43836
4.78	-1.50263
4.785	-1.56679
4.79	-1.63085
4.795	-1.69478
4.8	-1.75858
4.805	-1.82225
4.81	-1.88577
4.815	-1.94915
4.82	-2.01235
4.825	-2.07539
4.83	-2.13825
4.835	-2.20091
4.84	-2.26337
4.845	-2.32561
4.85	-2.38763
4.855	-2.44941
4.86	-2.51094
4.865	-2.5722
4.87	-2.63318
4.875	-2.69388
4.88	-2.75426
4.885	-2.81432
4.89	-2.87405
4.895	-2.93342
4.9	-2.99241
4.905	-3.05102
4.91	-3.10922
4.915	-3.16699
4.92	-3.22432
4.925	-3.28118
4.93	-3.33756
4.935	-3.39344
4.94	-3.44878
4.945	-3.50358
4.95	-3.5578
4.955	-3.61143
4.96	-3.66445
4.965	-3.71682
4.97	-3.76853
4.975	-3.81955
4.98	-3.86985
4.985	-3.91941
4.99	-3.9682
4.995	-4.0162
5	-4.06339
5.005	-4.10972
5.01	-4.15518
5.015	-4.19975
5.02	-4.24338
5.025	-4.28606
5.03	-4.32776
5.035	-4.36845
5.04	-4.4081
5.045	-4.44669
5.05	-4.48419
5.055	-4.52056
5.06	-4.5558
5.065	-4.58986
5.07	-4.62273
5.075	-4.65437
5.08	-4.68477
5.085	-4.7139
5.09	-4.74173
5.095	-4.76824
5.1	-4.79341
5.105	-4.81723
5.11	-4.83966
5.115	-4.86069
5.12	-4.8803
5.125	-4.89847
5.13	-4.91519
5.135	-4.93045
5.14	-4.94422
5.145	-4.95649
5.15	-4.96726
5.155	-4.97652
5.16	-4.98425
5.165	-4.99044
5.17	-4.9951
5.175	-4.99822
5.18	-4.99979
5.185	-4.99982
5.19	-4.9983
5.195	-4.99523
5.2	-4.99062
5.205	-4.98448
5.21	-4.9768
5.215	-4.9676
5.22	-4.95688
5.225	-4.94465
5.23	-4.93093
5.235	-4.91573
5.24	-4.89906
5.245	-4.88093
5.25	-4.86137
5.255	-4.84039
5.26	-4.818
5.265	-4.79423
5.27	-4.76911
5.275	-4.74264
5.28	-4.71485
5.285	-4.68577
5.29	-4.65541
5.295	-4.62381
5.3	-4.59098
5.305	-4.55696
5.31	-4.52176
5.315	-4.48542
5.32	-4.44796
5.325	-4.40941
5.33	-4.36979
5.335	-4.32914
5.34	-4.28748
5.345	-4.24483
5.35	-4.20122
5.355	-4.15669
5.36	-4.11126
5.365	-4.06495
5.37	-4.0178
5.375	-3.96982
5.38	-3.92105
5.385	-3.87152
5.39	-3.82124
5.395	-3.77025
5.4	-3.71856
5.405	-3.66621
5.41	-3.61322
5.415	-3.55961
5.42	-3.5054
5.425	-3.45063
5.43	-3.3953
5.435	-3.33944
5.44	-3.28308
5.445	-3.22623
5.45	-3.16892
5.455	-3.11116
5.46	-3.05297
5.465	-2.99438
5.47	-2.9354
5.475	-2.87604
5.48	-2.81633
5.485	-2.75628
5.49	-2.6959
5.495	-2.63522
5.5	-2.57425
5.505	-2.51299
5.51	-2.45147
5.515	-2.3897
5.52	-2.32769
5.525	-2.26546
5.53	-2.203
5.535	-2.14035
5.54	-2.0775
5.545	-2.01447
5.55	-1.95127
5.555	-1.8879
5.56	-1.82438
5.565	-1.76072
5.57	-1.69692
5.575	-1.63299
5.58	-1.56894
5.585	-1.50478
5.59	-1.44051
5.595	-1.37614
5.6	-1.31168
5.605	-1.24714
5.61	-1.18251
5.615	-1.11781
5.62	-1.05304
5.625	-0.988206
5.63	-0.923313
5.635	-0.858364
5.64	-0.793366
5.645	-0.728323
5.65	-0.663239
5.655	-0.598117
5.66	-0.532963
5.665	-0.46778
5.67	-0.402572
5.675	-0.337342
5.68	-0.272095
5.685	-0.206833
5.69	-0.14156
5.695	-0.0762794
5.7	-0.0109952
5.705	0.0542897
5.71	0.119572
5.715	0.184847
5.72	0.250113
5.725	0.315366
5.73	0.380603
5.735	0.445819
5.74	0.51101
5.745	0.576175
5.75	0.641307
5.755	0.706405
5.76	0.771462
5.765	0.836476
5.77	0.901442
5.775	0.966354
5.78	1.03121
5.785	1.096
5.79	1.16073
5.795	1.22538
5.8	1.28995
5.805	1.35444
5.81	1.41884
5.815	1.48314
5.82	1.54734
5.825	1.61143
5.83	1.6754
5.835	1.73924
5.84	1.80295
5.845	1.86652
5.85	1.92994
5.855	1.9932
5.86	2.05629
5.865	2.1192
5.87	2.18192
5.875	2.24444
5.88	2.30675
5.885	2.36884
5.89	2.43069
5.895	2.4923
5.9	2.55364
5.905	2.61472
5.91	2.6755
5.915	2.73598
5.92	2.79614
5.925	2.85597
5.93	2.91544
5.935	2.97456
5.94	3.03328
5.945	3.09161
5.95	3.14951
5.955	3.20698
5.96	3.26398
5.965	3.32051
5.97	3.37654
5.975	3.43205
5.98	3.48701
5.985	3.54142
5.99	3.59523
5.995	3.64843
6	3.701
6.005	3.75292
6.01	3.80414
6.015	3.85467
6.02	3.90445
6.025	3.95348
6.03	4.00173
6.035	4.04916
6.04	4.09576
6.045	4.14149
6.05	4.18633
6.055	4.23025
6.06	4.27322
6.065	4.31522
6.07	4.35622
6.075	4.39618
6.08	4.4351
6.085	4.47293
6.09	4.50965
6.095	4.54523
6.1	4.57965
6.105	4.61289
6.11	4.6449
6.115	4.67568
6.12	4.7052
6.125	4.73342
6.13	4.76034
6.135	4.78592
6.14	4.81015
6.145	4.833
6.15	4.85446
6.155	4.8745
6.16	4.89311
6.165	4.91028
6.17	4.92598
6.175	4.9402
6.18	4.95293
6.185	4.96416
6.19	4.97387
6.195	4.98206
6.2	4.98873
6.205	4.99385
6.21	4.99744
6.215	4.99948
6.22	4.99997
6.225	4.99892
6.23	4.99633
6.235	4.99219
6.24	4.98651
6.245	4.97929
6.25	4.97055
6.255	4.96029
6.26	4.94852
6.265	4.93525
6.27	4.9205
6.275	4.90427
6.28	4.88658
6.285	4.86745
6.29	4.8469
6.295	4.82494
6.3	4.80159
6.305	4.77687
6.31	4.75081
6.315	4.72342
6.32	4.69472
6.325	4.66475
6.33	4.63352
6.335	4.60107
6.34	4.5674
6.345	4.53256
6.35	4.49657
6.355	4.45944
6.36	4.42122
6.365	4.38192
6.37	4.34158
6.375	4.30022
6.38	4.25787
6.385	4.21455
6.39	4.1703
6.395	4.12513
6.4	4.07909
6.405	4.03219
6.41	3.98446
6.415	3.93593
6.42	3.88663
6.425	3.83657
6.43	3.78579
6.435	3.73431
6.44	3.68216
6.445	3.62936
6.45	3.57594
6.455	3.52191
6.46	3.4673
6.465	3.41214
6.47	3.35644
6.475	3.30023
6.48	3.24353
6.485	3.18635
6.49	3.12873
6.495	3.07067
6.5	3.0122
6.505	2.95333
6.51	2.89408
6.515	2.83448
6.52	2.77453
6.525	2.71425
6.53	2.65366
6.535	2.59277
6.54	2.5316
6.545	2.47016
6.55	2.40847
6.555	2.34653
6.56	2.28436
6.565	2.22197
6.57	2.15938
6.575	2.09658
6.58	2.03361
6.585	1.97046
6.59	1.90714
6.595	1.84366
6.6	1.78004
6.605	1.71628
6.61	1.65239
6.615	1.58838
6.62	1.52425
6.625	1.46002
6.63	1.39568
6.635	1.33125
6.64	1.26673
6.645	1.20213
6.65	1.13745
6.655	1.0727
6.66	1.00788
6.665	0.943004
6.67	0.878072
6.675	0.813088
6.68	0.748058
6.685	0.682986
6.69	0.617876
6.695	0.552731
6.7	0.487556
6.705	0.422355
6.71	0.357132
6.715	0.291889
6.72	0.226631
6.725	0.161361
6.73	0.0960827
6.735	0.0307993
6.74	-0.0344857
6.745	-0.099769
6.75	-0.165047
6.755	-0.230316
6.76	-0.295574
6.765	-0.360815
6.77	-0.426038
6.775	-0.491237
6.78	-0.55641
6.785	-0.621553
6.79	-0.686662
6.795	-0.751732
6.8	-0.816759
6.805	-0.88174
6.81	-0.946669
6.815	-1.01154
6.82	-1.07635
6.825	-1.1411
6.83	-1.20578
6.835	-1.27037
6.84	-1.33489
6.845	-1.39931
6.85	-1.46365
6.855	-1.52788
6.86	-1.592
6.865	-1.656
6.87	-1.71989
6.875	-1.78364
6.88	-1.84725
6.885	-1.91072
6.89	-1.97403
6.895	-2.03717
6.9	-2.10013
6.905	-2.16291
6.91	-2.2255
6.915	-2.28787
6.92	-2.35003
6.925	-2.41196
6.93	-2.47364
6.935	-2.53506
6.94	-2.59622
6.945	-2.65709
6.95	-2.71766
6.955	-2.77792
6.96	-2.83785
6.965	-2.89744
6.97	-2.95666
6.975	-3.01551
6.98	-3.07396
6.985	-3.13199
6.99	-3.18959
6.995	-3.24674
7	-3.30342
7.005	-3.3596
7.01	-3.41527
7.015	-3.4704
7.02	-3.52497
7.025	-3.57897
7.03	-3.63236
7.035	-3.68513
7.04	-3.73724
7.045	-3.78868
7.05	-3.83942
7.055	-3.88943
7.06	-3.93869
7.065	-3.98718
7.07	-4.03486
7.075	-4.08171
7.08	-4.12771
7.085	-4.17282
7.09	-4.21702
7.095	-4.26028
7.1	-4.30258
7.105	-4.34389
7.11	-4.38417
7.115	-4.42341
7.12	-4.46157
7.125	-4.49863
7.13	-4.53456
7.135	-4.56934
7.14	-4.60293
7.145	-4.63532
7.15	-4.66648
7.155	-4.69638
7.16	-4.725
7.165	-4.75231
7.17	-4.7783
7.175	-4.80294
7.18	-4.82622
7.185	-4.8481
7.19	-4.86857
7.195	-4.88762
7.2	-4.90522
7.205	-4.92137
7.21	-4.93604
7.215	-4.94922
7.22	-4.96091
7.225	-4.97108
7.23	-4.97974
7.235	-4.98687
7.24	-4.99246
7.245	-4.99651
7.25	-4.99902
7.255	-4.99999
7.26	-4.99941
7.265	-4.99728
7.27	-4.9936
7.275	-4.98839
7.28	-4.98164
7.285	-4.97336
7.29	-4.96356
7.295	-4.95225
7.3	-4.93943
7.305	-4.92513
7.31	-4.90935
7.315	-4.8921
7.32	-4.87341
7.325	-4.85328
7.33	-4.83175
7.335	-4.80882
7.34	-4.78451
7.345	-4.75885
7.35	-4.73186
7.355	-4.70356
7.36	-4.67398
7.365	-4.64313
7.37	-4.61104
7.375	-4.57774
7.38	-4.54325
7.385	-4.50761
7.39	-4.47082
7.395	-4.43293
7.4	-4.39396
7.405	-4.35393
7.41	-4.31287
7.415	-4.27082
7.42	-4.22779
7.425	-4.18382
7.43	-4.13893
7.435	-4.09315
7.44	-4.0465
7.445	-3.99902
7.45	-3.95074
7.455	-3.90166
7.46	-3.85183
7.465	-3.80127
7.47	-3.75
7.475	-3.69805
7.48	-3.64545
7.485	-3.59221
7.49	-3.53836
7.495	-3.48393
7.5	-3.42893
7.505	-3.37339
7.51	-3.31733
7.515	-3.26078
7.52	-3.20374
7.525	-3.14625
7.53	-3.08833
7.535	-3.02998
7.54	-2.97123
7.545	-2.9121
7.55	-2.8526
7.555	-2.79275
7.56	-2.73257
7.565	-2.67207
7.57	-2.61127
7.575	-2.55019
7.58	-2.48883
7.585	-2.42721
7.59	-2.36534
7.595	-2.30324
7.6	-2.24092
7.605	-2.17838
7.61	-2.11565
7.615	-2.05273
7.62	-1.98963
7.625	-1.92636
7.63	-1.86294
7.635	-1.79936
7.64	-1.73564
7.645	-1.67179
7.65	-1.60781
7.655	-1.54372
7.66	-1.47951
7.665	-1.41521
7.67	-1.3508
7.675	-1.28631
7.68	-1.22173
7.685	-1.15707
7.69	-1.09235
7.695	-1.02755
7.7	-0.96269
7.705	-0.897774
7.71	-0.832806
7.715	-0.76779
7.72	-0.70273
7.725	-0.637631
7.73	-0.572496
7.735	-0.50733
7.74	-0.442137
7.745	-0.376919
7.75	-0.311682
7.755	-0.246428
7.76	-0.181162
7.765	-0.115886
7.77	-0.0506033
7.775	0.0146816
7.78	0.0799658
7.785	0.145246
7.79	0.210518
7.795	0.275779
7.8	0.341026
7.805	0.406255
7.81	0.471462
7.815	0.536643
7.82	0.601796
7.825	0.666915
7.83	0.731997
7.835	0.797038
7.84	0.862033
7.845	0.926978
7.85	0.991869
7.855	1.0567
7.86	1.12147
7.865	1.18616
7.87	1.25079
7.875	1.31533
7.88	1.37978
7.885	1.44414
7.89	1.5084
7.895	1.57256
7.9	1.6366
7.905	1.70052
7.91	1.76432
7.915	1.82797
7.92	1.89148
7.925	1.95484
7.93	2.01803
7.935	2.08105
7.94	2.14389
7.945	2.20654
7.95	2.26898
7.955	2.3312
7.96	2.3932
7.965	2.45495
7.97	2.51646
7.975	2.5777
7.98	2.63866
7.985	2.69932
7.99	2.75968
7.995	2.81971
8	2.8794
8.005	2.93874
8.01	2.9977
8.015	3.05627
8.02	3.11443
8.025	3.17217
8.03	3.22945
8.035	3.28628
8.04	3.34261
8.045	3.39844
8.05	3.45373
8.055	3.50848
8.06	3.56265
8.065	3.61623
8.07	3.66919
8.075	3.7215
8.08	3.77315
8.085	3.8241
8.09	3.87434
8.095	3.92383
8.1	3.97255
8.105	4.02048
8.11	4.06759
8.115	4.11385
8.12	4.15923
8.125	4.20371
8.13	4.24726
8.135	4.28985
8.14	4.33146
8.145	4.37206
8.15	4.41162
8.155	4.45011
8.16	4.4875
8.165	4.52378
8.17	4.55891
8.175	4.59287
8.18	4.62563
8.185	4.65716
8.19	4.68744
8.195	4.71645
8.2	4.74417
8.205	4.77056
8.21	4.79561
8.215	4.8193
8.22	4.84161
8.225	4.86251
8.23	4.88199
8.235	4.90004
8.24	4.91663
8.245	4.93175
8.25	4.94538
8.255	4.95752
8.26	4.96816
8.265	4.97728
8.27	4.98487
8.275	4.99093
8.28	4.99545
8.285	4.99843
8.29	4.99986
8.295	4.99975
8.3	4.99809
8.305	4.99488
8.31	4.99013
8.315	4.98385
8.32	4.97604
8.325	4.9667
8.33	4.95584
8.335	4.94348
8.34	4.92962
8.345	4.91429
8.35	4.89749
8.355	4.87923
8.36	4.85954
8.365	4.83843
8.37	4.81592
8.375	4.79203
8.38	4.76678
8.385	4.74019
8.39	4.71229
8.395	4.68309
8.4	4.65262
8.405	4.6209
8.41	4.58797
8.415	4.55384
8.42	4.51854
8.425	4.4821
8.43	4.44454
8.435	4.40589
8.44	4.36618
8.445	4.32543
8.45	4.28368
8.455	4.24094
8.46	4.19725
8.465	4.15264
8.47	4.10713
8.475	4.06074
8.48	4.01351
8.485	3.96547
8.49	3.91663
8.495	3.86703
8.5	3.81668
8.505	3.76563
8.51	3.71388
8.515	3.66147
8.52	3.60842
8.525	3.55476
8.53	3.5005
8.535	3.44567
8.54	3.39029
8.545	3.33439
8.55	3.27799
8.555	3.2211
8.56	3.16374
8.565	3.10594
8.57	3.04772
8.575	2.98909
8.58	2.93007
8.585	2.87068
8.59	2.81094
8.595	2.75086
8.6	2.69046
8.605	2.62975
8.61	2.56875
8.615	2.50747
8.62	2.44593
8.625	2.38413
8.63	2.3221
8.635	2.25985
8.64	2.19738
8.645	2.1347
8.65	2.07184
8.655	2.00879
8.66	1.94557
8.665	1.88219
8.67	1.81866
8.675	1.75498
8.68	1.69117
8.685	1.62723
8.69	1.56317
8.695	1.499
8.7	1.43472
8.705	1.37035
8.71	1.30588
8.715	1.24133
8.72	1.1767
8.725	1.11199
8.73	1.04721
8.735	0.982371
8.74	0.917472
8.745	0.852519
8.75	0.787517
8.755	0.72247
8.76	0.657382
8.765	0.592258
8.77	0.527101
8.775	0.461916
8.78	0.396705
8.785	0.331474
8.79	0.266225
8.795	0.200961
8.8	0.135688
8.805	0.070407
8.81	0.00512252
8.815	-0.0601622
8.82	-0.125444
8.825	-0.190719
8.83	-0.255984
8.835	-0.321235
8.84	-0.38647
8.845	-0.451684
8.85	-0.516873
8.855	-0.582035
8.86	-0.647165
8.865	-0.712259
8.87	-0.777312
8.875	-0.842322
8.88	-0.907283
8.885	-0.972191
8.89	-1.03704
8.895	-1.10183
8.9	-1.16655
8.905	-1.23119
8.91	-1.29576
8.915	-1.36024
8.92	-1.42463
8.925	-1.48892
8.93	-1.55311
8.935	-1.61719
8.94	-1.68115
8.945	-1.74498
8.95	-1.80868
8.955	-1.87223
8.96	-1.93564
8.965	-1.99888
8.97	-2.06195
8.975	-2.12485
8.98	-2.18755
8.985	-2.25006
8.99	-2.31235
8.995	-2.37442
9	-2.43625
9.005	-2.49783
9.01	-2.55915
9.015	-2.6202
9.02	-2.68095
9.025	-2.7414
9.03	-2.80153
9.035	-2.86133
9.04	-2.92078
9.045	-2.97985
9.05	-3.03855
9.055	-3.09683
9.06	-3.1547
9.065	-3.21212
9.07	-3.26909
9.075	-3.32557
9.08	-3.38156
9.085	-3.43702
9.09	-3.49193
9.095	-3.54628
9.1	-3.60004
9.105	-3.65319
9.11	-3.7057
9.115	-3.75755
9.12	-3.80872
9.125	-3.85917
9.13	-3.9089
9.135	-3.95786
9.14	-4.00603
9.145	-4.05339
9.15	-4.09991
9.155	-4.14556
9.16	-4.19031
9.165	-4.23415
9.17	-4.27704
9.175	-4.31895
9.18	-4.35985
9.185	-4.39973
9.19	-4.43855
9.195	-4.47628
9.2	-4.5129
9.205	-4.54838
9.21	-4.58269
9.215	-4.61582
9.22	-4.64772
9.225	-4.67839
9.23	-4.70779
9.235	-4.7359
9.24	-4.76269
9.245	-4.78816
9.25	-4.81226
9.255	-4.83499
9.26	-4.85632
9.265	-4.87623
9.27	-4.89472
9.275	-4.91175
9.28	-4.92732
9.285	-4.9414
9.29	-4.954
9.295	-4.96509
9.3	-4.97467
9.305	-4.98273
9.31	-4.98925
9.315	-4.99424
9.32	-4.99769
9.325	-4.99959
9.33	-4.99994
9.335	-4.99875
9.34	-4.99602
9.345	-4.99174
9.35	-4.98592
9.355	-4.97857
9.36	-4.96969
9.365	-4.95929
9.37	-4.94739
9.375	-4.93398
9.38	-4.9191
9.385	-4.90274
9.39	-4.88492
9.395	-4.86566
9.4	-4.84498
9.405	-4.82289
9.41	-4.79942
9.415	-4.77458
9.42	-4.7484
9.425	-4.72089
9.43	-4.69208
9.435	-4.66199
9.44	-4.63066
9.445	-4.59809
9.45	-4.56432
9.455	-4.52937
9.46	-4.49327
9.465	-4.45605
9.47	-4.41773
9.475	-4.37834
9.48	-4.3379
9.485	-4.29645
9.49	-4.25401
9.495	-4.21061
9.5	-4.16627
9.505	-4.12103
9.51	-4.0749
9.515	-4.02793
9.52	-3.98013
9.525	-3.93153
9.53	-3.88215
9.535	-3.83203
9.54	-3.78119
9.545	-3.72965
9.55	-3.67744
9.555	-3.62458
9.56	-3.5711
9.565	-3.51702
9.57	-3.46236
9.575	-3.40715
9.58	-3.3514
9.585	-3.29515
9.59	-3.2384
9.595	-3.18119
9.6	-3.12352
9.605	-3.06543
9.61	-3.00692
9.615	-2.94802
9.62	-2.88874
9.625	-2.8291
9.63	-2.76912
9.635	-2.70881
9.64	-2.6482
9.645	-2.58728
9.65	-2.52609
9.655	-2.46462
9.66	-2.4029
9.665	-2.34094
9.67	-2.27875
9.675	-2.21635
9.68	-2.15373
9.685	-2.09093
9.69	-2.02793
9.695	-1.96477
9.7	-1.90143
9.705	-1.83795
9.71	-1.77431
9.715	-1.71054
9.72	-1.64664
9.725	-1.58262
9.73	-1.51848
9.735	-1.45423
9.74	-1.38989
9.745	-1.32545
9.75	-1.26092
9.755	-1.19631
9.76	-1.13162
9.765	-1.06687
9.77	-1.00205
9.775	-0.937165
9.78	-0.872228
9.785	-0.807241
9.79	-0.742207
9.795	-0.677131
9.8	-0.612017
9.805	-0.54687
9.81	-0.481692
9.815	-0.416489
9.82	-0.351264
9.825	-0.286019
9.83	-0.22076
9.835	-0.155489
9.84	-0.0902104
9.845	-0.0249267
9.85	0.0403583
9.855	0.105641
9.86	0.170919
9.865	0.236187
9.87	0.301443
9.875	0.366683
9.88	0.431904
9.885	0.497101
9.89	0.562272
9.895	0.627411
9.9	0.692516
9.905	0.757583
9.91	0.822606
9.915	0.887582
9.92	0.952507
9.925	1.01737
9.93	1.08218
9.935	1.14692
9.94	1.21159
9.945	1.27618
9.95	1.34069
9.955	1.40511
9.96	1.46943
9.965	1.53365
9.97	1.59776
9.975	1.66176
9.98	1.72563
9.985	1.78937
9.99	1.85297
9.995	1.91642
