         180 0.0003423844536 
         181 0.0006847923094 
         182 0.001203199465 
         183 0.001980883746 
         184 0.003166303086 
         185 0.004911356045 
         186 0.007526161092 
         187 0.01146244097 
         188 0.01737176385 
         189 0.02631870198 
         190 0.03986597167 
         191 0.06038003415 
         192 0.09147473589 
         193 0.1384905026 
         194 0.2092889336 
         195 0.3148940649 
         196 0.4689443027 
         197 0.6826352064 
         198 0.9468057876 
         199  1.196243664 
         200      1.30438 
         201  1.196243664 
         202 0.9468057876 
         203 0.6826352065 
         204 0.4689443028 
         205 0.3148940649 
         206 0.2092889336 
         207 0.1384905026 
         208 0.09147473591 
         209 0.06038003416 
         210 0.03986597168 
         211 0.02631870199 
         212 0.01737176385 
         213 0.01146244098 
         214 0.007526161093 
         215 0.004911356046 
         216 0.003166303086 
         217 0.001980883747 
         218 0.001203199465 
         219 0.0006847923091 
         220 0.0003423844537 
         221 0.0001540588562 
         222 4.134825087e-05 
         223 -5.603107622e-06 
         224 5.457704811e-06 
         225 1.321034246e-05 
         226 3.986176843e-05 
         227 6.46041851e-05 
         228 5.015425316e-05 
         229 3.786942383e-05 
         230 -2.126063651e-06 
         231 -7.076546443e-05 
         232 -0.0001229684247 
         233 -0.0001912029794 
         234 -0.0002482595533 
         235 -0.0002689410181 
         236 -0.0002858508225 
         237 -0.0002676386654 
         238 -0.0002213690103 
         239 -0.0001759212038 
