         180 0.01460133618 
         181 0.01867195711 
         182 0.02387718065 
         183 0.03053211654 
         184 0.03903913363 
         185 0.0499113651 
         186 0.06380175567 
         187 0.08153798839 
         188 0.1041631076 
         189 0.1329786685 
         190 0.1695819859 
         191 0.2158780062 
         192 0.2740232202 
         193  0.346219207 
         194 0.4342106025 
         195 0.5382743868 
         196 0.6555089393 
         197 0.7775842756 
         198 0.8891270981 
         199 0.9692943664 
         200 0.9987111791 
         201 0.9692943664 
         202 0.8891270981 
         203 0.7775842756 
         204 0.6555089394 
         205 0.5382743869 
         206 0.4342106025 
         207  0.346219207 
         208 0.2740232202 
         209 0.2158780062 
         210 0.1695819859 
         211 0.1329786685 
         212 0.1041631076 
         213 0.08153798839 
         214 0.06380175566 
         215 0.0499113651 
         216 0.03903913364 
         217 0.03053211654 
         218 0.02387718064 
         219 0.01867195711 
         220 0.01460133618 
         221 0.01141877172 
         222 0.008931353311 
         223 0.00698806239 
         224 0.005470594347 
         225 0.00428612177 
         226 0.003361679948 
         227 0.002639887145 
         228 0.002075601221 
         229 0.001633353474 
         230 0.001285484336 
         231 0.00101058666 
         232 0.0007922866286 
         233 0.0006183674205 
         234 0.0004797995341 
         235 0.0003700072266 
         236 0.0002842809049 
         237 0.0002189817373 
         238 0.0001711364138 
         239 0.0001380672142 
