           1           63    95.754888
           2          163  114.1998459
           3          256  104.6558904
           4          324  96.86081361
           5          359   92.4409823
           6          466  90.17410056
           7          498  89.21270239
           8          607  107.7743378
           9          641  83.21676174
          10          716   102.048538
          11          770  84.06313611
          12          866  113.9840124
          13          972  112.2987611
