 0 0.777132299
 1 0.3657784669
 2 0.2680796581
 3 0.4687565593
 4 3.967945772
 5 7.185746772
 6 2.468592569
 7 0.5479266312
 8 0.454394916
 9 3.298115699
 10 2.228801668
 11 1.443093671
 12 1.598090847
 13 1.151820418
 14 0.6215163649
 15 1.705572563
 16 0.09555147226
 17 0.2400135557
 18 0.3070228114
 19 3.820149032
 20 1.083647386
 21 0.7061983099
 22 1.034243074
 23 0.8862459304
 24 0.2269379209
 25 0.1306449773
 26 0.2621266232
 27 0.1661511783
 28 0.4269068538
 29 0.6652360927
 30 1.312679737
 31 0.2191461685
 32 0.1313547241
 33 0.508408154
 34 0.636796675
 35 0.1911424344
 36 0.01416906197
 37 0.453802825
 38 1.245868403
 39 0.1518783683
 40 2.45920506
 41 0.2774360918
 42 0.8121638024
 43 0.15668527
 44 0.4411339032
 45 0.4181571059
 46 2.453663734
 47 2.299522175
 48 3.864414094
 49 5.700951034
 50 1.034557443
 51 0.3201306377
 52 0.4148793135
 53 0.4300128677
 54 1.109405399
 55 1.120238124
 56 1.527360083
 57 0.6928665788
 58 1.541749107
 59 1.058110418
 60 0.3747065257
 61 0.557707606
 62 3.280892568
 63 90.06786537
 64 1.224849734
 65 0.2488661945
 66 0.9304726997
 67 0.3319875272
 68 0.3382644822
 69 0.2416299408
 70 0.4051404895
 71 0.1894982177
 72 0.1807880594
 73 0.8958289537
 74 0.6793460128
 75 0.9821559023
 76 0.6686557679
 77 1.872339632
 78 0.6983568182
 79 0.7334257825
 80 0.2011576458
 81 2.022835111
 82 0.354347595
 83 1.084904588
 84 1.694452309
 85 0.7576205534
 86 0.286674042
 87 1.469124993
 88 2.562224598
 89 0.7822737654
 90 0.7083461074
 91 0.1400753503
 92 0.9933340772
 93 0.2757370513
 94 0.7574796691
 95 1.255042876
 96 0.8504876386
 97 0.2005119362
 98 0.433634094
 99 0.03852267605
 100 0.1187705181
 101 0.2604251242
 102 0.3253009153
 103 0.7111390171
 104 2.503656892
 105 0.055177096
 106 0.2792475333
 107 1.270553181
 108 0.4924956448
 109 0.229082298
 110 0.185974304
 111 0.9189544725
 112 2.184517632
 113 0.2722899456
 114 0.2591189351
 115 0.5252133177
 116 0.4899589566
 117 0.9222084159
 118 0.09524493143
 119 0.8520896675
 120 0.9145868849
 121 0.1847122419
 122 0.4290541468
 123 0.2985219606
 124 0.618868717
 125 1.08203976
 126 2.795792861
 127 3.060420873
 128 1.943962232
 129 0.9057160987
 130 0.1874201291
 131 1.048702466
 132 3.950830771
 133 1.085090347
 134 0.3460540502
 135 0.8347544051
 136 0.3241693326
 137 1.075155992
 138 0.5030089559
 139 1.215680317
 140 2.036698756
 141 0.8681724469
 142 0.3907123091
 143 0.3931344654
 144 3.301715316
 145 1.235999747
 146 2.748112545
 147 0.462374339
 148 0.03757881915
 149 0.1856835905
 150 0.5733476006
 151 1.600050099
 152 0.4676327388
 153 0.4133926425
 154 0.2020454763
 155 0.9423182918
 156 1.488652678
 157 0.637964815
 158 2.099481372
 159 0.8943483332
 160 0.6144409093
 161 0.2261071432
 162 5.621081169
 163 99.84482918
 164 7.106433483
 165 0.9800952329
 166 0.4212997243
 167 0.9883559226
 168 1.19652739
 169 1.10980159
 170 0.2074042071
 171 0.5384671834
 172 0.5859563886
 173 0.09263851659
 174 0.03112017306
 175 0.09371393411
 176 1.83921495
 177 0.527472945
 178 0.1534086068
 179 0.370640652
 180 1.138583281
 181 0.5304087722
 182 0.1779767474
 183 0.6303646831
 184 0.4622155106
 185 0.5468758636
 186 0.7931661981
 187 0.7900577686
 188 1.376699341
 189 1.818200476
 190 0.2013425519
 191 0.1525984293
 192 1.241667938
 193 0.2188666649
 194 0.1573218895
 195 0.1826330547
 196 0.3888183985
 197 0.3825185963
 198 2.798140064
 199 1.481462684
 200 1.054582477
 201 0.04197795221
 202 0.07672298343
 203 0.1830712313
 204 0.2114433997
 205 0.07957682606
 206 0.4211912314
 207 0.8329855679
 208 2.845069192
 209 0.7767443749
 210 0.6237867152
 211 0.8237880456
 212 0.8461790523
 213 1.977070368
 214 2.28717884
 215 0.3856513048
 216 0.821850769
 217 0.9229283749
 218 0.3249688159
 219 0.9455793209
 220 0.7789399082
 221 1.803025472
 222 0.1653239498
 223 1.759267589
 224 0.2374385857
 225 0.2426946965
 226 2.537077865
 227 0.1575191775
 228 0.2465114046
 229 1.670301965
 230 0.4060338208
 231 0.4915196774
 232 1.40661932
 233 0.6446003054
 234 0.3617772158
 235 0.9777671923
 236 0.2124382282
 237 0.07187051442
 238 0.6814574556
 239 0.800779926
 240 1.061809943
 241 2.473055206
 242 1.016827344
 243 1.679155484
 244 0.8587601244
 245 0.5858147927
 246 0.09742121875
 247 1.438516523
 248 0.9099505822
 249 0.2724833955
 250 0.9421740805
 251 0.6260849539
 252 1.028861075
 253 1.251051703
 254 0.5062191608
 255 3.940138098
 256 83.36869585
 257 13.36233369
 258 3.04968617
 259 0.4288174296
 260 0.8568514103
 261 0.8420923548
 262 0.535608113
 263 1.076718583
 264 0.7871263169
 265 0.154954437
 266 0.5135736179
 267 1.145284265
 268 1.567790047
 269 1.034279072
 270 0.6823087616
 271 1.002182408
 272 0.6222275682
 273 0.9499403395
 274 0.8246836401
 275 0.04801425589
 276 0.2220966599
 277 1.773374126
 278 1.777150929
 279 0.9886424174
 280 0.4860562961
 281 0.4674456369
 282 0.1930538369
 283 0.09607842868
 284 0.1759527082
 285 0.3892595911
 286 0.4737151575
 287 0.6343694652
 288 1.496937728
 289 1.145617142
 290 0.5178098434
 291 0.4033455607
 292 0.7325224665
 293 0.1908246823
 294 0.1771899533
 295 0.4398017146
 296 1.515517735
 297 1.132036237
 298 0.7606262489
 299 1.459779399
 300 1.269489269
 301 0.7378002913
 302 0.1771901304
 303 0.2803760248
 304 0.6316731286
 305 0.1051333861
 306 1.026605738
 307 1.118619712
 308 0.5535994921
 309 0.171255995
 310 0.5021971087
 311 1.1009902
 312 0.5122630293
 313 0.5277472651
 314 0.4960978358
 315 0.1395149853
 316 0.973383219
 317 1.577339543
 318 0.422740548
 319 1.632779494
 320 1.960963832
 321 0.5683179423
 322 1.931456501
 323 9.321907043
 324 72.9300474
 325 10.42130096
 326 1.235178614
 327 0.2823236113
 328 0.1702815432
 329 1.194853887
 330 0.8935254091
 331 1.029225673
 332 0.5631477557
 333 0.3113983025
 334 0.6088455276
 335 0.8538547215
 336 0.251423326
 337 1.032516489
 338 1.615844851
 339 1.272343064
 340 0.8892433767
 341 0.1024048594
 342 0.3097108413
 343 0.2019108101
 344 0.6104607899
 345 0.3409788495
 346 2.042658401
 347 1.594009451
 348 0.4874929156
 349 0.4504622109
 350 0.229671953
 351 0.3648933727
 352 0.05044615023
 353 0.1788883722
 354 0.6959979484
 355 1.21768065
 356 0.4562665236
 357 0.5483658737
 358 5.102837187
 359 81.35514745
 360 4.355501791
 361 0.3176271649
 362 0.3052363072
 363 0.6723661458
 364 0.3942133834
 365 0.1667028416
 366 0.2978610098
 367 0.3937941129
 368 0.4218645392
 369 0.7561993534
 370 0.4590851006
 371 0.3235881059
 372 0.7784115634
 373 0.2174965979
 374 0.7430974649
 375 0.9091188783
 376 0.2700791785
 377 0.1094124591
 378 0.467704772
 379 0.159959022
 380 0.3281386471
 381 0.1394196921
 382 0.2241857094
 383 0.2051478791
 384 0.4642299084
 385 1.043278288
 386 0.2431440666
 387 0.9187935436
 388 0.8473471034
 389 0.5136938669
 390 0.6008605275
 391 0.2490002852
 392 0.3355701529
 393 0.7730096019
 394 0.7040244271
 395 0.1386424962
 396 0.09950895443
 397 0.2522490637
 398 0.1910815535
 399 0.9571353356
 400 0.4382166946
 401 0.6204051066
 402 1.234648718
 403 0.6258117327
 404 0.9409666918
 405 1.166337243
 406 0.5737290037
 407 1.333175047
 408 0.8092509284
 409 0.5382975281
 410 1.16109849
 411 0.5180167066
 412 0.2384644199
 413 0.2766787341
 414 0.4399943675
 415 1.566030473
 416 0.4513184864
 417 0.06233450396
 418 0.03358272237
 419 0.04010822416
 420 0.3648017031
 421 0.231453882
 422 0.4734118075
 423 0.2379548027
 424 0.2012903614
 425 0.8326967654
 426 0.6368719008
 427 1.198616944
 428 1.803734052
 429 0.4762246281
 430 0.8561828195
 431 1.497198396
 432 3.379250287
 433 2.256574783
 434 2.230628804
 435 0.6431804071
 436 0.7276299267
 437 0.7809218752
 438 0.9607800484
 439 1.888762499
 440 1.11566294
 441 2.373609506
 442 1.007361427
 443 0.1970744866
 444 0.05824577081
 445 0.6924262978
 446 1.628827976
 447 0.6314508156
 448 1.38515059
 449 0.3374380276
 450 0.2941355624
 451 0.1304619953
 452 0.1674432613
 453 0.364511561
 454 0.1483063853
 455 1.308041776
 456 0.2423395761
 457 0.1885517309
 458 1.628280623
 459 1.845344578
 460 0.900048256
 461 1.424038237
 462 2.204256636
 463 0.1551903345
 464 0.9848120378
 465 8.930345607
 466 73.52199518
 467 6.076959928
 468 0.5047974694
 469 0.5893733416
 470 0.3288733836
 471 0.2200209073
 472 0.7642927586
 473 0.4603865341
 474 0.4345414338
 475 1.892722067
 476 1.823186636
 477 1.765244
 478 0.8764395672
 479 0.2639017896
 480 0.3246733083
 481 0.3115445428
 482 0.3086413002
 483 0.9403247804
 484 0.658122206
 485 0.6790877103
 486 0.6827756543
 487 0.3437931473
 488 2.687913499
 489 0.9404746657
 490 0.3251388463
 491 0.931193703
 492 1.716711084
 493 0.8205004547
 494 1.566417569
 495 1.831210864
 496 1.018047144
 497 11.12686347
 498 69.03435483
 499 7.006447362
 500 0.5468872959
 501 0.2584721372
 502 0.214765929
 503 0.006864222297
 504 0.01121893556
 505 0.1745976192
 506 0.04028734145
 507 0.3749094066
 508 0.6323588373
 509 0.4641688966
 510 0.1656560232
 511 0.1991490563
 512 0.2380729504
 513 0.6925599602
 514 1.475962311
 515 2.081533029
 516 0.8256682237
 517 0.9593287348
 518 0.7798430832
 519 0.6735319122
 520 0.9093378756
 521 0.2519749735
 522 0.3144472275
 523 0.106378195
 524 0.2575553978
 525 0.5791778654
 526 0.7603467867
 527 1.488003736
 528 0.7964070654
 529 0.1692534383
 530 0.2092894193
 531 0.238569932
 532 0.3333553384
 533 1.003848394
 534 0.1479900349
 535 0.3874363681
 536 1.13340548
 537 0.577614012
 538 0.1353743446
 539 1.099779122
 540 0.4648426287
 541 1.003376828
 542 1.344411451
 543 0.3590939562
 544 0.0661319339
 545 0.5101199581
 546 0.746419147
 547 0.2626697755
 548 1.295259138
 549 1.56388978
 550 2.998556094
 551 1.479838798
 552 1.402166842
 553 0.3503507359
 554 0.224223888
 555 0.220556524
 556 0.1480910674
 557 0.6659210363
 558 0.1768895169
 559 0.725090596
 560 0.3880060284
 561 0.2764599178
 562 1.587340517
 563 0.770770197
 564 1.249819583
 565 0.4258467165
 566 0.516376813
 567 0.3090770571
 568 0.6884431439
 569 1.051609252
 570 0.5429849298
 571 0.2875673776
 572 0.2172700504
 573 0.0886875363
 574 0.1806188014
 575 0.191673424
 576 2.330242833
 577 0.2924688196
 578 0.6362663396
 579 1.509969962
 580 3.119148824
 581 0.5577720618
 582 0.5827824413
 583 0.9135827125
 584 0.3187230725
 585 0.2743649798
 586 0.07322048183
 587 1.360365845
 588 0.1518960584
 589 0.3660289806
 590 1.075871909
 591 1.269085939
 592 0.9526632969
 593 0.4177885713
 594 0.1323949068
 595 0.3149376688
 596 0.733858067
 597 0.2460748989
 598 0.1343370658
 599 1.06652949
 600 0.1140337531
 601 0.1455927035
 602 0.6338215722
 603 0.1637757048
 604 0.321566767
 605 0.1726901653
 606 8.139768354
 607 83.96765128
 608 13.2936939
 609 1.66108812
 610 0.5394459763
 611 0.6171237593
 612 0.8528049716
 613 0.4752682238
 614 0.2532518452
 615 0.2823497902
 616 0.78541947
 617 0.5391919758
 618 1.098004524
 619 1.290811781
 620 2.148284603
 621 1.663678839
 622 0.4250149898
 623 0.6748545815
 624 0.5271363023
 625 0.08541992536
 626 0.1443861625
 627 0.2137393934
 628 0.252102237
 629 0.2309214719
 630 0.08622084619
 631 0.3790263689
 632 0.5824222558
 633 0.5817178928
 634 0.2723267687
 635 0.9131956124
 636 1.94712096
 637 0.1860134585
 638 0.1337910393
 639 0.1226976088
 640 6.470111082
 641 70.98823857
 642 5.052364686
 643 0.3089855048
 644 0.2743642938
 645 0.5700939
 646 0.3443711744
 647 1.259483334
 648 0.8314192411
 649 0.2783135423
 650 0.396488537
 651 0.2984215932
 652 1.403403469
 653 3.053148745
 654 1.104183672
 655 0.1481536568
 656 1.472380874
 657 0.1073816952
 658 0.3103272646
 659 0.3508053449
 660 0.9063297958
 661 0.7666180565
 662 0.4883641714
 663 0.4497391809
 664 0.6521284626
 665 2.613612327
 666 1.364324718
 667 1.921370843
 668 2.655187197
 669 0.8799730017
 670 0.1179559404
 671 0.240318228
 672 0.2866907525
 673 0.2653592387
 674 0.07510777425
 675 0.4108800723
 676 1.261668843
 677 0.3492234603
 678 1.644066227
 679 0.1051049423
 680 0.1878611756
 681 0.27717778
 682 0.2303265433
 683 0.3946142977
 684 1.05394879
 685 0.1915257452
 686 0.2269329223
 687 1.183320366
 688 0.8848303226
 689 0.3292246846
 690 0.1597954889
 691 0.2380834956
 692 0.4167279
 693 1.314177335
 694 0.05847086449
 695 1.037795782
 696 2.846141052
 697 0.1076123172
 698 0.7502513271
 699 1.647410631
 700 2.115246962
 701 0.2713354776
 702 0.04234115587
 703 0.5958710431
 704 1.308825649
 705 0.2056847412
 706 0.528870715
 707 0.7245463765
 708 0.2430402009
 709 0.1739750614
 710 0.3491384607
 711 0.6236578717
 712 0.9057053893
 713 0.2678628081
 714 0.4381969867
 715 7.908178306
 716 81.15554481
 717 10.51296339
 718 0.9518994641
 719 0.5831767171
 720 0.2307155467
 721 1.981056081
 722 1.480029618
 723 0.6249149806
 724 0.1956562806
 725 0.3909021123
 726 0.359478621
 727 0.5892245358
 728 0.4803800238
 729 0.6090837434
 730 0.4858899516
 731 0.4632023171
 732 0.5742609804
 733 0.6881297098
 734 0.829670362
 735 0.3778950812
 736 0.2451069194
 737 0.0936451859
 738 0.4568696933
 739 0.08538582922
 740 0.1465965591
 741 0.1558115912
 742 1.174093557
 743 0.2907833375
 744 0.5804190304
 745 0.02494373368
 746 0.2130101313
 747 5.442455481
 748 1.128116485
 749 0.367148169
 750 0.7251529489
 751 0.8946738113
 752 0.4802724946
 753 0.2584762376
 754 0.1393492965
 755 0.1597491276
 756 0.9184978956
 757 0.1837541086
 758 0.3272880235
 759 0.1310296643
 760 0.6445672243
 761 0.4879664275
 762 0.5743470881
 763 0.2306087514
 764 0.3356472855
 765 0.7944345095
 766 0.1896214763
 767 0.7331316764
 768 0.154624299
 769 4.970756005
 770 75.29507163
 771 3.572439315
 772 0.07024485787
 773 1.471194017
 774 0.3004518582
 775 0.421364939
 776 0.6031690527
 777 0.3481032616
 778 0.9475059463
 779 0.9068369978
 780 0.6170676727
 781 4.626394795
 782 1.244223501
 783 0.2587665624
 784 0.6180840543
 785 1.592580467
 786 1.035559745
 787 0.1298207807
 788 2.126261436
 789 0.3047940249
 790 0.2327284727
 791 0.6448014313
 792 2.26204619
 793 0.6649172233
 794 0.2168864813
 795 0.4297514889
 796 0.1087796863
 797 2.004859795
 798 0.8617793443
 799 3.508833178
 800 4.014319145
 801 1.217815484
 802 0.4310312805
 803 0.4154765599
 804 0.9674816356
 805 1.105924986
 806 0.3456648442
 807 0.2865596632
 808 0.9948117257
 809 0.2311427391
 810 1.552772384
 811 2.439067273
 812 0.9103938493
 813 0.2424569781
 814 2.485773178
 815 3.089194728
 816 1.018830944
 817 0.8507916569
 818 0.5101206318
 819 1.85870352
 820 0.8138080587
 821 0.6365981963
 822 0.7507285215
 823 0.2787786703
 824 0.1857978384
 825 0.6643114469
 826 1.002809055
 827 0.7093290944
 828 0.9061198867
 829 0.1507865765
 830 0.4011365549
 831 0.2701786057
 832 0.8065787326
 833 1.230423969
 834 0.4421992722
 835 0.5745249388
 836 0.07968196614
 837 0.5083106062
 838 0.7971425765
 839 1.218760905
 840 0.4844593907
 841 0.3585157084
 842 0.6233530592
 843 1.162680995
 844 0.4533245797
 845 0.5001779068
 846 0.5636274177
 847 0.0887425553
 848 0.4655939754
 849 1.165616303
 850 0.4853665592
 851 0.5294539966
 852 0.1646188869
 853 0.3392049776
 854 3.540274461
 855 3.602145942
 856 0.5925619687
 857 0.9657064259
 858 1.64842975
 859 1.136497115
 860 6.730421299
 861 1.961922354
 862 0.1674990631
 863 0.4913523575
 864 0.2214111545
 865 4.981144458
 866 100.8067559
 867 7.586683623
 868 0.3880172244
 869 0.8981167618
 870 0.7693248855
 871 0.2529068565
 872 0.8097104187
 873 1.351267766
 874 1.029326991
 875 0.05887868858
 876 0.2749520238
 877 0.4528951349
 878 2.288476674
 879 1.489736546
 880 1.376641252
 881 0.2558796552
 882 0.2609163506
 883 1.43137
 884 4.173261952
 885 1.255545629
 886 0.2380704165
 887 0.1971321819
 888 0.832815321
 889 0.537115999
 890 0.693648153
 891 0.3236083128
 892 0.03264483772
 893 0.1457505154
 894 2.576130449
 895 1.359931785
 896 0.4095985744
 897 0.1795715731
 898 1.182637941
 899 0.9721945568
 900 0.3190747601
 901 0.7349608789
 902 0.7343811211
 903 1.681357555
 904 1.144144831
 905 0.3218504374
 906 0.4680744986
 907 1.556438372
 908 1.948706248
 909 1.514536195
 910 0.1707777747
 911 0.6886289978
 912 2.431676568
 913 0.8086692904
 914 1.527403397
 915 0.6643206355
 916 0.7987136585
 917 0.5104916029
 918 0.8681066989
 919 0.4154890712
 920 0.4159684416
 921 0.07507025531
 922 0.8653900512
 923 1.091144544
 924 0.3874474966
 925 0.8062242884
 926 0.155383484
 927 0.4760872122
 928 0.9148563609
 929 0.6115356407
 930 1.028084092
 931 0.8100730741
 932 1.642652141
 933 0.9881728693
 934 0.2930732855
 935 0.6889535002
 936 2.448495025
 937 0.8619862098
 938 0.9450913799
 939 0.2035398454
 940 0.3155455247
 941 0.769023223
 942 0.6145223496
 943 0.3492543893
 944 2.155058327
 945 5.568288101
 946 0.5415648515
 947 0.182779061
 948 0.2806884547
 949 1.583133172
 950 0.2009668483
 951 0.3719699629
 952 0.3161684049
 953 0.1835277579
 954 0.2933814661
 955 0.5322423623
 956 0.2089697276
 957 0.3079986382
 958 2.894198499
 959 1.502628312
 960 1.164166896
 961 0.3273144417
 962 0.1129712511
 963 0.7522504278
 964 0.9469743278
 965 1.082991267
 966 2.652833203
 967 0.1191448346
 968 0.8815396202
 969 4.747680166
 970 3.994663943
 971 13.90136444
 972 87.08220558
 973 7.051445753
 974 0.2690813477
 975 2.071481128
 976 2.352475931
 977 0.4194205782
 978 0.3336772651
 979 2.202922656
 980 2.459277528
 981 2.948153799
 982 0.9397629741
 983 0.1894147616
 984 0.469070416
 985 0.1725520485
 986 0.3027658062
 987 0.1645394169
 988 0.1913547547
 989 0.3378502994
 990 0.1215660064
 991 1.933069174
 992 2.380954102
 993 0.6086654891
 994 1.042767248
 995 0.2201529151
 996 0.3912970116
 997 1.039354372
 998 0.8957221873
 999 1.625589178
