 18.73472224 
 18.73528228 
  18.7299518 
  18.7317914 
 18.72376086 
 18.73146978 
 18.72684192 
  18.7281489 
 18.73474038 
 18.72714084 
 18.73255984 
 18.72540919 
   18.732322 
 18.72661175 
 18.72742109 
 18.73423519 
 18.72718769 
 18.73299639 
 18.72582732 
 18.72581292 
 18.73293006 
 18.72703116 
 18.73402537 
  18.7272999 
 18.72673195 
 18.73272768 
 18.72586991 
 18.73271954 
 18.72671128 
 18.73380486 
 18.72733034 
 18.72701415 
  18.7330162 
 18.72599336 
 18.73261378 
 18.72642584 
 18.73355075 
 18.72728137 
 18.72717756 
 18.73331393 
 18.72621727 
 18.73258567 
 18.72619075 
 18.72667047 
 18.73371321 
 18.72725584 
 18.73359384 
 18.72649236 
 18.72607392 
 18.73261793 
 18.72671145 
 18.73360724 
 18.72717899 
 18.73371146 
 18.72672449 
 18.72635468 
 18.73283053 
 18.72641092 
 18.73332852 
 18.72676275 
 18.72678975 
 18.73381164 
 18.72729181 
 18.73247167 
 18.72523725 
 18.73393021 
 18.72717344 
 18.72600524 
 18.73502573 
  18.7263417 
 18.72571874 
 18.73407113 
 18.72445159 
  18.7351117 
 18.72544935 
 18.73525393 
  18.7258309 
 18.73417914 
  18.7251526 
  18.7272395 
 18.73167078 
