         180 0.00313661419 
         181 -0.0002770198872 
         182 -0.00244096706 
         183 0.003208657983 
         184 -0.001540805941 
         185 -0.00157044753 
         186 0.004484959134 
         187 -0.006192853583 
         188 0.007103316277 
         189 -0.009084839998 
         190 0.01477934187 
         191 -0.02702212146 
         192 0.04895867664 
         193 -0.08527498373 
         194 0.1445418225 
         195 -0.2424743912 
         196 0.4059303537 
         197 -0.675743853 
         198  1.097119347 
         199 -1.646528378 
         200  1.992052299 
         201 -1.646528378 
         202  1.097119347 
         203 -0.675743853 
         204 0.4059303537 
         205 -0.2424743912 
         206 0.1445418225 
         207 -0.08527498373 
         208 0.04895867664 
         209 -0.02702212146 
         210 0.01477934187 
         211 -0.009084839998 
         212 0.007103316277 
         213 -0.006192853583 
         214 0.004484959134 
         215 -0.00157044753 
         216 -0.001540805941 
         217 0.003208657984 
         218 -0.00244096706 
         219 -0.0002770198869 
         220 0.00313661419 
         221 -0.00408269844 
         222 0.002268736001 
         223 0.001318664517 
         224 -0.004305674254 
         225 0.004578011411 
         226 -0.001744619905 
         227 -0.002421326929 
         228 0.005095151579 
         229 -0.004391665638 
         230 0.0006428336113 
         231 0.003635956834 
         232 -0.005566290848 
         233 0.003779163131 
         234 0.0005205538916 
         235 -0.004405498874 
         236 0.005290921501 
         237 -0.00265565159 
         238 -0.001502180942 
         239 0.004342820957 
