           0  2.622161012
           1  1.739148732
           2 0.1879517451
           3 0.1043964072
           4  1.692263933
           5 0.1069526051
           6 0.5419061151
           7 0.7237512244
           8  1.510593451
           9  1.075212325
          10 0.7101396332
          11 0.7526862743
          12 0.4666937875
          13 0.1486162805
          14 0.0741962116
          15  0.571416989
          16 0.06685135527
          17 0.07613371472
          18 0.3120356327
          19  1.477380942
          20  2.874705492
          21 0.8083877223
          22 0.3055638913
          23 0.6077727252
          24 0.6789903217
          25  2.050643193
          26  2.544224005
          27  1.871364707
          28  1.787063531
          29 0.6841734197
          30  2.357709797
          31  3.382435207
          32  3.747521412
          33 0.5069703712
          34  1.247380798
          35 0.4066216122
          36  0.193082751
          37 0.08484071447
          38  0.121576002
          39  1.607717455
          40 0.1534899207
          41 0.5988115746
          42 0.5414548632
          43  1.081605195
          44 0.6275449587
          45 0.08903524448
          46  0.137953806
          47 0.5379980693
          48 0.8225728018
          49 0.2090874857
          50  1.515608569
          51  1.961012818
          52 0.5181351284
          53  3.298026097
          54 0.4633430384
          55  0.154992567
          56 0.01391605177
          57 0.6949872678
          58 0.4118311811
          59 0.5576581685
          60 0.5672102957
          61  1.040231683
          62  9.415411122
          63  84.96455574
          64  6.248679865
          65  2.429657004
          66  1.093731652
          67  1.581428877
          68 0.7744530269
          69 0.02994509848
          70 0.09252303027
          71 0.7501586802
          72 0.2831619617
          73  1.014604083
          74  1.482175775
          75 0.3958113998
          76 0.3029883212
          77 0.8837780736
          78  1.064365442
          79 0.5324315508
          80  2.443863307
          81  1.275958899
          82 0.1537335684
          83  1.503197462
          84  0.288849409
          85 0.7009944993
          86 0.5900013735
          87 0.5931872153
          88 0.1700701818
          89 0.01076587389
          90 0.5059083332
          91 0.7627393263
          92  1.325603933
          93  1.251921726
          94 0.8014556285
          95 0.2362387079
          96  1.181297118
          97   1.42170637
          98  1.567338423
          99  1.480853556
         100 0.9807323864
         101 0.5265887715
         102 0.1976337186
         103 0.9848066674
         104  2.365929457
         105  3.027070677
         106 0.9870883674
         107 0.2599456858
         108  1.278530556
         109  1.010247198
         110 0.6007294386
         111 0.1820022128
         112 0.4230604075
         113 0.2591221097
         114 0.2429379684
         115 0.1421644007
         116 0.2392022667
         117 0.5637479335
         118 0.9203881114
         119  1.282938121
         120  1.462684491
         121   1.17019983
         122 0.3388313055
         123  0.740352884
         124   1.30108664
         125  1.094629604
         126  1.291633016
         127 0.1796331643
         128 0.5509905379
         129 0.1909068445
         130  0.515404288
         131 0.6455827552
         132  1.987387684
         133 0.04988059525
         134 0.07948510066
         135 0.2777229952
         136 0.7775301029
         137 0.04260159434
         138 0.3745729115
         139 0.5042768539
         140 0.4618005253
         141 0.004204537638
         142 0.08783676221
         143 0.5470973297
         144 0.6958192395
         145 0.1642457801
         146 0.1415822158
         147 0.8561180544
         148  1.424640864
         149 0.6103616889
         150  1.108228065
         151  1.202385554
         152  1.678594882
         153 0.8986362241
         154 0.3138682032
         155 0.8884855286
         156 0.5466722825
         157  2.368531076
         158 0.8725476433
         159  2.550373925
         160   1.90668731
         161 0.2226165759
         162  10.75028837
         163  90.89498356
         164  10.56035873
         165 0.8083156123
         166 0.6828091071
         167  0.276822625
         168 0.5741616776
         169 0.6589828883
         170 0.2449831712
         171    0.8404495
         172 0.7593744234
         173  1.337206993
         174 0.2735473943
         175 0.7059480992
         176 0.1142708393
         177  0.126398544
         178 0.9256123589
         179  2.290645464
         180  2.293798942
         181 0.1592256442
         182 0.5874211582
         183 0.1660467896
         184 0.2202549474
         185 0.8324973068
         186 0.8080672978
         187 0.4494640843
         188 0.3934399346
         189 0.6926500718
         190 0.2659291374
         191 0.9730762344
         192 0.8696455876
         193   1.25776119
         194  1.518394143
         195  1.496043718
         196 0.4565721245
         197 0.3098986203
         198 0.5069614046
         199 0.9991815235
         200 0.9201073724
         201    1.4854927
         202  0.330701701
         203  1.424328384
         204  1.463795826
         205   2.01681659
         206  2.869474606
         207 0.4470017874
         208 0.2447981234
         209 0.05658242503
         210 0.6294608599
         211  1.524343724
         212 0.9450162398
         213 0.3832130698
         214 0.4701799407
         215  0.486683338
         216 0.8245192645
         217  0.379083835
         218 0.4136128876
         219 0.8001068053
         220  3.476990171
         221 0.2571249694
         222 0.05396025325
         223 0.8810237693
         224 0.1554139698
         225 0.6711563123
         226  1.572391677
         227 0.8824791924
         228  1.187816836
         229  1.283977298
         230   1.59486085
         231 0.1327006206
         232 0.5860315199
         233  1.476843176
         234  5.775057716
         235  1.679412401
         236 0.7997541957
         237 0.3260564647
         238  1.450869547
         239 0.8031715297
         240 0.6146267242
         241  1.643663635
         242 0.7770019038
         243 0.1812342985
         244 0.6160526319
         245  1.545610734
         246  2.003860962
         247  1.224861978
         248  0.337518482
         249  1.820375281
         250 0.1133758718
         251 0.6043991114
         252 0.2812408183
         253 0.06425807589
         254 0.3962860247
         255  6.175219578
         256  86.07285303
         257  4.067304781
         258 0.3701887744
         259 0.2344590645
         260 0.2764978618
         261  2.317566133
         262 0.5327854296
         263 0.1357362323
         264 0.4092745125
         265  0.362492792
         266 0.2242497592
         267 0.3216928948
         268 0.2092861231
         269 0.6067719631
         270 0.07435956844
         271 0.06272139466
         272 0.06781782308
         273 0.3946944217
         274 0.4247330489
         275   2.92325629
         276  1.074255746
         277 0.7435227512
         278 0.6747292145
         279 0.1565268585
         280 0.3823155608
         281 0.2388984805
         282   0.58983338
         283 0.06028995081
         284 0.4687866261
         285  0.841258349
         286 0.6486751362
         287 0.7122675864
         288  0.676953613
         289 0.2784473565
         290 0.5660954767
         291 0.3632253065
         292 0.6571103414
         293 0.1613644581
         294  0.183513098
         295  2.935633087
         296  8.042492523
         297  2.722910222
         298 0.9921816276
         299 0.2463216157
         300  1.131452732
         301 0.4974364993
         302 0.04590041239
         303 0.1100348415
         304 0.4274632729
         305  1.351899809
         306  1.176768097
         307  1.302383696
         308 0.3736712451
         309 0.6635912131
         310  1.592119401
         311  1.400676119
         312  1.021727402
         313  1.089780698
         314 0.3520714884
         315 0.7064957459
         316  1.077903207
         317  1.714733918
         318  1.463273006
         319 0.2640680807
         320 0.5499960032
         321 0.2461503953
         322 0.3023787319
         323  6.945267188
         324  80.86531969
         325  6.119460598
         326 0.4629829667
         327  1.055167385
         328 0.1606309365
         329 0.6104234474
         330  1.005353754
         331 0.3775424455
         332 0.2646928535
         333 0.3528219143
         334 0.4071789203
         335 0.8682760579
         336 0.3073831354
         337  0.217724664
         338 0.2162946334
         339 0.2604735582
         340  1.091720064
         341  0.557357395
         342 0.1998612863
         343  0.347793586
         344 0.1463674155
         345 0.09584538701
         346 0.5003260579
         347 0.4416677526
         348 0.8783068357
         349  0.196467546
         350  1.128930191
         351  1.138899369
         352  1.165377236
         353 0.2545440123
         354 0.09270867496
         355  0.344349639
         356 0.2179886296
         357 0.03666637169
         358  6.039112803
         359  79.40261178
         360  1.485270664
         361 0.3870873196
         362 0.1521300126
         363 0.3556015022
         364 0.5881864959
         365  1.076109407
         366 0.9213062199
         367 0.1058841464
         368 0.7553750474
         369 0.5366921474
         370 0.3474540488
         371 0.2315081851
         372  1.049678006
         373 0.4669062435
         374 0.8625144218
         375 0.5881674028
         376 0.06885333109
         377 0.1673774082
         378 0.0704163188
         379 0.2539392838
         380  0.526830144
         381  2.126198476
         382 0.8559405742
         383 0.4678960067
         384 0.9182746488
         385    2.2028656
         386  0.909181216
         387  2.150410533
         388  0.685775618
         389 0.6293212547
         390 0.1074371896
         391 0.0920667569
         392 0.2534455507
         393 0.4109764119
         394 0.7660362142
         395  1.375234853
         396 0.3692382551
         397 0.5442001574
         398 0.5716806901
         399  2.180441066
         400  5.998344714
         401   1.68031506
         402 0.6211903877
         403 0.6930160717
         404 0.4345774167
         405 0.3746287889
         406  0.528820381
         407 0.6404592693
         408  0.632042455
         409 0.2729911325
         410 0.6696905228
         411 0.4449614153
         412  2.047327633
         413  1.634791599
         414  1.216403074
         415 0.7292263857
         416  1.243636893
         417 0.5649814182
         418 0.2549898273
         419 0.6275689907
         420 0.4488259084
         421 0.9343249292
         422  1.149900901
         423  0.425901581
         424 0.6691365133
         425  0.605659447
         426 0.03970909076
         427 0.3967165293
         428  1.177496257
         429 0.08996740156
         430 0.8316928726
         431 0.1690456573
         432 0.4521026324
         433 0.5471651673
         434  1.616227475
         435  4.032413496
         436 0.7078272908
         437 0.05269033021
         438 0.9223534862
         439 0.6837467361
         440 0.2781177351
         441  0.712156732
         442 0.5608033036
         443 0.0531374901
         444 0.9266514054
         445 0.2282311107
         446  0.452594682
         447 0.8675686428
         448 0.7468501634
         449   1.66611093
         450 0.4004486062
         451 0.6548514087
         452 0.2693925797
         453 0.3146197866
         454 0.7293609277
         455 0.8915077817
         456  1.646618049
         457 0.4056133325
         458 0.2560491165
         459 0.03518264179
         460 0.2948008864
         461 0.1949452992
         462 0.6817544254
         463 0.2007575271
         464 0.4894251983
         465  3.078467357
         466  78.04990236
         467  5.291111858
         468 0.3970937574
         469  1.593911711
         470  1.698276186
         471  3.709529354
         472 0.9066973546
         473  0.452634375
         474  1.332500796
         475 0.6595895792
         476 0.3619326316
         477  1.157760475
         478 0.7438903797
         479 0.6397784469
         480 0.7132602437
         481  1.351552548
         482  1.332164261
         483 0.1431654418
         484 0.8105935729
         485 0.7157217949
         486  1.462210968
         487 0.5165050796
         488 0.03289614617
         489 0.06364111454
         490 0.1972508971
         491  0.167919323
         492   1.18848685
         493 0.6300289645
         494  1.061811565
         495 0.2086583371
         496 0.6331667332
         497  2.330854109
         498  87.60018924
         499   2.27035438
         500 0.6401537126
         501 0.01519321679
         502  0.689796583
         503 0.9325450963
         504 0.08067950591
         505 0.2036946078
         506 0.05398957787
         507 0.3046824233
         508  1.521378642
         509  1.281944486
         510  1.395763418
         511 0.6195631225
         512  0.182119579
         513 0.1264366205
         514 0.004594036054
         515 0.1425070902
         516 0.2463034556
         517 0.1530331746
         518 0.3821132197
         519  0.958715546
         520 0.4993196285
         521 0.1583599955
         522 0.5997958866
         523 0.6052887122
         524 0.4813076261
         525 0.2796812283
         526  1.446731882
         527  0.295176874
         528 0.07638110443
         529 0.1749890918
         530 0.1450618978
         531 0.2620894711
         532 0.2725897869
         533 0.9597448698
         534  0.705440694
         535 0.9382712485
         536 0.4061918108
         537 0.8672280229
         538 0.3428058404
         539 0.4898855534
         540 0.8336534697
         541 0.6060097422
         542 0.09029909282
         543 0.3178112625
         544  1.385379907
         545 0.9709641466
         546 0.4990249846
         547 0.6171386992
         548  0.413845971
         549 0.6587891171
         550  1.332505091
         551 0.3689445932
         552  0.181829337
         553 0.2899603408
         554  0.937922837
         555  0.152000731
         556 0.3780781391
         557 0.7147670412
         558 0.1429496716
         559 0.3849048359
         560  1.327980688
         561  1.388124342
         562 0.1147533031
         563 0.2248414102
         564  0.164754085
         565 0.2129214271
         566 0.5808832061
         567  1.173025061
         568 0.9676035847
         569  1.597082547
         570 0.2789115479
         571   2.01064722
         572   1.13117189
         573  1.356999465
         574  1.084512723
         575 0.2449479069
         576 0.8833033489
         577  1.602475229
         578 0.4920978027
         579 0.2878500411
         580 0.6773299222
         581  0.715797772
         582 0.1046553671
         583 0.8069677964
         584  2.247084078
         585  2.064754038
         586  0.657907974
         587 0.4844204604
         588  1.046995979
         589  2.292336276
         590 0.5647783916
         591  1.748209468
         592  0.990644429
         593 0.2316861908
         594 0.1990680409
         595  1.244680332
         596  1.016840598
         597 0.2466034776
         598 0.2823383933
         599  1.885758624
         600 0.2438048841
         601 0.3396033554
         602 0.3996360774
         603 0.6254763626
         604 0.3134214201
         605 0.4054652735
         606  9.930456351
         607   84.6295769
         608   9.12033836
         609 0.6568435865
         610  1.544568563
         611  2.425776622
         612 0.3266570888
         613 0.2721855273
         614 0.07727620483
         615   1.20437602
         616 0.3168983551
         617  1.113740116
         618  1.810475969
         619  0.573405977
         620 0.9566407016
         621  0.443887108
         622 0.6482024558
         623 0.07870165524
         624 0.7851664841
         625  4.001181447
         626 0.9935485398
         627 0.0766443695
         628 0.4338484975
         629 0.4677309059
         630 0.1813680277
         631 0.004808607516
         632 0.2204286065
         633 0.5753162305
         634 0.1721717672
         635 0.2434944644
         636 0.3218593127
         637 0.7104922677
         638 0.2007930704
         639 0.3856236413
         640  3.098313994
         641    76.182212
         642  9.766650482
         643   0.98991461
         644 0.6826830449
         645 0.3441488545
         646  1.004000036
         647  1.572023789
         648 0.3916520139
         649  1.518866848
         650  0.621009012
         651  1.050360489
         652  1.384372701
         653 0.3721826979
         654 0.08728523488
         655 0.4294986816
         656  1.009526755
         657  1.059215275
         658 0.1382957515
         659 0.3880852367
         660 0.4619765652
         661  1.701173928
         662  2.229424604
         663  1.032892525
         664 0.4861171278
         665 0.9930599594
         666  0.662157175
         667 0.4319994628
         668 0.7774802963
         669 0.1029568138
         670 0.3691021454
         671  0.279723134
         672  0.206821091
         673 0.2952896974
         674 0.1420349219
         675 0.8213550331
         676  1.204439841
         677 0.3396945275
         678 0.7518841873
         679   3.07717647
         680 0.5145585928
         681 0.7715266381
         682 0.4244262565
         683 0.06664424071
         684  0.522334711
         685 0.2553666685
         686  0.279463435
         687 0.9584423677
         688 0.8108387104
         689 0.5644090011
         690 0.5100435829
         691  1.713319637
         692 0.8669449844
         693 0.3234716446
         694 0.3470166751
         695 0.6297287259
         696 0.3535850675
         697  1.281673978
         698  1.723424488
         699 0.3329588407
         700 0.9275687927
         701 0.7138119001
         702  2.132828872
         703 0.3892755938
         704 0.1277079469
         705 0.1780823541
         706 0.4510352713
         707 0.9060664132
         708 0.2998388534
         709 0.1181929286
         710 0.2543002932
         711 0.3421659085
         712  1.200338734
         713 0.5854198908
         714 0.4244272489
         715  11.94220669
         716  77.17082411
         717    8.0525989
         718  1.887962289
         719  1.454955106
         720  1.627291898
         721 0.4405932581
         722 0.1238530316
         723 0.1100002607
         724 0.5472521529
         725 0.2222710561
         726 0.1392069772
         727 0.3212711333
         728 0.1344633875
         729   0.18111995
         730 0.3032153455
         731  0.340589079
         732  1.951042091
         733 0.2248156739
         734 0.1364398547
         735   2.02964138
         736 0.3574548448
         737 0.07271765597
         738  1.059845597
         739 0.5772476009
         740  1.035510132
         741 0.7989096935
         742  1.255675691
         743 0.8331573482
         744  0.480431852
         745 0.1274707712
         746 0.7393839159
         747 0.2792557095
         748 0.3939852861
         749  0.280211814
         750 0.1185576207
         751 0.1643771527
         752 0.4489540711
         753 0.3725329514
         754 0.5058586875
         755  0.649318913
         756 0.2521513274
         757 0.1066420474
         758 0.04068724533
         759 0.1585737257
         760 0.2248958382
         761 0.1711250274
         762 0.8403719446
         763  1.470502515
         764 0.2186040318
         765 0.2273394737
         766 0.2164810557
         767 0.8356787419
         768  2.063733372
         769  7.758070074
         770  83.37153323
         771   4.11418317
         772 0.3990667599
         773 0.4003863824
         774  1.647788005
         775  1.799782377
         776   1.82217863
         777  0.593729308
         778 0.2727495629
         779  3.202403412
         780  3.632620401
         781  3.582220859
         782 0.1862245039
         783  1.632461245
         784 0.8009844549
         785 0.2064695277
         786 0.4711534443
         787 0.4666894505
         788 0.1123916228
         789 0.4506202896
         790 0.5296779778
         791 0.4054276769
         792 0.2132665669
         793 0.6083015724
         794  1.013271469
         795 0.6294141529
         796 0.4264947514
         797 0.8975309424
         798 0.3965205043
         799 0.3721479085
         800 0.6509460473
         801 0.8274187268
         802  1.234241855
         803 0.6281694829
         804 0.2172697825
         805 0.07540841632
         806 0.1774089157
         807 0.6852039872
         808  0.881826335
         809 0.8378443713
         810 0.1202552621
         811 0.7193947506
         812  3.166869987
         813 0.8768509194
         814  0.798913048
         815  2.812424244
         816 0.1421706393
         817 0.5423055215
         818 0.1360148483
         819 0.2222274929
         820  2.655338973
         821  3.029253413
         822  1.115698599
         823 0.03863011092
         824 0.8103015534
         825 0.6424082902
         826 0.4666576343
         827  2.341177485
         828  0.167584173
         829 0.7638209809
         830 0.05599223696
         831 0.3697024457
         832 0.3309421793
         833 0.2493885389
         834 0.4967270839
         835 0.9554249317
         836 0.6135943307
         837 0.2136718989
         838 0.3396228176
         839 0.2023117708
         840  1.593134491
         841   2.74413198
         842  2.743648834
         843  1.348936809
         844  0.245574274
         845 0.5526631763
         846  1.918947685
         847  1.793787524
         848 0.2052460817
         849  1.101034066
         850   1.32862816
         851  0.878618094
         852 0.5356378685
         853 0.1615446797
         854 0.2703502331
         855 0.9426369096
         856  0.202674454
         857  0.849152606
         858 0.04895329433
         859 0.4002243549
         860 0.0651100817
         861 0.7149081713
         862  1.219454327
         863 0.4155052588
         864 0.2545888282
         865  10.42493194
         866  93.94418129
         867  10.39097628
         868  1.248427735
         869 0.9995050981
         870 0.5416584728
         871 0.04003490409
         872  2.302916288
         873   2.72794266
         874  1.285962923
         875 0.3128912918
         876 0.4838241704
         877  1.208752727
         878 0.3046562133
         879 0.6955994195
         880  4.576192129
         881 0.9033822816
         882  1.258493735
         883   2.81566031
         884  1.657412414
         885  0.243154866
         886 0.09631316425
         887 0.4126995369
         888 0.9928848695
         889 0.9744031933
         890 0.9888831197
         891 0.4804267343
         892 0.9620047328
         893 0.4788285126
         894 0.7713247731
         895 0.2637987858
         896  1.102575069
         897  1.025591742
         898 0.6053073005
         899  2.208900225
         900  4.446298093
         901  1.992632781
         902 0.2553332169
         903 0.6919851084
         904 0.02838929013
         905 0.9272505866
         906  1.317640802
         907  2.402836103
         908 0.7898350776
         909 0.06443016614
         910 0.1942175681
         911 0.8865624377
         912  1.685066145
         913 0.4353565861
         914 0.8198599773
         915 0.1991749193
         916 0.6399906031
         917  1.123345328
         918 0.2461147368
         919 0.8918749175
         920 0.4244768535
         921 0.5428221578
         922  1.790619299
         923    1.8429429
         924  1.204733905
         925  1.389736935
         926  1.070772927
         927  1.142663979
         928 0.7005016005
         929  1.067865558
         930  1.570337429
         931   1.51627337
         932  1.797848119
         933 0.2233565521
         934 0.9131984289
         935 0.1710130631
         936 0.3027605458
         937 0.3924827686
         938 0.4310740888
         939 0.1539819345
         940 0.7326357295
         941 0.7578447078
         942  0.151455508
         943 0.1236017345
         944 0.06871192796
         945 0.2680596052
         946 0.2072987375
         947  1.108792714
         948 0.4273876596
         949 0.5432758651
         950  2.022579558
         951 0.3450032881
         952 0.06681550363
         953 0.05551165097
         954 0.3855492948
         955 0.1062825177
         956 0.7391884472
         957 0.04315502152
         958 0.7284588588
         959 0.02453466734
         960  0.446032809
         961 0.4111650484
         962  1.700001295
         963   2.29384615
         964 0.8888929909
         965 0.3482473799
         966  1.507135576
         967  4.401723717
         968 0.6362968433
         969 0.2935820248
         970 0.9763756317
         971  8.228394694
         972  90.30833688
         973  10.62501645
         974 0.6021495427
         975 0.4540055931
         976 0.3689202141
         977 0.2640392089
         978 0.9196849756
         979  3.712741166
         980 0.4920242043
         981 0.1126636037
         982  0.286024849
         983 0.3378300718
         984   1.32733204
         985  1.192938348
         986 0.2443662521
         987 0.4999805903
         988  0.258682695
         989  1.230684446
         990  1.841704697
         991 0.3342970179
         992 0.5256866873
         993 0.3611644705
         994 0.3904718517
         995   2.69335069
         996  2.922382888
         997  2.980807012
         998  1.745794935
         999  3.639836354
