           0 0.5393324288
           1  3.272544148
           2 0.2296370005
           3 0.1201651619
           4 0.1725213474
           5  0.208857201
           6 0.6506246615
           7  1.081118054
           8  1.055029862
           9   1.82331263
          10  2.129113027
          11 0.1315843952
          12  1.208119988
          13  1.935526192
          14   3.23270356
          15  1.877364068
          16 0.2321724833
          17  0.252348546
          18 0.6403900809
          19 0.3788114089
          20  1.273258442
          21 0.7377207168
          22 0.08448312223
          23 0.08190565672
          24 0.8416582315
          25  1.198660612
          26  1.386452453
          27 0.4601849161
          28 0.3641455149
          29 0.1288859155
          30 0.1331608686
          31  1.163603563
          32  0.839894466
          33  1.525464228
          34  0.589781132
          35 0.9459791275
          36  1.186300023
          37  1.988170252
          38 0.2749544727
          39  2.394121199
          40 0.7960071915
          41 0.7696548408
          42 0.2493731527
          43 0.2466599588
          44  3.244731157
          45 0.6395028906
          46   0.99766119
          47  3.361932316
          48  1.515546674
          49 0.3456534894
          50  0.311624346
          51 0.3277458493
          52 0.2917495327
          53 0.1628053436
          54  0.139650412
          55 0.9677581434
          56  2.070218164
          57 0.5652454632
          58 0.4186748853
          59  2.608050875
          60  1.086404636
          61 0.4418377339
          62   7.65095672
          63  78.12957989
          64  9.001597888
          65 0.5315466756
          66  2.494920763
          67  2.788700467
          68  1.071207285
          69 0.2851772502
          70 0.1318792006
          71 0.4696987728
          72 0.9581986749
          73 0.6796369715
          74  4.773334339
          75  1.602967169
          76 0.1364381172
          77 0.1421636527
          78 0.6576378815
          79  1.225397959
          80 0.7760838626
          81  2.068827338
          82  2.354375631
          83  1.348660036
          84  1.716097365
          85 0.8327746012
          86  1.130490556
          87 0.2847989241
          88 0.1854058438
          89 0.7100143538
          90  1.919801341
          91 0.8878048868
          92  2.737938547
          93  2.229231806
          94 0.5360263819
          95  1.027671933
          96  2.347870768
          97 0.4514589671
          98 0.2625111105
          99 0.1212968177
         100 0.2518238519
         101 0.6844552265
         102  0.279219974
         103  1.329144257
         104 0.9893351011
         105 0.4242424211
         106 0.1166996297
         107  0.361457446
         108 0.4542761899
         109 0.2358380435
         110  1.264843732
         111 0.7877695207
         112  0.555436884
         113 0.2758950445
         114 0.7459097761
         115 0.0029500721
         116 0.1092944714
         117  0.316235447
         118 0.05117022764
         119 0.2322455457
         120 0.1703553168
         121 0.1129422537
         122 0.1249727924
         123 0.5892226047
         124  1.022114049
         125  1.553931842
         126  1.392450794
         127  1.476740716
         128 0.6409986605
         129 0.3979541999
         130 0.1767369868
         131 0.2082284496
         132  1.779825283
         133  3.767008562
         134  1.988700654
         135  1.244797482
         136 0.9163180114
         137 0.4643597986
         138   1.53170024
         139   0.51580145
         140 0.7013042797
         141 0.1213475582
         142  0.267450077
         143  1.602242814
         144 0.9888086433
         145 0.3295602845
         146 0.9067065163
         147  1.208648853
         148 0.8841370768
         149 0.4973419084
         150 0.8944853579
         151  1.379174405
         152  0.465524157
         153  1.886868656
         154  1.557733956
         155 0.4384649431
         156 0.2375123915
         157 0.4669251904
         158  1.182095615
         159  1.094492738
         160  1.532223717
         161   2.12174724
         162   6.70479537
         163  99.01942866
         164  5.694408711
         165  1.802254291
         166  1.511043537
         167  1.539543949
         168 0.6716580928
         169 0.4640618455
         170 0.1363810328
         171 0.6346737851
         172 0.8152247481
         173   1.37876809
         174 0.6447256489
         175 0.5352855672
         176 0.1827910343
         177 0.03879657729
         178  2.338897833
         179   1.19436047
         180  1.336398149
         181 0.6898098264
         182 0.0948995869
         183 0.07150613826
         184 0.07019137897
         185 0.1567178684
         186 0.3812732832
         187  1.863052506
         188  2.394741703
         189  1.154711462
         190  1.140073159
         191 0.5843307217
         192 0.1314938305
         193  1.794280671
         194  0.843455829
         195 0.6079314288
         196 0.6052147587
         197 0.8956331864
         198  1.177414993
         199 0.5165084497
         200  0.294368288
         201  1.511993189
         202  1.615456161
         203  1.930886451
         204  2.202232038
         205 0.9286813313
         206 0.6663567838
         207 0.7452837955
         208 0.1496856137
         209 0.8319300214
         210  1.026025509
         211 0.5257721485
         212 0.5254922524
         213 0.06632583853
         214 0.4408270427
         215 0.6100199717
         216 0.2196049495
         217 0.8492669532
         218 0.2363715916
         219 0.5972630042
         220 0.1021788565
         221 0.3763784667
         222  1.056957771
         223 0.8928396781
         224  1.235066868
         225    2.0305728
         226  1.287269719
         227  1.019360742
         228   0.50062428
         229 0.7485670346
         230 0.2557350939
         231  1.066059752
         232 0.9674913664
         233 0.08570560564
         234  2.326051736
         235 0.4035012634
         236  0.886014325
         237  1.688455765
         238    2.5668638
         239  2.252990308
         240 0.7013408391
         241 0.6097223502
         242 0.2399491641
         243 0.5508535192
         244  1.012157438
         245 0.4124581479
         246 0.9284971407
         247 0.2934735769
         248  0.249672751
         249 0.2310549163
         250 0.5850996711
         251  1.154622115
         252 0.0669637563
         253  2.099204873
         254   1.08188425
         255  7.682617969
         256  79.30664013
         257   9.48002361
         258   1.13711065
         259  0.155467656
         260 0.2405382512
         261  0.932790547
         262 0.4986455263
         263  0.971602846
         264 0.3059602305
         265 0.3862976874
         266  1.330797618
         267  2.048856709
         268 0.6554225606
         269  0.261826762
         270 0.1233314848
         271 0.05878372851
         272 0.1791803119
         273 0.6802770105
         274 0.6333395375
         275 0.6835270963
         276 0.7290920037
         277  1.633966673
         278 0.3600698841
         279 0.6334444637
         280  0.618618102
         281  1.105040564
         282  1.267461784
         283  1.180943892
         284 0.04798620144
         285 0.6248373022
         286 0.3062566954
         287 0.2152757549
         288  1.062221408
         289  1.785219067
         290 0.3087937474
         291 0.008843114244
         292 0.3571426518
         293 0.9139839725
         294 0.3641011815
         295 0.8353926074
         296 0.3003363446
         297 0.3792250725
         298 0.3925662123
         299 0.2698769607
         300 0.1573456765
         301 0.5233657429
         302  1.208047764
         303 0.7076445055
         304  1.763043563
         305  1.028612768
         306 0.1714779473
         307 0.3976165353
         308  1.278966793
         309  1.491671191
         310  1.172590721
         311 0.1813668711
         312  1.277083227
         313  2.818848347
         314  2.376377901
         315  2.110322345
         316 0.6090463762
         317 0.07626393822
         318  0.301492779
         319 0.7676634256
         320  0.253727394
         321 0.5081684416
         322  0.118889887
         323   3.67343723
         324  91.00922607
         325  3.040674551
         326 0.2362800444
         327 0.3965654867
         328 0.2421395569
         329  1.865738204
         330 0.9883230579
         331 0.1722895533
         332 0.3725489542
         333 0.8696797632
         334 0.4647008875
         335 0.7386759266
         336  1.025772351
         337 0.5798004695
         338 0.3479355662
         339  0.741559433
         340 0.5928400303
         341 0.5856591061
         342   1.45145179
         343 0.5503523011
         344  0.613386889
         345  1.034029643
         346 0.6217107692
         347 0.6681196774
         348 0.9739246212
         349 0.6045143103
         350 0.3968059644
         351  1.004312689
         352 0.4087688468
         353  1.134142409
         354 0.9467021277
         355 0.5135295289
         356 0.6681800538
         357  1.589903263
         358  6.648057305
         359  78.49423238
         360  4.479745232
         361  0.155317481
         362 0.3753591589
         363 0.8434647952
         364 0.5684206981
         365 0.1610044102
         366 0.4946635608
         367  1.332189642
         368 0.5992942808
         369 0.8629978231
         370  1.002723462
         371 0.4987744284
         372  1.375924244
         373  3.036707345
         374 0.5444466445
         375 0.01436846515
         376 0.009160762294
         377 0.1159352911
         378 0.5339188822
         379 0.5077659052
         380 0.4877525301
         381  0.229928686
         382 0.5588214118
         383 0.7135925348
         384 0.08792834459
         385  1.690875035
         386  1.974743435
         387  2.459963541
         388  1.944383452
         389  1.688192312
         390 0.9979514183
         391  0.883266753
         392 0.7143127593
         393 0.5971720066
         394  2.756216965
         395  1.011920948
         396  1.754163164
         397 0.4012187626
         398 0.04474709074
         399 0.1840435157
         400 0.8022270561
         401  0.889176334
         402  1.077818724
         403 0.8377868622
         404 0.6916389023
         405 0.4321253966
         406  0.181499761
         407  1.373444236
         408 0.5732119579
         409 0.8984632061
         410  1.567001351
         411 0.7088552058
         412 0.4074871427
         413 0.0848477677
         414 0.03659009943
         415 0.4440394185
         416  2.090562062
         417  1.781981667
         418 0.2400329765
         419 0.7593766514
         420 0.2433688745
         421 0.8255942243
         422  2.279336239
         423  4.411295938
         424  1.177091255
         425 0.2558197669
         426  1.049603494
         427  0.524647523
         428 0.3052236762
         429 0.08488159542
         430  0.219475983
         431 0.3860695956
         432 0.08108313109
         433 0.3838293043
         434 0.7858026588
         435 0.9634898032
         436 0.4508844002
         437 0.5465916857
         438 0.4974078299
         439 0.1135639174
         440   1.52002374
         441 0.0918755976
         442 0.6632773708
         443 0.2030290238
         444 0.3334777099
         445 0.1409276175
         446 0.5089157682
         447   3.25897128
         448 0.2023696811
         449 0.3154438145
         450  1.302230051
         451    1.0034629
         452 0.6831230366
         453 0.4604486498
         454 0.6200494272
         455 0.2099751711
         456 0.1423375031
         457 0.9167890983
         458 0.2790700918
         459 0.4440384361
         460  0.558325958
         461 0.4119123788
         462 0.3558345668
         463 0.5603802494
         464 0.3888611432
         465  6.517391864
         466  67.19474829
         467  6.541773718
         468 0.05735143137
         469  1.323250952
         470 0.3367408739
         471 0.2263318508
         472  0.495625397
         473 0.4187970116
         474 0.8020567562
         475   3.24080385
         476 0.3608188764
         477 0.5268115782
         478 0.1832783925
         479  2.032565753
         480 0.5169233407
         481 0.06053200131
         482 0.2516864441
         483 0.6069446213
         484 0.7345371214
         485 0.1631440597
         486 0.1673615288
         487  1.367119911
         488 0.6361779069
         489  1.238179371
         490 0.9222030462
         491 0.3301707511
         492  1.865382063
         493  2.243264103
         494  1.725851111
         495  1.027828982
         496 0.4953854129
         497    2.6800087
         498  84.41301938
         499  2.801602666
         500 0.1639241912
         501  1.273510271
         502  1.979764487
         503 0.1245246173
         504 0.4589463089
         505  1.260747107
         506 0.2842907169
         507 0.1353061556
         508 0.7464393335
         509 0.5953571945
         510 0.6050466482
         511  1.356420524
         512 0.9628236646
         513  0.610600049
         514  1.191724465
         515 0.5492523689
         516 0.3310924906
         517  0.796359365
         518 0.2394511625
         519 0.4216561206
         520  0.303928458
         521 0.07556903391
         522 0.6237776119
         523 0.1431614114
         524 0.1693309026
         525 0.08687774184
         526 0.1060670198
         527 0.6895409171
         528  0.155164674
         529  1.269310792
         530 0.4723018542
         531 0.2547368911
         532 0.4781125857
         533  2.074186089
         534  0.200181259
         535  1.792519136
         536 0.8815177731
         537 0.3868554019
         538 0.2154735061
         539 0.2959412094
         540  1.548775864
         541  0.520739381
         542 0.1921822985
         543 0.5395121772
         544 0.1389623385
         545 0.09622639917
         546  0.184689173
         547   1.57824096
         548 0.2953208072
         549  1.216734429
         550 0.2944897286
         551 0.1523936565
         552 0.1891980377
         553  1.309066332
         554 0.7372645541
         555 0.7338223496
         556  1.157662244
         557 0.6842479734
         558 0.2765163227
         559 0.1237792679
         560 0.2220573322
         561 0.4768558359
         562  1.166945469
         563 0.7346101172
         564  2.441707531
         565  1.237715909
         566  1.576049153
         567 0.5522919341
         568  0.341650238
         569 0.5591173611
         570 0.2000394372
         571 0.2136196202
         572 0.1523650516
         573 0.3763503238
         574    1.0019208
         575 0.4765342005
         576 0.6913206842
         577 0.3817063473
         578  1.531234984
         579  1.623292735
         580 0.3314496529
         581 0.8840170733
         582 0.7865472763
         583 0.7423243455
         584 0.01683020551
         585 0.2608472065
         586 0.4437521906
         587   1.96960115
         588  1.400336283
         589 0.1357411108
         590 0.1258744916
         591   1.77262536
         592 0.05185648445
         593 0.1785695165
         594 0.4923872067
         595  1.054214338
         596 0.3499772108
         597 0.5647005627
         598 0.6106656486
         599 0.7695995891
         600 0.2160666275
         601 0.3477259807
         602 0.09456501873
         603 0.07016716386
         604 0.1560296607
         605 0.2802186862
         606  7.862770405
         607  88.29051298
         608  8.918586121
         609 0.8200450201
         610 0.9736082257
         611 0.5392961726
         612 0.2572074642
         613 0.2235802749
         614 0.2626322278
         615 0.1766287711
         616  2.438206786
         617 0.7115921979
         618 0.6312301866
         619 0.2916255774
         620 0.1124635785
         621 0.8871178795
         622  2.832192331
         623  1.703217262
         624  0.195467084
         625 0.2007983551
         626 0.8052285628
         627 0.7254352355
         628  0.321794079
         629 0.1044269453
         630 0.08055693228
         631 0.01311117527
         632 0.4659038431
         633 0.06981465306
         634 0.2511651912
         635  1.190475114
         636  0.322113612
         637   0.13034784
         638 0.2498152624
         639 0.9402575597
         640  6.658312262
         641  72.70658822
         642  7.311862923
         643 0.5074282782
         644 0.2771437358
         645 0.0886099418
         646 0.2919088014
         647 0.4995127814
         648 0.8404798494
         649  1.385327957
         650 0.4212433768
         651  0.332703351
         652 0.4563040921
         653 0.5727901028
         654  0.105835211
         655  0.462960338
         656 0.2871841317
         657 0.3081949628
         658  1.470162077
         659  3.184078378
         660 0.4660476624
         661 0.3349908129
         662 0.1632108677
         663 0.4125515993
         664 0.5943917931
         665 0.4924673896
         666  1.007394862
         667  1.007907669
         668 0.3480818536
         669 0.6382006532
         670 0.6591215506
         671 0.8160804576
         672 0.4075205481
         673 0.2143413513
         674  1.603408237
         675 0.9028637895
         676 0.2191251292
         677 0.6282243348
         678   2.72165032
         679 0.1513092444
         680 0.7752887498
         681  0.946704595
         682  1.485312998
         683 0.9252226819
         684 0.9215607588
         685 0.2087909825
         686 0.2118027048
         687 0.2274875393
         688 0.3393330411
         689    2.8170908
         690  1.423709678
         691 0.6191198988
         692   0.12523351
         693 0.1419522035
         694 0.3735268842
         695  1.097693654
         696 0.7303754551
         697  1.165533105
         698 0.7101320545
         699  1.046019098
         700 0.2936044214
         701 0.6333756935
         702 0.8771284638
         703 0.5547525149
         704 0.2418448601
         705  0.276854756
         706 0.5126052629
         707 0.4215454746
         708 0.07735975197
         709 0.1725583184
         710 0.7737558097
         711 0.8950486724
         712 0.3609679344
         713 0.7870848976
         714 0.6237256618
         715  3.828406053
         716   89.3126478
         717  4.466670865
         718 0.07968124015
         719 0.06068323363
         720 0.1573523814
         721 0.8941154231
         722 0.2396414336
         723 0.9436313128
         724 0.6208170283
         725  1.598024954
         726 0.1929094463
         727  1.699243782
         728 0.2865424868
         729  1.115814288
         730  1.053513849
         731 0.1588015319
         732 0.2595072259
         733 0.9359108821
         734  1.019082278
         735  1.665241481
         736   1.03245467
         737 0.8755042734
         738   3.11096406
         739  1.430794046
         740  0.980563579
         741 0.3617394302
         742 0.6556325014
         743 0.4926815185
         744 0.6734824624
         745 0.4489235655
         746 0.4647424465
         747 0.3003022083
         748 0.03732012339
         749 0.07668606855
         750 0.2475129463
         751 0.4165993425
         752 0.1049008109
         753 0.2617356968
         754  1.060350671
         755   1.87218775
         756 0.3588700393
         757 0.2937646573
         758 0.1132016199
         759 0.2136569799
         760 0.9587518953
         761   1.06925972
         762  1.119420743
         763 0.5646837168
         764 0.1099528689
         765 0.05559091327
         766 0.9646996196
         767  1.613850589
         768  2.252405615
         769  2.350824469
         770  87.06676573
         771  4.581540523
         772 0.5988809227
         773  2.560990896
         774  1.578462735
         775  1.514885605
         776  1.302235773
         777 0.8619925878
         778 0.8345153518
         779 0.2121041234
         780  0.149780651
         781 0.5324233902
         782 0.9789746852
         783 0.9439932072
         784 0.2905717335
         785 0.2136818174
         786 0.2193035449
         787 0.4027611858
         788  1.552836467
         789 0.6224593406
         790 0.8052844046
         791 0.4458387885
         792  0.449810453
         793  0.418435718
         794 0.1470127212
         795 0.3510500131
         796  2.574357874
         797   1.78232923
         798 0.2283785363
         799  1.585229073
         800 0.9290230359
         801 0.9610632872
         802 0.1824475074
         803 0.4857788147
         804  0.914918301
         805 0.2950209043
         806 0.1665702415
         807  1.799270237
         808  2.178696122
         809 0.3261474566
         810  1.187780725
         811 0.0558886942
         812 0.1698660813
         813 0.1961644322
         814 0.1479167887
         815 0.9860621412
         816  1.156227685
         817  1.024546131
         818 0.1792157831
         819 0.2203727769
         820  2.412357454
         821  3.555611184
         822  3.331477145
         823  1.542263443
         824 0.2019176588
         825 0.3929924557
         826 0.5464705032
         827 0.3658098312
         828  2.026553461
         829  2.254963958
         830 0.5253608469
         831 0.3985738656
         832   1.28062564
         833  1.686553261
         834 0.1985366699
         835 0.4822718042
         836 0.2615166074
         837 0.3890627189
         838 0.3695041841
         839  1.684261108
         840  1.642009422
         841 0.3015781052
         842 0.2702450525
         843 0.09253159452
         844  1.043826527
         845 0.5554593046
         846 0.4788209374
         847  1.789415442
         848   1.84317824
         849   1.11396098
         850 0.1915465159
         851 0.1654517731
         852  1.624579114
         853 0.1794158001
         854 0.5442272168
         855 0.5280869729
         856 0.4392275044
         857 0.08173549772
         858 0.5759876202
         859  1.213039642
         860 0.4509649429
         861  1.133214073
         862 0.03074943983
         863 0.03857708255
         864 0.4227843779
         865  2.148638555
         866  102.3629224
         867   5.90698986
         868  1.378860815
         869 0.4434753228
         870 0.3518823243
         871 0.2802828995
         872  2.735883965
         873   2.66003801
         874 0.5589954924
         875 0.2884499506
         876 0.2819654143
         877   1.09004466
         878 0.4308559925
         879 0.3383360355
         880  1.930892134
         881 0.6748777982
         882 0.1073932267
         883 0.1407704628
         884  3.559172954
         885  3.673443273
         886  2.247489307
         887   1.61763791
         888  0.329126083
         889 0.8448725559
         890 0.2816439716
         891 0.2990226187
         892 0.1513133622
         893 0.1747462668
         894 0.8560995575
         895 0.8620467183
         896  1.779338212
         897  4.706035999
         898 0.2824507061
         899 0.1192870428
         900 0.5861266097
         901 0.8993627053
         902  1.735051428
         903 0.2857544785
         904 0.1083511802
         905 0.5698418541
         906 0.2226156453
         907  1.116295907
         908  1.083200047
         909 0.2317891292
         910  1.083841415
         911  3.672574673
         912  2.797056203
         913  0.422029205
         914   1.54763461
         915 0.1449730355
         916  1.314930552
         917 0.3916154228
         918 0.3287413492
         919 0.5491303493
         920  1.129480763
         921 0.4299050196
         922 0.4416672842
         923 0.04028321244
         924 0.4943756193
         925 0.4704338242
         926  0.594164981
         927 0.5336442161
         928 0.8330584154
         929 0.09543946738
         930 0.1804906289
         931  1.829218192
         932  2.943823703
         933  3.305710142
         934  1.729970851
         935  1.908981702
         936 0.4316720348
         937 0.1453827621
         938 0.3661052813
         939 0.9444801233
         940 0.6065655413
         941 0.4073270012
         942 0.5033727594
         943 0.4579171081
         944  2.170774935
         945 0.2140428792
         946  1.134750091
         947 0.3248279655
         948 0.6684565927
         949 0.4423471454
         950  2.188058048
         951  3.060533457
         952 0.7040659059
         953 0.3157817355
         954 0.6814274027
         955 0.2162024322
         956 0.2085269383
         957 0.4133188683
         958 0.2992594774
         959 0.5495904304
         960  1.116022872
         961  2.666413434
         962 0.9684085345
         963  2.267014361
         964  1.209658632
         965 0.8107068078
         966  1.294396672
         967  1.430154305
         968 0.9581006535
         969   0.10124778
         970  1.151958163
         971  8.608928892
         972  88.21434195
         973  12.97389695
         974  2.966548658
         975 0.1943401095
         976 0.5015053964
         977 0.3285345611
         978 0.5285770463
         979  1.599530485
         980 0.2748587976
         981 0.8969764833
         982 0.03003027947
         983 0.08408641486
         984 0.6982898742
         985 0.3459978472
         986 0.3039917303
         987 0.7055289033
         988 0.7909837579
         989 0.8331165943
         990  1.177174063
         991  1.966879358
         992  1.392699817
         993  2.137259837
         994  0.601629864
         995  1.620824472
         996 0.1062760394
         997  1.835862141
         998  1.735429404
         999   2.05240451
